0.6574699282646179      0.9898693561553955
0.6899649500846863      1.0384045839309692
0.660085916519165      1.2045894861221313
0.7156542539596558      1.1868901252746582
0.7008362412452698      1.6206986904144287
3.950726270675659       80.00871276855469
0.6875842213630676      1.2951380014419556
0.6343249678611755       1.147225022315979
0.7291786074638367      1.9322125911712646
0.6933358311653137      1.4320589303970337
6.288147449493408       402.4844665527344
0.6515989899635315      1.3533496856689453
