       0        0.000100     1697.833034       40.644672
       1        0.000100      123.499981        9.340466
       2        0.000100       51.700535        5.729331
       3        0.000100       34.926155        4.658745
       4        0.000100       22.381800        3.691115
       5        0.000100       13.806262        2.875512
       6        0.000100        8.325573        2.217266
       7        0.000100        5.086060        1.719423
       8        0.000100        3.293379        1.378086
       9        0.000100        2.278907        1.150531
      10        0.000100        1.661969        0.988063
      11        0.000100        1.275992        0.868579
      12        0.000100        1.031566        0.781961
      13        0.000100        0.869365        0.718151
      14        0.000100        0.754567        0.667802
      15        0.000100        0.668678        0.626904
      16        0.000100        0.602293        0.593643
      17        0.000100        0.549471        0.565471
      18        0.000100        0.506289        0.541650
      19        0.000100        0.469989        0.520903
      20        0.000100        0.439429        0.502770
      21        0.000100        0.412725        0.486579
      22        0.000100        0.390040        0.472043
      23        0.000100        0.371758        0.459043
      24        0.000100        0.354886        0.447815
      25        0.000100        0.340671        0.438242
      26        0.000100        0.328962        0.430185
      27        0.000100        0.318250        0.423196
      28        0.000100        0.309348        0.417049
      29        0.000100        0.302234        0.411708
      30        0.000100        0.295144        0.406913
      31        0.000100        0.289877        0.402719
      32        0.000100        0.284622        0.398928
      33        0.000100        0.279670        0.395475
      34        0.000100        0.276070        0.392497
      35        0.000100        0.272262        0.389728
      36        0.000100        0.269727        0.387289
      37        0.000100        0.266686        0.385074
      38        0.000100        0.264044        0.383011
      39        0.000100        0.261999        0.381336
      40        0.000100        0.260114        0.379662
      41        0.000100        0.258610        0.378212
      42        0.000100        0.256611        0.376702
      43        0.000100        0.255909        0.375617
      44        0.000100        0.254437        0.374360
      45        0.000100        0.253524        0.373295
      46        0.000100        0.252268        0.372190
      47        0.000100        0.251061        0.371240
      48        0.000100        0.250230        0.370262
      49        0.000100        0.249618        0.369385
      50        0.000100        0.248580        0.368507
      51        0.000100        0.247877        0.367713
      52        0.000100        0.247088        0.366903
      53        0.000100        0.246304        0.366127
      54        0.000100        0.245610        0.365449
      55        0.000100        0.245163        0.364723
      56        0.000100        0.244502        0.364070
      57        0.000100        0.243817        0.363352
      58        0.000100        0.243653        0.362714
      59        0.000100        0.242770        0.361958
      60        0.000100        0.242674        0.361430
      61        0.000100        0.242358        0.360835
      62        0.000100        0.241960        0.360250
      63        0.000100        0.241486        0.359681
      64        0.000100        0.240936        0.359092
      65        0.000100        0.240488        0.358529
      66        0.000100        0.240855        0.358061
      67        0.000100        0.240569        0.357563
      68        0.000100        0.240340        0.357038
      69        0.000100        0.240140        0.356533
      70        0.000100        0.240131        0.356056
      71        0.000100        0.240170        0.355594
      72        0.000100        0.240035        0.355159
      73        0.000100        0.240503        0.354778
      74        0.000100        0.240394        0.354319
      75        0.000100        0.240291        0.353887
      76        0.000100        0.241146        0.353545
      77        0.000100        0.241257        0.353137
      78        0.000100        0.241608        0.352738
      79        0.000100        0.241573        0.352306
      80        0.000100        0.241977        0.351940
      81        0.000100        0.242642        0.351579
      82        0.000100        0.242820        0.351220
      83        0.000100        0.243352        0.350814
      84        0.000100        0.244150        0.350509
      85        0.000100        0.244515        0.350100
      86        0.000100        0.244347        0.349657
      87        0.000100        0.245029        0.349364
      88        0.000100        0.245491        0.348971
      89        0.000100        0.245938        0.348703
      90        0.000100        0.245941        0.348312
      91        0.000100        0.246341        0.347993
      92        0.000100        0.247063        0.347697
      93        0.000100        0.247168        0.347279
      94        0.000100        0.246734        0.346894
      95        0.000100        0.247250        0.346607
      96        0.000100        0.247221        0.346268
      97        0.000100        0.247157        0.345904
      98        0.000100        0.246874        0.345533
      99        0.000100        0.246990        0.345135
     100        0.000100        0.247042        0.344839
     101        0.000100        0.247687        0.344568
     102        0.000100        0.247398        0.344273
     103        0.000100        0.247952        0.343958
     104        0.000100        0.248994        0.343685
     105        0.000100        0.248631        0.343300
     106        0.000100        0.248855        0.342998
     107        0.000100        0.249545        0.342733
     108        0.000100        0.249500        0.342380
     109        0.000100        0.250141        0.342096
     110        0.000100        0.250818        0.341787
     111        0.000100        0.251182        0.341470
     112        0.000100        0.251909        0.341212
     113        0.000100        0.252076        0.340845
     114        0.000100        0.252413        0.340448
     115        0.000100        0.251910        0.340048
     116        0.000100        0.252215        0.339655
     117        0.000100        0.251811        0.339259
     118        0.000100        0.251834        0.338792
     119        0.000100        0.252150        0.338392
     120        0.000100        0.251723        0.338022
     121        0.000100        0.251528        0.337592
     122        0.000100        0.250554        0.337255
     123        0.000100        0.249415        0.336863
     124        0.000100        0.249044        0.336502
     125        0.000100        0.249044        0.336205
     126        0.000100        0.248527        0.335806
     127        0.000100        0.248268        0.335456
     128        0.000100        0.248166        0.335181
     129        0.000100        0.248301        0.334765
     130        0.000100        0.248268        0.334445
     131        0.000100        0.248410        0.334182
     132        0.000100        0.248394        0.333952
     133        0.000100        0.248693        0.333792
     134        0.000100        0.249169        0.333442
     135        0.000100        0.249274        0.333129
     136        0.000100        0.249933        0.332943
     137        0.000100        0.250142        0.332703
     138        0.000100        0.250512        0.332530
     139        0.000100        0.250832        0.332303
     140        0.000100        0.250796        0.332000
     141        0.000100        0.251527        0.331979
     142        0.000100        0.251668        0.331692
     143        0.000100        0.251921        0.331526
     144        0.000100        0.252612        0.331440
     145        0.000100        0.252805        0.331208
     146        0.000100        0.253473        0.331137
     147        0.000100        0.253555        0.330806
     148        0.000100        0.254304        0.330863
     149        0.000100        0.254456        0.330537
     150        0.000100        0.254904        0.330396
     151        0.000100        0.255185        0.330209
     152        0.000100        0.255625        0.330142
     153        0.000100        0.255863        0.329896
     154        0.000100        0.256392        0.329791
     155        0.000100        0.257112        0.329778
     156        0.000100        0.257962        0.329509
     157        0.000100        0.258334        0.329369
     158        0.000100        0.258857        0.329219
     159        0.000100        0.259258        0.329164
     160        0.000100        0.259879        0.329037
     161        0.000100        0.260376        0.328924
     162        0.000100        0.261027        0.328801
     163        0.000100        0.261442        0.328651
     164        0.000100        0.262082        0.328673
     165        0.000100        0.262280        0.328445
     166        0.000100        0.262908        0.328333
     167        0.000100        0.263322        0.328173
     168        0.000100        0.264494        0.328150
     169        0.000100        0.265036        0.327928
     170        0.000100        0.266034        0.327938
     171        0.000100        0.266219        0.327792
     172        0.000100        0.266801        0.327709
     173        0.000100        0.267339        0.327562
     174        0.000100        0.267785        0.327460
     175        0.000100        0.268686        0.327395
     176        0.000100        0.268916        0.327283
     177        0.000100        0.268885        0.327100
     178        0.000100        0.269967        0.327078
     179        0.000100        0.271207        0.326926
     180        0.000100        0.271948        0.326819
     181        0.000100        0.272991        0.326884
     182        0.000100        0.273670        0.326710
     183        0.000100        0.274612        0.326715
     184        0.000100        0.275344        0.326563
     185        0.000100        0.276551        0.326458
     186        0.000100        0.277660        0.326424
     187        0.000100        0.278485        0.326300
     188        0.000100        0.279620        0.326324
     189        0.000100        0.280127        0.326238
     190        0.000100        0.281145        0.326102
     191        0.000100        0.282207        0.326129
     192        0.000100        0.283201        0.326015
     193        0.000100        0.284484        0.325960
     194        0.000100        0.285351        0.325923
     195        0.000100        0.286520        0.325863
     196        0.000100        0.287248        0.325731
     197        0.000100        0.288368        0.325636
     198        0.000100        0.289486        0.325617
     199        0.000100        0.290884        0.325500
     200        0.000100        0.292259        0.325544
     201        0.000100        0.292921        0.325357
     202        0.000100        0.294098        0.325337
     203        0.000100        0.295579        0.325296
     204        0.000100        0.296193        0.325227
     205        0.000100        0.297680        0.325098
     206        0.000100        0.299570        0.325110
     207        0.000100        0.300694        0.325021
     208        0.000100        0.302041        0.324989
     209        0.000100        0.303338        0.324964
     210        0.000100        0.304428        0.324815
     211        0.000100        0.305390        0.324674
     212        0.000100        0.307677        0.324760
     213        0.000100        0.308455        0.324724
     214        0.000100        0.309726        0.324569
     215        0.000100        0.311713        0.324437
     216        0.000100        0.313218        0.324456
     217        0.000100        0.314429        0.324335
     218        0.000100        0.315822        0.324418
     219        0.000100        0.316207        0.324191
     220        0.000100        0.317263        0.324221
     221        0.000100        0.317645        0.324128
     222        0.000100        0.317302        0.324044
     223        0.000100        0.317137        0.323966
     224        0.000100        0.316566        0.323878
     225        0.000100        0.316364        0.323798
     226        0.000100        0.316181        0.323720
     227        0.000100        0.316491        0.323708
     228        0.000100        0.315428        0.323662
     229        0.000100        0.314688        0.323514
     230        0.000100        0.314093        0.323484
     231        0.000100        0.313753        0.323385
     232        0.000100        0.313252        0.323429
     233        0.000100        0.312585        0.323275
     234        0.000100        0.311770        0.323285
     235        0.000100        0.311010        0.323169
     236        0.000100        0.310289        0.323132
     237        0.000100        0.309530        0.323045
     238        0.000100        0.309014        0.322940
     239        0.000100        0.307976        0.322704
     240        0.000100        0.307889        0.322762
     241        0.000100        0.306971        0.322606
     242        0.000100        0.306461        0.322550
     243        0.000100        0.305679        0.322416
     244        0.000100        0.305382        0.322276
     245        0.000100        0.305132        0.322282
     246        0.000100        0.304430        0.322214
     247        0.000100        0.304171        0.322173
     248        0.000100        0.303175        0.322160
     249        0.000100        0.302688        0.321990
     250        0.000100        0.302229        0.321940
     251        0.000100        0.301819        0.321813
     252        0.000100        0.301234        0.321841
     253        0.000100        0.300587        0.321729
     254        0.000100        0.299918        0.321729
     255        0.000100        0.299421        0.321478
     256        0.000100        0.298924        0.321522
     257        0.000100        0.298566        0.321411
     258        0.000100        0.297667        0.321398
     259        0.000100        0.297242        0.321301
     260        0.000100        0.296462        0.321190
     261        0.000100        0.295981        0.321023
     262        0.000100        0.295783        0.321075
     263        0.000100        0.295433        0.321003
     264        0.000100        0.294572        0.320989
     265        0.000100        0.293952        0.320786
     266        0.000100        0.293245        0.320830
     267        0.000100        0.293097        0.320665
     268        0.000100        0.292489        0.320572
     269        0.000100        0.292098        0.320506
     270        0.000100        0.291878        0.320572
     271        0.000100        0.291283        0.320558
     272        0.000100        0.290932        0.320538
     273        0.000100        0.290313        0.320313
     274        0.000100        0.290389        0.320290
     275        0.000100        0.290156        0.320198
     276        0.000100        0.289978        0.320142
     277        0.000100        0.289629        0.320184
     278        0.000100        0.289065        0.320073
     279        0.000100        0.288855        0.319954
     280        0.000100        0.288153        0.319921
     281        0.000100        0.288185        0.319815
     282        0.000100        0.288237        0.319853
     283        0.000100        0.288051        0.319797
     284        0.000100        0.287349        0.319692
     285        0.000100        0.287216        0.319716
     286        0.000100        0.286635        0.319584
     287        0.000100        0.286345        0.319413
     288        0.000100        0.286148        0.319520
     289        0.000100        0.285818        0.319424
     290        0.000100        0.285551        0.319340
     291        0.000100        0.285628        0.319301
     292        0.000100        0.285069        0.319404
     293        0.000100        0.284340        0.319118
     294        0.000100        0.284322        0.319139
     295        0.000100        0.284242        0.319197
     296        0.000100        0.283896        0.319022
     297        0.000100        0.283929        0.319052
     298        0.000100        0.283040        0.318953
     299        0.000100        0.282820        0.318839
     300        0.000100        0.282051        0.318770
     301        0.000100        0.282249        0.318806
     302        0.000100        0.281584        0.318745
     303        0.000100        0.281501        0.318730
     304        0.000100        0.280941        0.318543
     305        0.000100        0.280495        0.318624
     306        0.000100        0.279839        0.318555
     307        0.000100        0.279713        0.318463
     308        0.000100        0.279097        0.318396
     309        0.000100        0.279371        0.318488
     310        0.000100        0.278806        0.318302
     311        0.000100        0.278373        0.318304
     312        0.000100        0.277728        0.318185
     313        0.000100        0.277692        0.318205
     314        0.000100        0.277030        0.318174
     315        0.000100        0.277059        0.318080
     316        0.000100        0.276595        0.318072
     317        0.000100        0.276336        0.317994
     318        0.000100        0.276000        0.318005
     319        0.000100        0.275899        0.317997
     320        0.000100        0.275437        0.317973
     321        0.000100        0.275522        0.317846
     322        0.000100        0.275002        0.317789
     323        0.000100        0.274659        0.317729
     324        0.000100        0.274269        0.317777
     325        0.000100        0.274008        0.317763
     326        0.000100        0.273557        0.317706
     327        0.000100        0.273261        0.317597
     328        0.000100        0.273119        0.317585
     329        0.000100        0.272876        0.317548
     330        0.000100        0.272089        0.317555
     331        0.000100        0.271770        0.317537
     332        0.000100        0.271555        0.317570
     333        0.000100        0.271380        0.317390
     334        0.000100        0.271107        0.317386
     335        0.000100        0.270741        0.317303
     336        0.000100        0.270269        0.317356
     337        0.000100        0.270097        0.317379
     338        0.000100        0.269757        0.317263
     339        0.000100        0.269664        0.317264
     340        0.000100        0.269112        0.317226
     341        0.000100        0.268672        0.317102
     342        0.000100        0.268008        0.317196
     343        0.000100        0.267613        0.317266
     344        0.000100        0.267245        0.317026
     345        0.000100        0.267234        0.317124
     346        0.000100        0.266999        0.317017
     347        0.000100        0.266715        0.316985
     348        0.000100        0.266315        0.317058
     349        0.000100        0.265926        0.317058
     350        0.000100        0.265564        0.316883
     351        0.000100        0.265120        0.316878
     352        0.000100        0.264325        0.316729
     353        0.000100        0.264177        0.316698
     354        0.000100        0.263889        0.316694
     355        0.000100        0.263311        0.316897
     356        0.000100        0.262735        0.316774
     357        0.000100        0.262722        0.316644
     358        0.000100        0.262167        0.316532
     359        0.000100        0.261929        0.316578
     360        0.000100        0.261378        0.316608
     361        0.000100        0.261403        0.316826
     362        0.000100        0.260795        0.316628
     363        0.000100        0.260312        0.316624
     364        0.000100        0.259868        0.316449
     365        0.000100        0.259719        0.316496
     366        0.000100        0.259390        0.316627
     367        0.000100        0.259438        0.316612
     368        0.000100        0.258280        0.316534
     369        0.000100        0.258178        0.316340
     370        0.000100        0.257512        0.316406
     371        0.000100        0.257543        0.316462
     372        0.000100        0.257284        0.316385
     373        0.000100        0.257180        0.316315
     374        0.000100        0.256197        0.316327
     375        0.000100        0.256053        0.316359
     376        0.000100        0.255534        0.316193
     377        0.000100        0.255771        0.316277
     378        0.000100        0.254916        0.316266
     379        0.000100        0.254583        0.316243
     380        0.000100        0.254199        0.316197
     381        0.000100        0.253952        0.316139
     382        0.000100        0.253101        0.316167
     383        0.000100        0.253074        0.316147
     384        0.000100        0.252917        0.316021
     385        0.000100        0.252872        0.316083
     386        0.000100        0.252194        0.316159
     387        0.000100        0.252028        0.316098
     388        0.000100        0.251506        0.315992
     389        0.000100        0.251454        0.316081
     390        0.000100        0.250804        0.315973
     391        0.000100        0.250685        0.316020
     392        0.000100        0.249894        0.316086
     393        0.000100        0.249664        0.316095
     394        0.000100        0.249231        0.315815
     395        0.000100        0.249299        0.316122
     396        0.000100        0.248804        0.316001
     397        0.000100        0.248729        0.316010
     398        0.000100        0.248009        0.315903
     399        0.000100        0.247597        0.316023
     400        0.000100        0.246902        0.315709
     401        0.000100        0.247144        0.315948
     402        0.000100        0.246822        0.315835
     403        0.000100        0.246497        0.316002
     404        0.000100        0.245966        0.315802
     405        0.000100        0.245843        0.315842
     406        0.000100        0.244957        0.315803
     407        0.000100        0.244925        0.315803
     408        0.000100        0.244406        0.315867
     409        0.000100        0.244278        0.315720
     410        0.000100        0.243606        0.315789
     411        0.000100        0.243338        0.315843
     412        0.000100        0.242822        0.315668
     413        0.000100        0.242594        0.315728
     414        0.000100        0.242074        0.315607
     415        0.000100        0.242079        0.315755
     416        0.000100        0.241162        0.315594
     417        0.000100        0.241103        0.315713
     418        0.000100        0.240408        0.315533
     419        0.000100        0.240493        0.315525
     420        0.000100        0.240004        0.315595
     421        0.000100        0.239979        0.315503
     422        0.000100        0.238930        0.315403
     423        0.000100        0.239005        0.315396
     424        0.000100        0.238330        0.315440
     425        0.000100        0.238380        0.315455
     426        0.000100        0.237844        0.315341
     427        0.000100        0.237817        0.315476
     428        0.000100        0.237419        0.315397
     429        0.000100        0.237553        0.315426
     430        0.000100        0.236977        0.315342
     431        0.000100        0.236867        0.315371
     432        0.000100        0.236361        0.315461
     433        0.000100        0.236227        0.315432
     434        0.000100        0.235439        0.315285
     435        0.000100        0.235634        0.315319
     436        0.000100        0.234703        0.315216
     437        0.000100        0.234639        0.315413
     438        0.000100        0.234066        0.315267
     439        0.000100        0.234064        0.315352
     440        0.000100        0.233647        0.315294
     441        0.000100        0.233489        0.315283
     442        0.000100        0.232652        0.315254
     443        0.000100        0.232432        0.315403
     444        0.000100        0.231983        0.315192
     445        0.000100        0.231380        0.315220
     446        0.000100        0.230551        0.314988
     447        0.000100        0.231001        0.315181
     448        0.000100        0.230155        0.314983
     449        0.000100        0.230140        0.315200
     450        0.000100        0.229608        0.315275
     451        0.000100        0.229646        0.314921
     452        0.000100        0.229607        0.315234
     453        0.000100        0.229426        0.315109
     454        0.000100        0.228984        0.315108
     455        0.000100        0.228385        0.315084
     456        0.000100        0.228330        0.315174
     457        0.000100        0.227909        0.315233
     458        0.000100        0.227762        0.315081
     459        0.000100        0.227264        0.315095
     460        0.000100        0.227548        0.315149
     461        0.000100        0.226922        0.315145
     462        0.000100        0.226981        0.315139
     463        0.000100        0.226515        0.315193
     464        0.000100        0.226526        0.315185
     465        0.000100        0.225843        0.315045
     466        0.000100        0.225938        0.315115
     467        0.000100        0.225391        0.315066
     468        0.000100        0.225225        0.315186
     469        0.000100        0.225085        0.315051
     470        0.000100        0.224773        0.315020
     471        0.000100        0.224188        0.314947
     472        0.000100        0.224020        0.315037
     473        0.000100        0.223937        0.315026
     474        0.000100        0.223905        0.315068
     475        0.000100        0.223345        0.314970
     476        0.000100        0.223094        0.314835
     477        0.000100        0.222827        0.314865
     478        0.000100        0.222943        0.314903
     479        0.000100        0.222443        0.314872
     480        0.000100        0.222227        0.314840
     481        0.000100        0.222175        0.314882
     482        0.000100        0.222143        0.315023
     483        0.000100        0.221434        0.314614
     484        0.000100        0.221671        0.314800
     485        0.000100        0.221364        0.314762
     486        0.000100        0.221240        0.314804
     487        0.000100        0.221055        0.314791
     488        0.000100        0.220943        0.314784
     489        0.000100        0.220328        0.314772
     490        0.000100        0.220196        0.314640
     491        0.000100        0.219710        0.314654
     492        0.000100        0.219901        0.314717
     493        0.000100        0.219615        0.314792
     494        0.000100        0.219611        0.314712
     495        0.000100        0.218958        0.314678
     496        0.000100        0.219152        0.314565
     497        0.000100        0.218296        0.314608
     498        0.000100        0.218838        0.314644
     499        0.000100        0.218579        0.314586
     500        0.000100        0.218337        0.314714
     501        0.000100        0.217598        0.314409
     502        0.000100        0.217521        0.314385
     503        0.000100        0.217384        0.314463
     504        0.000100        0.217488        0.314668
     505        0.000100        0.217105        0.314440
     506        0.000100        0.216887        0.314557
     507        0.000100        0.216364        0.314587
     508        0.000100        0.216241        0.314442
     509        0.000100        0.215914        0.314371
     510        0.000100        0.216184        0.314524
     511        0.000100        0.215837        0.314351
     512        0.000100        0.215600        0.314265
     513        0.000100        0.215159        0.314391
     514        0.000100        0.215383        0.314504
     515        0.000100        0.214746        0.314307
     516        0.000100        0.214857        0.314186
     517        0.000100        0.214548        0.314235
     518        0.000100        0.214922        0.314284
     519        0.000100        0.214392        0.314273
     520        0.000100        0.214180        0.314268
     521        0.000100        0.213613        0.314096
     522        0.000100        0.213860        0.314177
     523        0.000100        0.213635        0.314226
     524        0.000100        0.213765        0.314304
     525        0.000100        0.213098        0.313934
     526        0.000100        0.213152        0.314180
     527        0.000100        0.212884        0.314108
     528        0.000100        0.212826        0.314106
     529        0.000100        0.212568        0.314179
     530        0.000100        0.212645        0.314097
     531        0.000100        0.212344        0.314033
     532        0.000100        0.212421        0.314120
     533        0.000100        0.211865        0.314025
     534        0.000100        0.211999        0.314027
     535        0.000100        0.211501        0.313937
     536        0.000100        0.211836        0.314062
     537        0.000100        0.211647        0.313965
     538        0.000100        0.211813        0.314116
     539        0.000100        0.211213        0.313880
     540        0.000100        0.211134        0.313901
     541        0.000100        0.210810        0.314034
     542        0.000100        0.210972        0.313908
     543        0.000100        0.210759        0.313965
     544        0.000100        0.210869        0.313768
     545        0.000100        0.210172        0.313797
     546        0.000100        0.210224        0.313868
     547        0.000100        0.209936        0.313820
     548        0.000100        0.210242        0.313817
     549        0.000100        0.210045        0.313847
     550        0.000100        0.210209        0.313870
     551        0.000100        0.209613        0.313738
     552        0.000100        0.209597        0.313780
     553        0.000100        0.209348        0.313663
     554        0.000100        0.209592        0.313838
     555        0.000100        0.209122        0.313643
     556        0.000100        0.209373        0.313866
     557        0.000100        0.209210        0.313780
     558        0.000100        0.208887        0.313640
     559        0.000100        0.208558        0.313582
     560        0.000100        0.208534        0.313594
     561        0.000100        0.208530        0.313578
     562        0.000100        0.208847        0.313730
     563        0.000100        0.208517        0.313609
     564        0.000100        0.208666        0.313724
     565        0.000100        0.207975        0.313532
     566        0.000100        0.208271        0.313619
     567        0.000100        0.208044        0.313578
     568        0.000100        0.208197        0.313523
     569        0.000100        0.207759        0.313439
     570        0.000100        0.207814        0.313450
     571        0.000100        0.207650        0.313542
     572        0.000100        0.207637        0.313403
     573        0.000100        0.207325        0.313422
     574        0.000100        0.207625        0.313578
     575        0.000100        0.207270        0.313521
     576        0.000100        0.207328        0.313584
     577        0.000100        0.207113        0.313524
     578        0.000100        0.207124        0.313333
     579        0.000100        0.206742        0.313449
     580        0.000100        0.206670        0.313242
     581        0.000100        0.206563        0.313426
     582        0.000100        0.207006        0.313411
     583        0.000100        0.206346        0.313250
     584        0.000100        0.206405        0.313331
     585        0.000100        0.206368        0.313204
     586        0.000100        0.206419        0.313284
     587        0.000100        0.206001        0.313197
     588        0.000100        0.206302        0.313151
     589        0.000100        0.206101        0.313379
     590        0.000100        0.206103        0.313209
     591        0.000100        0.205565        0.313175
     592        0.000100        0.205538        0.313161
     593        0.000100        0.205556        0.313206
     594        0.000100        0.205546        0.313169
     595        0.000100        0.205435        0.313130
     596        0.000100        0.205635        0.313171
     597        0.000100        0.205362        0.313166
     598        0.000100        0.205603        0.313165
     599        0.000100        0.204863        0.312991
     600        0.000100        0.205277        0.313327
     601        0.000100        0.204752        0.312959
     602        0.000100        0.205313        0.313119
     603        0.000100        0.204757        0.313036
     604        0.000100        0.204901        0.313133
     605        0.000100        0.204562        0.313041
     606        0.000100        0.204776        0.312913
     607        0.000100        0.204467        0.312930
     608        0.000100        0.204798        0.313097
     609        0.000100        0.204469        0.312969
     610        0.000100        0.204731        0.312944
     611        0.000100        0.204169        0.312850
     612        0.000100        0.204428        0.312946
     613        0.000100        0.203863        0.312770
     614        0.000100        0.204329        0.313050
     615        0.000100        0.204264        0.313003
     616        0.000100        0.204238        0.312945
     617        0.000100        0.204124        0.312999
     618        0.000100        0.203911        0.313015
     619        0.000100        0.203858        0.312908
     620        0.000100        0.203898        0.312933
     621        0.000100        0.203577        0.312788
     622        0.000100        0.203790        0.312821
     623        0.000100        0.203515        0.312875
     624        0.000100        0.203582        0.312818
     625        0.000100        0.203433        0.312787
     626        0.000100        0.203530        0.312842
     627        0.000100        0.203046        0.312816
     628        0.000100        0.203145        0.312838
     629        0.000100        0.203132        0.312847
     630        0.000100        0.203337        0.312980
     631        0.000100        0.202761        0.312709
     632        0.000100        0.203032        0.312881
     633        0.000100        0.202733        0.312663
     634        0.000100        0.202959        0.312831
     635        0.000100        0.202618        0.312753
     636        0.000100        0.202758        0.312646
     637        0.000100        0.202652        0.312739
     638        0.000100        0.202795        0.312862
     639        0.000100        0.202434        0.312805
     640        0.000100        0.202321        0.312604
     641        0.000100        0.202435        0.312704
     642        0.000100        0.202634        0.312818
     643        0.000100        0.202452        0.312540
     644        0.000100        0.202574        0.312717
     645        0.000100        0.202006        0.312476
     646        0.000100        0.202125        0.312546
     647        0.000100        0.201947        0.312519
     648        0.000100        0.202407        0.312598
     649        0.000100        0.202077        0.312710
     650        0.000100        0.202336        0.312540
     651        0.000100        0.201853        0.312574
     652        0.000100        0.202047        0.312477
     653        0.000100        0.201900        0.312572
     654        0.000100        0.202034        0.312411
     655        0.000100        0.201880        0.312574
     656        0.000100        0.202216        0.312571
     657        0.000100        0.202018        0.312656
     658        0.000100        0.202215        0.312761
     659        0.000100        0.201517        0.312410
     660        0.000100        0.201917        0.312498
     661        0.000100        0.201743        0.312465
     662        0.000100        0.201716        0.312485
     663        0.000100        0.201571        0.312513
     664        0.000100        0.201861        0.312367
     665        0.000100        0.201776        0.312486
     666        0.000100        0.201939        0.312726
     667        0.000100        0.201523        0.312430
     668        0.000100        0.201798        0.312326
     669        0.000100        0.201793        0.312400
     670        0.000100        0.201830        0.312496
     671        0.000100        0.201453        0.312333
     672        0.000100        0.201738        0.312275
     673        0.000100        0.201718        0.312359
     674        0.000100        0.201670        0.312197
     675        0.000100        0.201654        0.312429
     676        0.000100        0.201617        0.312217
     677        0.000100        0.201287        0.312239
     678        0.000100        0.201244        0.312063
     679        0.000100        0.201145        0.312161
     680        0.000100        0.201177        0.312120
     681        0.000100        0.201020        0.311946
     682        0.000100        0.201286        0.312327
     683        0.000100        0.201223        0.312174
     684        0.000100        0.201143        0.312077
     685        0.000100        0.201143        0.312174
     686        0.000100        0.201190        0.312043
     687        0.000100        0.201020        0.312156
     688        0.000100        0.200986        0.312014
     689        0.000100        0.201128        0.312024
     690        0.000100        0.201235        0.312009
     691        0.000100        0.201161        0.312251
     692        0.000100        0.201116        0.311985
     693        0.000100        0.200852        0.311915
     694        0.000100        0.201489        0.312395
     695        0.000100        0.201331        0.312196
     696        0.000100        0.201300        0.312051
     697        0.000100        0.201043        0.312070
     698        0.000100        0.201248        0.311977
     699        0.000100        0.201134        0.311943
     700        0.000100        0.201345        0.312226
     701        0.000100        0.201167        0.312089
     702        0.000100        0.201278        0.312022
     703        0.000100        0.201027        0.312060
     704        0.000100        0.201249        0.311965
     705        0.000100        0.201006        0.312096
     706        0.000100        0.201042        0.311967
     707        0.000100        0.201051        0.311999
     708        0.000100        0.201209        0.312172
     709        0.000100        0.201354        0.312164
     710        0.000100        0.201140        0.311937
     711        0.000100        0.200863        0.311869
     712        0.000100        0.201363        0.311986
     713        0.000100        0.201000        0.311966
     714        0.000100        0.201422        0.312142
     715        0.000100        0.201270        0.311975
     716        0.000100        0.201342        0.312051
     717        0.000100        0.201103        0.311847
     718        0.000100        0.201375        0.311992
     719        0.000100        0.201338        0.311988
     720        0.000100        0.201386        0.311988
     721        0.000100        0.201359        0.312022
     722        0.000100        0.201469        0.311893
     723        0.000100        0.201275        0.311867
     724        0.000100        0.201470        0.312183
     725        0.000100        0.201228        0.311905
     726        0.000100        0.201539        0.312027
     727        0.000100        0.201520        0.312054
     728        0.000100        0.201339        0.311864
     729        0.000100        0.201306        0.311849
     730        0.000100        0.201557        0.311989
     731        0.000100        0.201320        0.311868
     732        0.000100        0.201729        0.312101
     733        0.000100        0.201452        0.311999
     734        0.000100        0.201172        0.311773
     735        0.000100        0.201464        0.311947
     736        0.000100        0.201541        0.312003
     737        0.000100        0.201521        0.311949
     738        0.000100        0.201683        0.311876
     739        0.000100        0.201415        0.312195
     740        0.000100        0.201482        0.311820
     741        0.000100        0.201435        0.311968
     742        0.000100        0.201884        0.312010
     743        0.000100        0.201279        0.311905
     744        0.000100        0.201487        0.311874
     745        0.000100        0.201329        0.311784
     746        0.000100        0.201671        0.312148
     747        0.000100        0.201361        0.311768
     748        0.000100        0.201589        0.311961
     749        0.000100        0.201474        0.311873
     750        0.000100        0.201634        0.312008
     751        0.000100        0.201675        0.311896
     752        0.000100        0.201669        0.312016
     753        0.000100        0.201436        0.311803
     754        0.000100        0.201493        0.311883
     755        0.000100        0.201595        0.311993
     756        0.000100        0.201736        0.311912
     757        0.000100        0.201523        0.311756
     758        0.000100        0.201591        0.311850
     759        0.000100        0.201171        0.311694
     760        0.000100        0.201722        0.311967
     761        0.000100        0.201577        0.311832
     762        0.000100        0.201785        0.311855
     763        0.000100        0.201561        0.311841
     764        0.000100        0.201482        0.311835
     765        0.000100        0.201705        0.311916
     766        0.000100        0.201874        0.311943
     767        0.000100        0.201733        0.311753
     768        0.000100        0.201503        0.311746
     769        0.000100        0.201541        0.311860
     770        0.000100        0.201845        0.311937
     771        0.000100        0.201412        0.311652
     772        0.000100        0.201722        0.311792
     773        0.000100        0.201794        0.312066
     774        0.000100        0.202063        0.312009
     775        0.000100        0.201759        0.311836
     776        0.000100        0.201825        0.311704
     777        0.000100        0.201716        0.311910
     778        0.000100        0.201829        0.311701
     779        0.000100        0.201774        0.311798
     780        0.000100        0.202017        0.312003
     781        0.000100        0.201891        0.311950
     782        0.000100        0.201959        0.311892
     783        0.000100        0.201791        0.311777
     784        0.000100        0.201929        0.311746
     785        0.000100        0.201803        0.311775
     786        0.000100        0.201907        0.311785
     787        0.000100        0.201627        0.311711
     788        0.000100        0.201969        0.311802
     789        0.000100        0.201754        0.311782
     790        0.000100        0.202089        0.311732
     791        0.000100        0.201991        0.311710
     792        0.000100        0.201985        0.311789
     793        0.000100        0.202140        0.311756
     794        0.000100        0.201852        0.311640
     795        0.000100        0.202000        0.311894
     796        0.000100        0.202337        0.311930
     797        0.000100        0.202262        0.311980
     798        0.000100        0.202370        0.311925
     799        0.000100        0.202215        0.311777
     800        0.000100        0.202355        0.311767
     801        0.000100        0.201909        0.311734
     802        0.000100        0.202203        0.311840
     803        0.000100        0.202246        0.311911
     804        0.000100        0.202132        0.311735
     805        0.000100        0.202072        0.311728
     806        0.000100        0.202289        0.311927
     807        0.000100        0.202027        0.311614
     808        0.000100        0.202198        0.311793
     809        0.000100        0.202348        0.312032
     810        0.000100        0.202218        0.311796
     811        0.000100        0.202296        0.311825
     812        0.000100        0.202331        0.311735
     813        0.000100        0.202244        0.311798
     814        0.000100        0.202324        0.311862
     815        0.000100        0.202201        0.311696
     816        0.000100        0.202244        0.311658
     817        0.000100        0.202369        0.311821
     818        0.000100        0.202513        0.311739
     819        0.000100        0.202184        0.311617
     820        0.000100        0.202323        0.311742
     821        0.000100        0.202329        0.311858
     822        0.000100        0.202657        0.311899
     823        0.000100        0.202543        0.311796
     824        0.000100        0.202355        0.311772
     825        0.000100        0.202245        0.311609
     826        0.000100        0.202485        0.311655
     827        0.000100        0.202774        0.311808
     828        0.000100        0.202340        0.311821
     829        0.000100        0.202600        0.311929
     830        0.000100        0.202419        0.311656
     831        0.000100        0.202509        0.311687
     832        0.000100        0.202329        0.311633
     833        0.000100        0.202490        0.311707
     834        0.000100        0.202530        0.311810
     835        0.000100        0.202621        0.311770
     836        0.000100        0.202817        0.311802
     837        0.000100        0.202230        0.311587
     838        0.000100        0.202210        0.311510
     839        0.000100        0.202227        0.311515
     840        0.000100        0.202665        0.311840
     841        0.000100        0.202356        0.311631
     842        0.000100        0.202330        0.311649
     843        0.000100        0.202233        0.311523
     844        0.000100        0.202405        0.311684
     845        0.000100        0.202621        0.311715
     846        0.000100        0.202445        0.311607
     847        0.000100        0.202512        0.311558
     848        0.000100        0.202502        0.311615
     849        0.000100        0.202552        0.311725
     850        0.000100        0.202798        0.311810
     851        0.000100        0.202477        0.311699
     852        0.000100        0.202469        0.311517
     853        0.000100        0.202384        0.311553
     854        0.000100        0.202706        0.311603
     855        0.000100        0.202496        0.311829
     856        0.000100        0.202597        0.311599
     857        0.000100        0.202460        0.311514
     858        0.000100        0.203232        0.311755
     859        0.000100        0.202612        0.311570
     860        0.000100        0.202669        0.311561
     861        0.000100        0.202882        0.311751
     862        0.000100        0.202889        0.311746
     863        0.000100        0.202686        0.311584
     864        0.000100        0.202753        0.311578
     865        0.000100        0.202968        0.311731
     866        0.000100        0.202916        0.311596
     867        0.000100        0.202560        0.311568
     868        0.000100        0.202780        0.311715
     869        0.000100        0.202811        0.311698
     870        0.000100        0.203225        0.311816
     871        0.000100        0.203183        0.311868
     872        0.000100        0.202958        0.311466
     873        0.000100        0.202876        0.311775
     874        0.000100        0.203018        0.311541
     875        0.000100        0.202867        0.311599
     876        0.000100        0.203113        0.311694
     877        0.000100        0.202894        0.311717
     878        0.000100        0.202912        0.311520
     879        0.000100        0.202875        0.311543
     880        0.000100        0.203115        0.311537
     881        0.000100        0.203117        0.311860
     882        0.000100        0.203431        0.311695
     883        0.000100        0.202883        0.311665
     884        0.000100        0.203248        0.311587
     885        0.000100        0.203336        0.311786
     886        0.000100        0.203339        0.311498
     887        0.000100        0.202785        0.311682
     888        0.000100        0.203390        0.311772
     889        0.000100        0.203500        0.311702
     890        0.000100        0.203170        0.311562
     891        0.000100        0.203197        0.311701
     892        0.000100        0.203158        0.311467
     893        0.000100        0.203165        0.311764
     894        0.000100        0.203418        0.311569
     895        0.000100        0.203180        0.311639
     896        0.000100        0.203538        0.311708
     897        0.000100        0.203439        0.311623
     898        0.000100        0.203343        0.311701
     899        0.000100        0.203352        0.311608
     900        0.000100        0.203715        0.311610
     901        0.000100        0.203438        0.311676
     902        0.000100        0.203450        0.311665
     903        0.000100        0.203140        0.311621
     904        0.000100        0.203649        0.311489
     905        0.000100        0.203159        0.311461
     906        0.000100        0.203807        0.311712
     907        0.000100        0.203257        0.311508
     908        0.000100        0.203615        0.311553
     909        0.000100        0.203353        0.311481
     910        0.000100        0.203482        0.311636
     911        0.000100        0.203423        0.311541
     912        0.000100        0.203479        0.311488
     913        0.000100        0.203531        0.311561
     914        0.000100        0.203626        0.311521
     915        0.000100        0.203247        0.311345
     916        0.000100        0.203475        0.311558
     917        0.000100        0.203720        0.311618
     918        0.000100        0.203823        0.311423
     919        0.000100        0.203701        0.311591
     920        0.000100        0.203572        0.311403
     921        0.000100        0.203474        0.311279
     922        0.000100        0.203802        0.311559
     923        0.000100        0.203708        0.311558
     924        0.000100        0.203842        0.311607
     925        0.000100        0.203636        0.311544
     926        0.000100        0.203592        0.311242
     927        0.000100        0.203798        0.311379
     928        0.000100        0.203803        0.311502
     929        0.000100        0.203726        0.311482
     930        0.000100        0.203969        0.311347
     931        0.000100        0.203659        0.311475
     932        0.000100        0.203866        0.311285
     933        0.000100        0.203721        0.311372
     934        0.000100        0.203986        0.311385
     935        0.000100        0.204076        0.311565
     936        0.000100        0.204059        0.311472
     937        0.000100        0.203864        0.311422
     938        0.000100        0.204120        0.311558
     939        0.000100        0.204149        0.311499
     940        0.000100        0.204173        0.311396
     941        0.000100        0.204450        0.311536
     942        0.000100        0.204179        0.311373
     943        0.000100        0.204184        0.311486
     944        0.000100        0.204133        0.311322
     945        0.000100        0.204253        0.311498
     946        0.000100        0.204505        0.311491
     947        0.000100        0.204412        0.311488
     948        0.000100        0.204385        0.311453
     949        0.000100        0.204248        0.311439
     950        0.000100        0.204551        0.311405
     951        0.000100        0.204749        0.311677
     952        0.000100        0.204399        0.311150
     953        0.000100        0.204450        0.311558
     954        0.000100        0.204657        0.311406
     955        0.000100        0.204480        0.311340
     956        0.000100        0.204545        0.311392
     957        0.000100        0.204651        0.311461
     958        0.000100        0.204631        0.311363
     959        0.000100        0.204679        0.311471
     960        0.000100        0.204659        0.311408
     961        0.000100        0.204553        0.311328
     962        0.000100        0.205245        0.311377
     963        0.000100        0.204828        0.311461
     964        0.000100        0.204837        0.311332
     965        0.000100        0.204869        0.311447
     966        0.000100        0.205167        0.311487
     967        0.000100        0.204869        0.311547
     968        0.000100        0.204974        0.311443
     969        0.000100        0.204666        0.311273
     970        0.000100        0.205067        0.311418
     971        0.000100        0.204703        0.311421
     972        0.000100        0.204932        0.311309
     973        0.000100        0.204994        0.311499
     974        0.000100        0.205007        0.311503
     975        0.000100        0.204911        0.311375
     976        0.000100        0.205065        0.311251
     977        0.000100        0.205033        0.311454
     978        0.000100        0.205590        0.311567
     979        0.000100        0.204809        0.311183
     980        0.000100        0.205420        0.311474
     981        0.000100        0.205574        0.311383
     982        0.000100        0.205327        0.311404
     983        0.000100        0.204825        0.311235
     984        0.000100        0.205626        0.311347
     985        0.000100        0.206079        0.311588
     986        0.000100        0.205042        0.311345
     987        0.000100        0.205253        0.311342
     988        0.000100        0.205880        0.311332
     989        0.000100        0.206244        0.311503
     990        0.000100        0.205209        0.311385
     991        0.000100        0.205607        0.311383
     992        0.000100        0.205607        0.311236
     993        0.000100        0.206741        0.311796
     994        0.000100        0.204991        0.311079
     995        0.000100        0.206075        0.311503
     996        0.000100        0.205778        0.311097
     997        0.000100        0.206233        0.311536
     998        0.000100        0.205416        0.311120
     999        0.000100        0.205719        0.311410
    1000        0.000100        0.206110        0.311255
    1001        0.000100        0.206218        0.311514
    1002        0.000100        0.205971        0.311322
    1003        0.000100        0.205966        0.311340
    1004        0.000100        0.206092        0.311439
    1005        0.000100        0.206540        0.311436
    1006        0.000100        0.205678        0.311337
    1007        0.000100        0.205739        0.311266
    1008        0.000100        0.206153        0.311336
    1009        0.000100        0.206866        0.311720
    1010        0.000100        0.205763        0.311160
    1011        0.000100        0.205749        0.311243
    1012        0.000100        0.206245        0.311237
    1013        0.000100        0.206373        0.311502
    1014        0.000100        0.206154        0.311310
    1015        0.000100        0.206524        0.311624
    1016        0.000100        0.206319        0.311125
    1017        0.000100        0.206305        0.311400
    1018        0.000100        0.206356        0.311249
    1019        0.000100        0.206245        0.311478
    1020        0.000100        0.206596        0.311506
    1021        0.000100        0.206332        0.311410
    1022        0.000100        0.206527        0.311416
    1023        0.000100        0.206719        0.311449
    1024        0.000100        0.206868        0.311441
    1025        0.000100        0.206620        0.311537
    1026        0.000100        0.206613        0.311318
    1027        0.000100        0.207201        0.311491
    1028        0.000100        0.206225        0.311403
    1029        0.000100        0.206195        0.311273
    1030        0.000100        0.206797        0.311302
    1031        0.000100        0.207187        0.311710
    1032        0.000100        0.207022        0.311460
    1033        0.000100        0.206683        0.311402
    1034        0.000100        0.206956        0.311383
    1035        0.000100        0.207207        0.311536
    1036        0.000100        0.206994        0.311281
    1037        0.000100        0.206975        0.311388
    1038        0.000100        0.206893        0.311193
    1039        0.000100        0.207002        0.311502
    1040        0.000100        0.207281        0.311451
    1041        0.000100        0.207049        0.311371
    1042        0.000100        0.207537        0.311381
    1043        0.000100        0.207154        0.311453
    1044        0.000100        0.207701        0.311608
    1045        0.000100        0.207080        0.311273
    1046        0.000100        0.207333        0.311408
    1047        0.000100        0.207321        0.311423
    1048        0.000100        0.207654        0.311497
    1049        0.000100        0.207802        0.311575
    1050        0.000100        0.207155        0.311149
    1051        0.000100        0.207186        0.311107
    1052        0.000100        0.207953        0.311451
    1053        0.000100        0.207747        0.311411
    1054        0.000100        0.206775        0.311138
    1055        0.000100        0.208069        0.311369
    1056        0.000100        0.207810        0.311342
    1057        0.000100        0.207440        0.311464
    1058        0.000100        0.207462        0.311024
    1059        0.000100        0.207293        0.311075
    1060        0.000100        0.207856        0.311277
    1061        0.000100        0.207542        0.311357
    1062        0.000100        0.207614        0.311276
    1063        0.000100        0.207980        0.311274
    1064        0.000100        0.207559        0.311098
    1065        0.000100        0.207673        0.311199
    1066        0.000100        0.207797        0.311429
    1067        0.000100        0.207260        0.311072
    1068        0.000100        0.207900        0.311037
    1069        0.000100        0.207868        0.311246
    1070        0.000100        0.207961        0.311288
    1071        0.000100        0.207653        0.311130
    1072        0.000100        0.208138        0.311169
    1073        0.000100        0.207825        0.311170
    1074        0.000100        0.208816        0.311376
    1075        0.000100        0.207545        0.311106
    1076        0.000100        0.208075        0.311334
    1077        0.000100        0.208771        0.311250
    1078        0.000100        0.208007        0.311215
    1079        0.000100        0.207538        0.311123
    1080        0.000100        0.208755        0.311239
    1081        0.000100        0.208639        0.311520
    1082        0.000100        0.208065        0.311109
    1083        0.000100        0.208367        0.311276
    1084        0.000100        0.207874        0.310956
    1085        0.000100        0.208705        0.311356
    1086        0.000100        0.208027        0.310989
    1087        0.000100        0.208961        0.311579
    1088        0.000100        0.208139        0.311011
    1089        0.000100        0.209207        0.311497
    1090        0.000100        0.208185        0.311074
    1091        0.000100        0.209144        0.311432
    1092        0.000100        0.208247        0.311045
    1093        0.000100        0.208993        0.311253
    1094        0.000100        0.208099        0.310897
    1095        0.000100        0.209017        0.311403
    1096        0.000100        0.208364        0.311173
    1097        0.000100        0.208983        0.311152
    1098        0.000100        0.208492        0.311137
    1099        0.000100        0.209243        0.311316
    1100        0.000100        0.208287        0.310950
    1101        0.000100        0.209488        0.311396
    1102        0.000100        0.208348        0.310927
    1103        0.000100        0.209367        0.311322
    1104        0.000100        0.208771        0.311034
    1105        0.000100        0.209158        0.311122
    1106        0.000100        0.208435        0.310929
    1107        0.000100        0.209587        0.311458
    1108        0.000100        0.208694        0.310909
    1109        0.000100        0.209959        0.311427
    1110        0.000100        0.208703        0.310910
    1111        0.000100        0.209733        0.311288
    1112        0.000100        0.208959        0.310986
    1113        0.000100        0.209541        0.311248
    1114        0.000100        0.208872        0.311023
    1115        0.000100        0.209767        0.311477
    1116        0.000100        0.209261        0.311040
    1117        0.000100        0.209772        0.311438
    1118        0.000100        0.209160        0.310972
    1119        0.000100        0.209927        0.311270
    1120        0.000100        0.208963        0.310816
    1121        0.000100        0.210095        0.311390
    1122        0.000100        0.209290        0.310871
    1123        0.000100        0.210296        0.311379
    1124        0.000100        0.209038        0.310900
    1125        0.000100        0.209984        0.311236
    1126        0.000100        0.209564        0.310940
    1127        0.000100        0.210632        0.311336
    1128        0.000100        0.209346        0.310956
    1129        0.000100        0.210392        0.311208
    1130        0.000100        0.209735        0.310940
    1131        0.000100        0.210063        0.311069
    1132        0.000100        0.209327        0.310891
    1133        0.000100        0.210210        0.311139
    1134        0.000100        0.209770        0.311105
    1135        0.000100        0.210782        0.311425
    1136        0.000100        0.209254        0.310657
    1137        0.000100        0.210385        0.311175
    1138        0.000100        0.209832        0.311112
    1139        0.000100        0.210539        0.311165
    1140        0.000100        0.209758        0.310777
    1141        0.000100        0.211113        0.311224
    1142        0.000100        0.209919        0.310949
    1143        0.000100        0.210931        0.311304
    1144        0.000100        0.209790        0.310714
    1145        0.000100        0.210422        0.311188
    1146        0.000100        0.210058        0.310909
    1147        0.000100        0.210919        0.311165
    1148        0.000100        0.210155        0.310887
    1149        0.000100        0.210833        0.311098
    1150        0.000100        0.210117        0.310771
    1151        0.000100        0.211051        0.311164
    1152        0.000100        0.210125        0.310843
    1153        0.000100        0.211334        0.311271
    1154        0.000100        0.210379        0.310776
    1155        0.000100        0.211184        0.311131
    1156        0.000100        0.210199        0.310833
    1157        0.000100        0.211341        0.311047
    1158        0.000100        0.210479        0.310860
    1159        0.000100        0.211565        0.311228
    1160        0.000100        0.210251        0.310698
    1161        0.000100        0.211490        0.311007
    1162        0.000100        0.210447        0.310710
    1163        0.000100        0.211365        0.311125
    1164        0.000100        0.210811        0.310802
    1165        0.000100        0.211508        0.311090
    1166        0.000100        0.210919        0.310820
    1167        0.000100        0.211369        0.310999
    1168        0.000100        0.210886        0.310743
    1169        0.000100        0.211418        0.310871
    1170        0.000100        0.210839        0.310786
    1171        0.000100        0.211868        0.311071
    1172        0.000100        0.211047        0.310769
    1173        0.000100        0.211491        0.310991
    1174        0.000100        0.211311        0.310798
    1175        0.000100        0.211830        0.310990
    1176        0.000100        0.210772        0.310641
    1177        0.000100        0.212456        0.311234
    1178        0.000100        0.211055        0.310703
    1179        0.000100        0.212230        0.311077
    1180        0.000100        0.210899        0.310467
    1181        0.000100        0.212097        0.311033
    1182        0.000100        0.211164        0.310704
    1183        0.000100        0.212247        0.311108
    1184        0.000100        0.211319        0.310614
    1185        0.000100        0.212227        0.311044
    1186        0.000100        0.211465        0.310675
    1187        0.000100        0.212175        0.311000
    1188        0.000100        0.211402        0.310615
    1189        0.000100        0.212236        0.310892
    1190        0.000100        0.211666        0.310851
    1191        0.000100        0.212527        0.311061
    1192        0.000100        0.211872        0.310682
    1193        0.000100        0.212454        0.310870
    1194        0.000100        0.211692        0.310648
    1195        0.000100        0.212841        0.311082
    1196        0.000100        0.211484        0.310508
    1197        0.000100        0.212711        0.310930
    1198        0.000100        0.212202        0.310724
    1199        0.000100        0.212606        0.311039
    1200        0.000100        0.211897        0.310498
    1201        0.000100        0.212933        0.311186
    1202        0.000100        0.211440        0.310431
    1203        0.000100        0.212783        0.311022
    1204        0.000100        0.212118        0.310734
    1205        0.000100        0.212905        0.311096
    1206        0.000100        0.211783        0.310562
    1207        0.000100        0.212814        0.310947
    1208        0.000100        0.211835        0.310544
    1209        0.000100        0.212878        0.310917
    1210        0.000100        0.211963        0.310423
    1211        0.000100        0.212875        0.310950
    1212        0.000100        0.212435        0.310647
    1213        0.000100        0.212974        0.310986
    1214        0.000100        0.212148        0.310577
    1215        0.000100        0.213098        0.310904
    1216        0.000100        0.212401        0.310560
    1217        0.000100        0.213102        0.310846
    1218        0.000100        0.212673        0.310654
    1219        0.000100        0.213423        0.310944
    1220        0.000100        0.212197        0.310678
    1221        0.000100        0.213535        0.310940
    1222        0.000100        0.212422        0.310608
    1223        0.000100        0.213333        0.310834
    1224        0.000100        0.212789        0.310663
    1225        0.000100        0.213197        0.310811
    1226        0.000100        0.213015        0.310568
    1227        0.000100        0.213299        0.310703
    1228        0.000100        0.212784        0.310648
    1229        0.000100        0.213760        0.310821
    1230        0.000100        0.213012        0.310571
    1231        0.000100        0.214232        0.311052
    1232        0.000100        0.212577        0.310312
    1233        0.000100        0.213974        0.311077
    1234        0.000100        0.212989        0.310658
    1235        0.000100        0.213646        0.310858
    1236        0.000100        0.213235        0.310430
    1237        0.000100        0.214127        0.310919
    1238        0.000100        0.213404        0.310606
    1239        0.000100        0.213665        0.310657
    1240        0.000100        0.213438        0.310634
    1241        0.000100        0.214259        0.310883
    1242        0.000100        0.213818        0.310634
    1243        0.000100        0.214281        0.310867
    1244        0.000100        0.213540        0.310500
    1245        0.000100        0.214677        0.310834
    1246        0.000100        0.213417        0.310423
    1247        0.000100        0.214809        0.311081
    1248        0.000100        0.213667        0.310508
    1249        0.000100        0.214711        0.310893
    1250        0.000100        0.213854        0.310447
    1251        0.000100        0.214679        0.310731
    1252        0.000100        0.213767        0.310584
    1253        0.000100        0.214380        0.310860
    1254        0.000100        0.213973        0.310280
    1255        0.000100        0.215017        0.310975
    1256        0.000100        0.214087        0.310441
    1257        0.000100        0.214811        0.310839
    1258        0.000100        0.214018        0.310319
    1259        0.000100        0.214664        0.310714
    1260        0.000100        0.214081        0.310307
    1261        0.000100        0.215181        0.310870
    1262        0.000100        0.214279        0.310337
    1263        0.000100        0.215438        0.310936
    1264        0.000100        0.214230        0.310313
    1265        0.000100        0.215649        0.310973
    1266        0.000100        0.214600        0.310292
    1267        0.000100        0.214977        0.310795
    1268        0.000100        0.214228        0.310276
    1269        0.000100        0.215706        0.310817
    1270        0.000100        0.214385        0.310228
    1271        0.000100        0.215654        0.310786
    1272        0.000100        0.214704        0.310472
    1273        0.000100        0.215680        0.310706
    1274        0.000100        0.214436        0.310224
    1275        0.000100        0.215732        0.310671
    1276        0.000100        0.215302        0.310407
    1277        0.000100        0.215944        0.310789
    1278        0.000100        0.215062        0.310393
    1279        0.000100        0.215560        0.310722
    1280        0.000100        0.214860        0.310416
    1281        0.000100        0.215470        0.310666
    1282        0.000100        0.215050        0.310305
    1283        0.000100        0.216392        0.310699
    1284        0.000100        0.215006        0.310295
    1285        0.000100        0.216258        0.310807
    1286        0.000100        0.215172        0.310309
    1287        0.000100        0.215628        0.310472
    1288        0.000100        0.215169        0.310295
    1289        0.000100        0.216610        0.310909
    1290        0.000100        0.215845        0.310236
    1291        0.000100        0.216300        0.310702
    1292        0.000100        0.215181        0.310232
    1293        0.000100        0.216205        0.310706
    1294        0.000100        0.215524        0.310376
    1295        0.000100        0.216639        0.310859
    1296        0.000100        0.215853        0.310388
    1297        0.000100        0.216446        0.310616
    1298        0.000100        0.215745        0.310224
    1299        0.000100        0.216677        0.310612
    1300        0.000100        0.215547        0.310222
    1301        0.000100        0.216733        0.310835
    1302        0.000100        0.216188        0.310270
    1303        0.000100        0.216934        0.310587
    1304        0.000100        0.215944        0.310181
    1305        0.000100        0.217119        0.310699
    1306        0.000100        0.216177        0.310280
    1307        0.000100        0.216864        0.310337
    1308        0.000100        0.216618        0.310321
    1309        0.000100        0.217601        0.310770
    1310        0.000100        0.216578        0.310266
    1311        0.000100        0.216707        0.310441
    1312        0.000100        0.216032        0.310065
    1313        0.000100        0.217538        0.310640
    1314        0.000100        0.216528        0.310249
    1315        0.000100        0.217405        0.310563
    1316        0.000100        0.216245        0.309874
    1317        0.000100        0.217447        0.310542
    1318        0.000100        0.217059        0.310218
    1319        0.000100        0.217538        0.310538
    1320        0.000100        0.217360        0.310223
    1321        0.000100        0.217790        0.310504
    1322        0.000100        0.217127        0.310107
    1323        0.000100        0.217850        0.310395
    1324        0.000100        0.217050        0.310137
    1325        0.000100        0.218340        0.310630
    1326        0.000100        0.217051        0.310004
    1327        0.000100        0.218488        0.310557
    1328        0.000100        0.217233        0.309941
    1329        0.000100        0.218060        0.310487
    1330        0.000100        0.217553        0.310111
    1331        0.000100        0.218582        0.310487
    1332        0.000100        0.217241        0.309935
    1333        0.000100        0.218658        0.310501
    1334        0.000100        0.217552        0.310216
    1335        0.000100        0.218209        0.310507
    1336        0.000100        0.217659        0.310029
    1337        0.000100        0.218209        0.310346
    1338        0.000100        0.218323        0.310179
    1339        0.000100        0.218641        0.310371
    1340        0.000100        0.217807        0.310048
    1341        0.000100        0.218405        0.310124
    1342        0.000100        0.218157        0.310190
    1343        0.000100        0.218899        0.310378
    1344        0.000100        0.217957        0.309991
    1345        0.000100        0.219858        0.310447
    1346        0.000100        0.217870        0.309899
    1347        0.000100        0.219417        0.310247
    1348        0.000100        0.218514        0.310211
    1349        0.000100        0.218727        0.310139
    1350        0.000100        0.218780        0.310123
    1351        0.000100        0.219216        0.310165
    1352        0.000100        0.218845        0.310241
    1353        0.000100        0.218866        0.310024
    1354        0.000100        0.218684        0.310071
    1355        0.000100        0.219012        0.309969
    1356        0.000100        0.219622        0.310443
    1357        0.000100        0.219558        0.310201
    1358        0.000100        0.219542        0.310235
    1359        0.000100        0.219451        0.310137
    1360        0.000100        0.219491        0.310079
    1361        0.000100        0.219705        0.310251
    1362        0.000100        0.219854        0.310418
    1363        0.000100        0.220010        0.310184
    1364        0.000100        0.220193        0.310258
    1365        0.000100        0.219499        0.309990
    1366        0.000100        0.220098        0.310222
    1367        0.000100        0.219989        0.310142
    1368        0.000100        0.220304        0.310389
    1369        0.000100        0.220396        0.310181
    1370        0.000100        0.220222        0.310006
    1371        0.000100        0.220575        0.310034
    1372        0.000100        0.220349        0.310297
    1373        0.000100        0.219874        0.309967
    1374        0.000100        0.220820        0.310180
    1375        0.000100        0.220498        0.310041
    1376        0.000100        0.220994        0.310204
    1377        0.000100        0.220387        0.309918
    1378        0.000100        0.221376        0.310283
    1379        0.000100        0.220760        0.310086
    1380        0.000100        0.220597        0.309993
    1381        0.000100        0.220896        0.309987
    1382        0.000100        0.221032        0.310166
    1383        0.000100        0.221192        0.310057
    1384        0.000100        0.221200        0.310078
    1385        0.000100        0.221447        0.309893
    1386        0.000100        0.221078        0.310090
    1387        0.000100        0.220972        0.309870
    1388        0.000100        0.221700        0.310276
    1389        0.000100        0.221296        0.309872
    1390        0.000100        0.221749        0.310172
    1391        0.000100        0.221078        0.309573
    1392        0.000100        0.221906        0.310201
    1393        0.000100        0.221728        0.309920
    1394        0.000100        0.221874        0.310080
    1395        0.000100        0.221418        0.309664
    1396        0.000100        0.221604        0.309840
    1397        0.000100        0.221886        0.309914
    1398        0.000100        0.221743        0.310220
    1399        0.000100        0.221516        0.309675
    1400        0.000100        0.221669        0.310027
    1401        0.000100        0.221743        0.309957
    1402        0.000100        0.221842        0.309881
    1403        0.000100        0.221751        0.309754
    1404        0.000100        0.222332        0.310019
    1405        0.000100        0.221811        0.309779
    1406        0.000100        0.222178        0.310076
    1407        0.000100        0.221650        0.309492
    1408        0.000100        0.222581        0.309936
    1409        0.000100        0.222666        0.309958
    1410        0.000100        0.222293        0.309708
    1411        0.000100        0.222221        0.309573
    1412        0.000100        0.222440        0.309889
    1413        0.000100        0.222056        0.309898
    1414        0.000100        0.222346        0.309790
    1415        0.000100        0.222213        0.309592
    1416        0.000100        0.223079        0.310019
    1417        0.000100        0.222507        0.309600
    1418        0.000100        0.223167        0.310071
    1419        0.000100        0.222424        0.309572
    1420        0.000100        0.223048        0.310026
    1421        0.000100        0.222061        0.309359
    1422        0.000100        0.223199        0.309919
    1423        0.000100        0.222645        0.309472
    1424        0.000100        0.223662        0.309954
    1425        0.000100        0.223012        0.309618
    1426        0.000100        0.223600        0.309964
    1427        0.000100        0.223040        0.309508
    1428        0.000100        0.223347        0.309708
    1429        0.000100        0.222958        0.309452
    1430        0.000100        0.223539        0.309795
    1431        0.000100        0.223395        0.309527
    1432        0.000100        0.223349        0.309798
    1433        0.000100        0.223078        0.309280
    1434        0.000100        0.223735        0.309743
    1435        0.000100        0.223400        0.309594
    1436        0.000100        0.224098        0.309850
    1437        0.000100        0.223316        0.309203
    1438        0.000100        0.224327        0.309754
    1439        0.000100        0.223295        0.309294
    1440        0.000100        0.223482        0.309740
    1441        0.000100        0.223534        0.309318
    1442        0.000100        0.224413        0.309645
    1443        0.000100        0.223720        0.309167
    1444        0.000100        0.224264        0.309551
    1445        0.000100        0.223839        0.309450
    1446        0.000100        0.224399        0.309645
    1447        0.000100        0.223794        0.309474
    1448        0.000100        0.224359        0.309474
    1449        0.000100        0.224652        0.309416
    1450        0.000100        0.224192        0.309381
    1451        0.000100        0.224181        0.309429
    1452        0.000100        0.224291        0.309541
    1453        0.000100        0.224236        0.309316
    1454        0.000100        0.224753        0.309521
    1455        0.000100        0.224529        0.309376
    1456        0.000100        0.224762        0.309340
    1457        0.000100        0.224107        0.309181
    1458        0.000100        0.225097        0.309457
    1459        0.000100        0.224585        0.309389
    1460        0.000100        0.224821        0.309561
    1461        0.000100        0.224401        0.309174
    1462        0.000100        0.224975        0.309554
    1463        0.000100        0.224420        0.309034
    1464        0.000100        0.225162        0.309501
    1465        0.000100        0.224173        0.309086
    1466        0.000100        0.225011        0.309403
    1467        0.000100        0.224782        0.309202
    1468        0.000100        0.225137        0.309411
    1469        0.000100        0.224903        0.308920
    1470        0.000100        0.225311        0.309529
    1471        0.000100        0.225157        0.309238
    1472        0.000100        0.225163        0.309323
    1473        0.000100        0.224775        0.309143
    1474        0.000100        0.225466        0.309439
    1475        0.000100        0.224816        0.308915
    1476        0.000100        0.226019        0.309393
    1477        0.000100        0.225184        0.309233
    1478        0.000100        0.225726        0.309347
    1479        0.000100        0.225470        0.309024
    1480        0.000100        0.225780        0.309393
    1481        0.000100        0.225208        0.308982
    1482        0.000100        0.225825        0.309390
    1483        0.000100        0.226172        0.309116
    1484        0.000100        0.225821        0.309175
    1485        0.000100        0.225590        0.309049
    1486        0.000100        0.226040        0.309309
    1487        0.000100        0.225380        0.308833
    1488        0.000100        0.226018        0.309230
    1489        0.000100        0.225770        0.309084
    1490        0.000100        0.226383        0.309405
    1491        0.000100        0.226022        0.308977
    1492        0.000100        0.225693        0.308824
    1493        0.000100        0.225980        0.308835
    1494        0.000100        0.226229        0.309220
    1495        0.000100        0.226390        0.309008
    1496        0.000100        0.226521        0.309222
    1497        0.000100        0.225909        0.308660
    1498        0.000100        0.226409        0.309201
    1499        0.000100        0.225736        0.308909
    1500        0.000100        0.226429        0.309091
    1501        0.000100        0.226369        0.308974
    1502        0.000100        0.226660        0.309157
    1503        0.000100        0.225867        0.308670
    1504        0.000100        0.226543        0.308890
    1505        0.000100        0.226041        0.308682
    1506        0.000100        0.226908        0.309140
    1507        0.000100        0.226342        0.308694
    1508        0.000100        0.226704        0.308858
    1509        0.000100        0.227264        0.308866
    1510        0.000100        0.226773        0.309054
    1511        0.000100        0.226273        0.308570
    1512        0.000100        0.226562        0.308992
    1513        0.000100        0.226440        0.308783
    1514        0.000100        0.227017        0.309015
    1515        0.000100        0.226260        0.308410
    1516        0.000100        0.226744        0.308863
    1517        0.000100        0.226256        0.308470
    1518        0.000100        0.226857        0.308824
    1519        0.000100        0.226293        0.308640
    1520        0.000100        0.226751        0.308817
    1521        0.000100        0.226756        0.308468
    1522        0.000100        0.226777        0.308629
    1523        0.000100        0.226391        0.308267
    1524        0.000100        0.226710        0.308694
    1525        0.000100        0.226502        0.308549
    1526        0.000100        0.226582        0.308572
    1527        0.000100        0.226933        0.308508
    1528        0.000100        0.227466        0.308738
    1529        0.000100        0.226639        0.308273
    1530        0.000100        0.227398        0.308581
    1531        0.000100        0.226712        0.308389
    1532        0.000100        0.226670        0.308633
    1533        0.000100        0.226694        0.308414
    1534        0.000100        0.227181        0.308475
    1535        0.000100        0.226575        0.308256
    1536        0.000100        0.226799        0.308648
    1537        0.000100        0.227075        0.308453
    1538        0.000100        0.226772        0.308416
    1539        0.000100        0.226836        0.308294
    1540        0.000100        0.227581        0.308722
    1541        0.000100        0.226854        0.308256
    1542        0.000100        0.227302        0.308387
    1543        0.000100        0.227587        0.308579
    1544        0.000100        0.227591        0.308334
    1545        0.000100        0.226336        0.308564
    1546        0.000100        0.227449        0.308423
    1547        0.000100        0.227676        0.308405
    1548        0.000100        0.227277        0.308181
    1549        0.000100        0.227474        0.308731
    1550        0.000100        0.227145        0.308157
    1551        0.000100        0.227509        0.308482
    1552        0.000100        0.226782        0.308074
    1553        0.000100        0.227842        0.308557
    1554        0.000100        0.227056        0.308126
    1555        0.000100        0.228061        0.308599
    1556        0.000100        0.226982        0.307987
    1557        0.000100        0.228348        0.308581
    1558        0.000100        0.227472        0.307916
    1559        0.000100        0.228792        0.308780
    1560        0.000100        0.227095        0.307818
    1561        0.000100        0.228500        0.308629
    1562        0.000100        0.227789        0.307941
    1563        0.000100        0.228866        0.308583
    1564        0.000100        0.227096        0.308047
    1565        0.000100        0.228360        0.308439
    1566        0.000100        0.227335        0.307876
    1567        0.000100        0.229170        0.308632
    1568        0.000100        0.228012        0.308016
    1569        0.000100        0.228783        0.308287
    1570        0.000100        0.227994        0.307926
    1571        0.000100        0.228562        0.308309
    1572        0.000100        0.227389        0.307868
    1573        0.000100        0.228858        0.308482
    1574        0.000100        0.227914        0.307746
    1575        0.000100        0.229467        0.308570
    1576        0.000100        0.227787        0.307942
    1577        0.000100        0.228771        0.308157
    1578        0.000100        0.227950        0.307691
    1579        0.000100        0.229005        0.308530
    1580        0.000100        0.227981        0.307722
    1581        0.000100        0.228984        0.308278
    1582        0.000100        0.228199        0.307761
    1583        0.000100        0.228629        0.307979
    1584        0.000100        0.228016        0.307738
    1585        0.000100        0.229075        0.308310
    1586        0.000100        0.228061        0.307663
    1587        0.000100        0.229289        0.308086
    1588        0.000100        0.228350        0.307740
    1589        0.000100        0.229609        0.308250
    1590        0.000100        0.228310        0.307673
    1591        0.000100        0.229343        0.308218
    1592        0.000100        0.228315        0.307598
    1593        0.000100        0.229604        0.308243
    1594        0.000100        0.228442        0.307560
    1595        0.000100        0.229704        0.308059
    1596        0.000100        0.228490        0.307545
    1597        0.000100        0.229449        0.308209
    1598        0.000100        0.228624        0.307567
    1599        0.000100        0.229335        0.307950
    1600        0.000100        0.228488        0.307429
    1601        0.000100        0.229977        0.308055
    1602        0.000100        0.228909        0.307462
    1603        0.000100        0.230583        0.308109
    1604        0.000100        0.229283        0.307528
    1605        0.000100        0.230262        0.308072
    1606        0.000100        0.228695        0.307492
    1607        0.000100        0.230134        0.308001
    1608        0.000100        0.229233        0.307416
    1609        0.000100        0.230311        0.308034
    1610        0.000100        0.229322        0.307443
    1611        0.000100        0.229824        0.307816
    1612        0.000100        0.228796        0.307348
    1613        0.000100        0.230068        0.307979
    1614        0.000100        0.229344        0.307303
    1615        0.000100        0.230005        0.307874
    1616        0.000100        0.228974        0.307235
    1617        0.000100        0.230038        0.307832
    1618        0.000100        0.229193        0.307175
    1619        0.000100        0.230235        0.307835
    1620        0.000100        0.229157        0.307423
    1621        0.000100        0.230699        0.307785
    1622        0.000100        0.229303        0.307267
    1623        0.000100        0.231010        0.307908
    1624        0.000100        0.229382        0.307235
    1625        0.000100        0.230462        0.307745
    1626        0.000100        0.229303        0.307108
    1627        0.000100        0.230653        0.307934
    1628        0.000100        0.229542        0.307031
    1629        0.000100        0.230931        0.307828
    1630        0.000100        0.230018        0.307236
    1631        0.000100        0.230809        0.307659
    1632        0.000100        0.229797        0.307063
    1633        0.000100        0.230878        0.307648
    1634        0.000100        0.230111        0.306993
    1635        0.000100        0.231470        0.307742
    1636        0.000100        0.230073        0.307127
    1637        0.000100        0.231190        0.307543
    1638        0.000100        0.230066        0.307004
    1639        0.000100        0.231119        0.307730
    1640        0.000100        0.230576        0.307205
    1641        0.000100        0.231289        0.307608
    1642        0.000100        0.230650        0.307191
    1643        0.000100        0.231588        0.307576
    1644        0.000100        0.230552        0.307188
    1645        0.000100        0.231562        0.307576
    1646        0.000100        0.230806        0.307202
    1647        0.000100        0.231612        0.307436
    1648        0.000100        0.231061        0.306886
    1649        0.000100        0.231974        0.307474
    1650        0.000100        0.231317        0.307135
    1651        0.000100        0.231735        0.307382
    1652        0.000100        0.231220        0.307110
    1653        0.000100        0.232213        0.307533
    1654        0.000100        0.231522        0.306785
    1655        0.000100        0.232689        0.307545
    1656        0.000100        0.231289        0.306858
    1657        0.000100        0.232698        0.307520
    1658        0.000100        0.231369        0.306760
    1659        0.000100        0.232487        0.307491
    1660        0.000100        0.231115        0.306839
    1661        0.000100        0.232700        0.307371
    1662        0.000100        0.231672        0.306725
    1663        0.000100        0.233061        0.307424
    1664        0.000100        0.231754        0.306825
    1665        0.000100        0.233035        0.307239
    1666        0.000100        0.231683        0.306740
    1667        0.000100        0.233043        0.307251
    1668        0.000100        0.232203        0.306746
    1669        0.000100        0.233246        0.307303
    1670        0.000100        0.232111        0.306726
    1671        0.000100        0.233580        0.307355
    1672        0.000100        0.232130        0.306657
    1673        0.000100        0.233140        0.307068
    1674        0.000100        0.232084        0.306466
    1675        0.000100        0.233215        0.307253
    1676        0.000100        0.232358        0.306738
    1677        0.000100        0.233421        0.307066
