       0        0.000100     4172.896317       64.174850
       1        0.000100     4112.862267       63.702953
       2        0.000100     4030.044350       63.050583
       3        0.000100     3938.964835       62.326397
       4        0.000100     3842.607673       61.551701
       5        0.000100     3737.318957       60.694408
       6        0.000100     3621.889556       59.740452
       7        0.000100     3495.931343       58.681664
       8        0.000100     3359.524571       57.512882
       9        0.000100     3213.131946       56.231239
      10        0.000100     3057.553641       54.836071
      11        0.000100     2893.876313       53.328445
      12        0.000100     2723.409984       51.711033
      13        0.000100     2547.644951       49.987930
      14        0.000100     2368.204618       48.164536
      15        0.000100     2186.809394       46.247322
      16        0.000100     2005.237718       44.244118
      17        0.000100     1825.291312       42.163761
      18        0.000100     1648.752370       40.016422
      19        0.000100     1477.344218       37.813347
      20        0.000100     1312.690531       35.566917
      21        0.000100     1156.273240       33.290577
      22        0.000100     1009.393299       30.998861
      23        0.000100      873.135833       28.708275
      24        0.000100      748.336951       26.433531
      25        0.000100      635.561620       24.194149
      26        0.000100      535.086672       22.008154
      27        0.000100      446.897706       19.897806
      28        0.000100      370.698488       17.888201
      29        0.000100      305.932157       16.005014
      30        0.000100      251.814981       14.277984
      31        0.000100      207.384372       12.734667
      32        0.000100      171.551477       11.393013
      33        0.000100      143.162916       10.248243
      34        0.000100      121.056491        9.300571
      35        0.000100      104.115957        8.527352
      36        0.000100       91.312489        7.905698
      37        0.000100       81.736428        7.415810
      38        0.000100       74.612594        7.037076
      39        0.000100       69.304556        6.746631
      40        0.000100       65.307628        6.519194
      41        0.000100       62.235101        6.337581
      42        0.000100       59.799397        6.189496
      43        0.000100       57.793629        6.066467
      44        0.000100       56.073051        5.961787
      45        0.000100       54.539031        5.869390
      46        0.000100       53.126328        5.784593
      47        0.000100       51.792630        5.704284
      48        0.000100       50.511381        5.626695
      49        0.000100       49.266145        5.551260
      50        0.000100       48.047079        5.477414
      51        0.000100       46.848536        5.404520
      52        0.000100       45.667344        5.332170
      53        0.000100       44.501783        5.260218
      54        0.000100       43.351153        5.188604
      55        0.000100       42.215178        5.117120
      56        0.000100       41.093952        5.045847
      57        0.000100       39.987717        4.974705
      58        0.000100       38.896808        4.903695
      59        0.000100       37.821658        4.832646
      60        0.000100       36.762648        4.761599
      61        0.000100       35.720161        4.690778
      62        0.000100       34.694650        4.620088
      63        0.000100       33.686452        4.549654
      64        0.000100       32.695992        4.479514
      65        0.000100       31.723560        4.409740
      66        0.000100       30.769460        4.340318
      67        0.000100       29.834007        4.271255
      68        0.000100       28.917404        4.202526
      69        0.000100       28.019858        4.134128
      70        0.000100       27.141598        4.066200
      71        0.000100       26.282697        3.998740
      72        0.000100       25.443322        3.931873
      73        0.000100       24.623502        3.865488
      74        0.000100       23.823317        3.799569
      75        0.000100       23.042766        3.734209
      76        0.000100       22.281818        3.669326
      77        0.000100       21.540436        3.604964
      78        0.000100       20.818548        3.541179
      79        0.000100       20.116023        3.478162
      80        0.000100       19.432720        3.415751
      81        0.000100       18.768518        3.354191
      82        0.000100       18.123206        3.293530
      83        0.000100       17.496577        3.233680
      84        0.000100       16.888410        3.174685
      85        0.000100       16.298453        3.116356
      86        0.000100       15.726438        3.058990
      87        0.000100       15.172103        3.002542
      88        0.000100       14.635129        2.946827
      89        0.000100       14.115220        2.892041
      90        0.000100       13.612065        2.837825
      91        0.000100       13.125341        2.784361
      92        0.000100       12.654720        2.731670
      93        0.000100       12.199811        2.679733
      94        0.000100       11.759683        2.628679
      95        0.000100       11.334559        2.578473
      96        0.000100       10.923533        2.529203
      97        0.000100       10.525188        2.480677
      98        0.000100       10.140271        2.432753
      99        0.000100        9.762392        2.385091
     100        0.000100        9.281108        2.326102
     101        0.000100        8.321911        2.206328
     102        0.000100        7.781354        2.121846
     103        0.000100        7.348596        2.054873
     104        0.000100        6.967255        1.995972
     105        0.000100        6.621381        1.941956
     106        0.000100        6.304045        1.891623
     107        0.000100        6.010635        1.843961
     108        0.000100        5.738452        1.798845
     109        0.000100        5.485239        1.756103
     110        0.000100        5.249323        1.715773
     111        0.000100        5.029073        1.677361
     112        0.000100        4.823082        1.640634
     113        0.000100        4.630280        1.605671
     114        0.000100        4.449604        1.572368
     115        0.000100        4.279903        1.540519
     116        0.000100        4.120527        1.510174
     117        0.000100        3.970607        1.481279
     118        0.000100        3.829434        1.453700
     119        0.000100        3.696417        1.427369
     120        0.000100        3.570883        1.402190
     121        0.000100        3.452330        1.378038
     122        0.000100        3.340218        1.354823
     123        0.000100        3.234008        1.332449
     124        0.000100        3.133337        1.310998
     125        0.000100        3.037771        1.290422
     126        0.000100        2.946949        1.270703
     127        0.000100        2.860563        1.251822
     128        0.000100        2.778311        1.233560
     129        0.000100        2.699870        1.215850
     130        0.000100        2.625037        1.198732
     131        0.000100        2.553612        1.182226
     132        0.000100        2.485291        1.166283
     133        0.000100        2.419911        1.150889
     134        0.000100        2.357302        1.135951
     135        0.000100        2.297303        1.121368
     136        0.000100        2.239777        1.107233
     137        0.000100        2.184565        1.093577
     138        0.000100        2.131561        1.080358
     139        0.000100        2.080631        1.067507
     140        0.000100        2.031674        1.055030
     141        0.000100        1.984580        1.042907
     142        0.000100        1.939266        1.031089
     143        0.000100        1.895643        1.019573
     144        0.000100        1.853664        1.008347
     145        0.000100        1.813223        0.997383
     146        0.000100        1.774270        0.986630
     147        0.000100        1.736740        0.976111
     148        0.000100        1.700577        0.965787
     149        0.000100        1.665716        0.955706
     150        0.000100        1.632130        0.945884
     151        0.000100        1.599690        0.936266
     152        0.000100        1.568395        0.926881
     153        0.000100        1.538203        0.917695
     154        0.000100        1.509082        0.908709
     155        0.000100        1.480986        0.899955
     156        0.000100        1.453882        0.891428
     157        0.000100        1.427731        0.883076
     158        0.000100        1.402490        0.874928
     159        0.000100        1.378128        0.866991
     160        0.000100        1.354601        0.859225
     161        0.000100        1.331880        0.851696
     162        0.000100        1.309946        0.844343
     163        0.000100        1.288764        0.837165
     164        0.000100        1.268310        0.830180
     165        0.000100        1.248556        0.823360
     166        0.000100        1.229471        0.816745
     167        0.000100        1.211027        0.810294
     168        0.000100        1.193196        0.804009
     169        0.000100        1.175970        0.797838
     170        0.000100        1.159317        0.791811
     171        0.000100        1.143195        0.785935
     172        0.000100        1.127593        0.780225
     173        0.000100        1.112539        0.774680
     174        0.000100        1.097935        0.769261
     175        0.000100        1.083767        0.763954
     176        0.000100        1.070032        0.758744
     177        0.000100        1.056680        0.753632
     178        0.000100        1.043734        0.748631
     179        0.000100        1.031156        0.743756
     180        0.000100        1.018947        0.739021
     181        0.000100        1.007091        0.734397
     182        0.000100        0.995574        0.729890
     183        0.000100        0.984382        0.725510
     184        0.000100        0.973502        0.721239
     185        0.000100        0.962920        0.717080
     186        0.000100        0.952622        0.713004
     187        0.000100        0.942599        0.709013
     188        0.000100        0.932839        0.705106
     189        0.000100        0.923345        0.701285
     190        0.000100        0.914112        0.697558
     191        0.000100        0.905113        0.693907
     192        0.000100        0.896340        0.690331
     193        0.000100        0.887784        0.686835
     194        0.000100        0.879410        0.683377
     195        0.000100        0.871233        0.679984
     196        0.000100        0.863264        0.676671
     197        0.000100        0.855478        0.673411
     198        0.000100        0.847871        0.670195
     199        0.000100        0.840449        0.667033
     200        0.000100        0.833192        0.663963
     201        0.000100        0.826095        0.660967
     202        0.000100        0.819162        0.658034
     203        0.000100        0.812370        0.655145
     204        0.000100        0.805725        0.652315
     205        0.000100        0.799226        0.649547
     206        0.000100        0.792872        0.646845
     207        0.000100        0.786652        0.644197
     208        0.000100        0.780563        0.641591
     209        0.000100        0.774461        0.639000
     210        0.000100        0.768624        0.636488
     211        0.000100        0.762908        0.634022
     212        0.000100        0.757301        0.631584
     213        0.000100        0.751836        0.629190
     214        0.000100        0.746466        0.626848
     215        0.000100        0.741210        0.624556
     216        0.000100        0.736058        0.622294
     217        0.000100        0.731009        0.620078
     218        0.000100        0.726062        0.617890
     219        0.000100        0.721210        0.615721
     220        0.000100        0.716456        0.613573
     221        0.000100        0.711797        0.611453
     222        0.000100        0.707225        0.609367
     223        0.000100        0.702745        0.607319
     224        0.000100        0.698356        0.605303
     225        0.000100        0.694050        0.603321
     226        0.000100        0.689825        0.601373
     227        0.000100        0.685685        0.599452
     228        0.000100        0.681625        0.597560
     229        0.000100        0.677641        0.595695
     230        0.000100        0.673724        0.593872
     231        0.000100        0.669883        0.592073
     232        0.000100        0.666115        0.590298
     233        0.000100        0.662414        0.588548
     234        0.000100        0.658786        0.586826
     235        0.000100        0.655222        0.585129
     236        0.000100        0.651726        0.583456
     237        0.000100        0.648294        0.581810
     238        0.000100        0.644926        0.580189
     239        0.000100        0.641617        0.578587
     240        0.000100        0.638373        0.577012
     241        0.000100        0.635184        0.575456
     242        0.000100        0.632055        0.573925
     243        0.000100        0.628983        0.572422
     244        0.000100        0.625965        0.570946
     245        0.000100        0.623001        0.569483
     246        0.000100        0.620092        0.568034
     247        0.000100        0.617233        0.566613
     248        0.000100        0.614423        0.565211
     249        0.000100        0.611666        0.563825
     250        0.000100        0.608958        0.562455
     251        0.000100        0.606270        0.561053
     252        0.000100        0.603565        0.559673
     253        0.000100        0.600707        0.558220
     254        0.000100        0.598065        0.556914
     255        0.000100        0.595361        0.555565
     256        0.000100        0.592734        0.554241
     257        0.000100        0.590155        0.552927
     258        0.000100        0.587621        0.551630
     259        0.000100        0.585161        0.550362
     260        0.000100        0.582771        0.549140
     261        0.000100        0.580399        0.547923
     262        0.000100        0.578083        0.546701
     263        0.000100        0.575773        0.545497
     264        0.000100        0.573576        0.544323
     265        0.000100        0.570615        0.542904
     266        0.000100        0.567230        0.541403
     267        0.000100        0.564887        0.540142
     268        0.000100        0.562642        0.538925
     269        0.000100        0.560561        0.537783
     270        0.000100        0.558300        0.536547
     271        0.000100        0.556043        0.535325
     272        0.000100        0.553935        0.534169
     273        0.000100        0.551837        0.533010
     274        0.000100        0.549715        0.531845
     275        0.000100        0.547779        0.530768
     276        0.000100        0.545771        0.529663
     277        0.000100        0.543708        0.528528
     278        0.000100        0.541828        0.527451
     279        0.000100        0.539968        0.526393
     280        0.000100        0.537973        0.525285
     281        0.000100        0.536200        0.524270
     282        0.000100        0.534367        0.523226
     283        0.000100        0.532572        0.522194
     284        0.000100        0.530814        0.521162
     285        0.000100        0.529149        0.520203
     286        0.000100        0.527445        0.519215
     287        0.000100        0.525723        0.518225
     288        0.000100        0.524063        0.517244
     289        0.000100        0.522381        0.516266
     290        0.000100        0.520857        0.515339
     291        0.000100        0.519216        0.514396
     292        0.000100        0.517652        0.513467
     293        0.000100        0.516224        0.512604
     294        0.000100        0.514759        0.511740
     295        0.000100        0.513185        0.510846
     296        0.000100        0.511735        0.510001
     297        0.000100        0.510367        0.509171
     298        0.000100        0.508983        0.508339
     299        0.000100        0.507633        0.507544
     300        0.000100        0.506285        0.506731
     301        0.000100        0.505029        0.505938
     302        0.000100        0.503760        0.505153
     303        0.000100        0.502345        0.504319
     304        0.000100        0.501160        0.503540
     305        0.000100        0.499823        0.502745
     306        0.000100        0.498679        0.501995
     307        0.000100        0.497453        0.501230
     308        0.000100        0.496303        0.500476
     309        0.000100        0.494999        0.499715
     310        0.000100        0.494056        0.498985
     311        0.000100        0.492767        0.498249
     312        0.000100        0.491835        0.497550
     313        0.000100        0.490642        0.496800
     314        0.000100        0.489685        0.496108
     315        0.000100        0.488623        0.495449
     316        0.000100        0.487856        0.494774
     317        0.000100        0.486591        0.494059
     318        0.000100        0.485786        0.493385
     319        0.000100        0.484700        0.492719
     320        0.000100        0.483775        0.492034
     321        0.000100        0.482810        0.491410
     322        0.000100        0.482108        0.490775
     323        0.000100        0.481066        0.490154
     324        0.000100        0.480523        0.489555
     325        0.000100        0.479665        0.488970
     326        0.000100        0.478907        0.488334
     327        0.000100        0.478035        0.487724
     328        0.000100        0.477358        0.487095
     329        0.000100        0.476361        0.486471
     330        0.000100        0.475957        0.485913
     331        0.000100        0.474965        0.485293
     332        0.000100        0.474292        0.484748
     333        0.000100        0.473798        0.484176
     334        0.000100        0.473418        0.483634
     335        0.000100        0.471908        0.483025
     336        0.000100        0.471934        0.482540
     337        0.000100        0.471969        0.482035
     338        0.000100        0.470629        0.481513
     339        0.000100        0.469892        0.480965
     340        0.000100        0.470611        0.480511
     341        0.000100        0.469276        0.479992
     342        0.000100        0.468928        0.479478
     343        0.000100        0.468749        0.478992
     344        0.000100        0.467904        0.478471
     345        0.000100        0.467593        0.477971
     346        0.000100        0.467705        0.477546
     347        0.000100        0.466143        0.477026
     348        0.000100        0.466465        0.476577
     349        0.000100        0.466533        0.476116
     350        0.000100        0.465070        0.475612
     351        0.000100        0.464963        0.475154
     352        0.000100        0.465282        0.474736
     353        0.000100        0.464122        0.474227
     354        0.000100        0.464422        0.473870
     355        0.000100        0.463947        0.473445
     356        0.000100        0.463846        0.472987
     357        0.000100        0.463826        0.472559
     358        0.000100        0.463514        0.472214
     359        0.000100        0.463080        0.471781
     360        0.000100        0.464047        0.471431
     361        0.000100        0.463400        0.471014
     362        0.000100        0.463320        0.470707
     363        0.000100        0.463434        0.470310
     364        0.000100        0.463516        0.469887
     365        0.000100        0.462956        0.469480
     366        0.000100        0.462869        0.469144
     367        0.000100        0.462570        0.468701
     368        0.000100        0.462458        0.468342
     369        0.000100        0.461748        0.467917
     370        0.000100        0.461542        0.467563
     371        0.000100        0.461209        0.467152
     372        0.000100        0.461031        0.466796
     373        0.000100        0.460609        0.466425
     374        0.000100        0.460976        0.466160
     375        0.000100        0.461130        0.465873
     376        0.000100        0.461462        0.465644
     377        0.000100        0.461903        0.465432
     378        0.000100        0.462769        0.465225
     379        0.000100        0.462963        0.464993
     380        0.000100        0.463444        0.464734
     381        0.000100        0.463660        0.464439
     382        0.000100        0.463756        0.464161
     383        0.000100        0.463580        0.463840
     384        0.000100        0.463357        0.463505
     385        0.000100        0.463107        0.463167
     386        0.000100        0.462892        0.462859
     387        0.000100        0.462753        0.462595
     388        0.000100        0.462966        0.462382
     389        0.000100        0.462997        0.462125
     390        0.000100        0.463548        0.461945
     391        0.000100        0.463855        0.461721
     392        0.000100        0.464370        0.461540
     393        0.000100        0.464717        0.461339
     394        0.000100        0.465440        0.461208
     395        0.000100        0.465886        0.461005
     396        0.000100        0.466380        0.460853
     397        0.000100        0.466647        0.460639
     398        0.000100        0.467173        0.460467
     399        0.000100        0.467474        0.460253
     400        0.000100        0.467440        0.460042
     401        0.000100        0.467941        0.459834
     402        0.000100        0.468270        0.459666
     403        0.000100        0.467846        0.459421
     404        0.000100        0.468366        0.459241
     405        0.000100        0.469708        0.459125
     406        0.000100        0.468370        0.458891
     407        0.000100        0.469149        0.458739
     408        0.000100        0.471160        0.458658
     409        0.000100        0.469986        0.458480
     410        0.000100        0.471229        0.458380
     411        0.000100        0.472408        0.458317
     412        0.000100        0.472583        0.458184
     413        0.000100        0.473628        0.458101
     414        0.000100        0.474584        0.458016
     415        0.000100        0.474972        0.457899
     416        0.000100        0.476101        0.457814
     417        0.000100        0.476448        0.457684
     418        0.000100        0.477117        0.457519
     419        0.000100        0.477944        0.457376
     420        0.000100        0.477757        0.457187
     421        0.000100        0.478031        0.457011
     422        0.000100        0.478630        0.456838
     423        0.000100        0.478453        0.456704
     424        0.000100        0.478023        0.456440
     425        0.000100        0.479288        0.456356
     426        0.000100        0.478680        0.456156
     427        0.000100        0.479543        0.456090
     428        0.000100        0.480333        0.455999
     429        0.000100        0.481180        0.455941
     430        0.000100        0.481896        0.455869
     431        0.000100        0.483604        0.455893
     432        0.000100        0.484554        0.455870
     433        0.000100        0.485405        0.455813
     434        0.000100        0.486663        0.455785
     435        0.000100        0.487378        0.455683
     436        0.000100        0.487587        0.455519
     437        0.000100        0.488151        0.455356
     438        0.000100        0.488568        0.455197
     439        0.000100        0.488370        0.455046
     440        0.000100        0.488865        0.454940
     441        0.000100        0.489324        0.454782
     442        0.000100        0.489294        0.454722
     443        0.000100        0.489947        0.454567
     444        0.000100        0.490993        0.454566
     445        0.000100        0.491294        0.454510
     446        0.000100        0.491998        0.454482
     447        0.000100        0.493851        0.454418
     448        0.000100        0.493749        0.454406
     449        0.000100        0.494339        0.454259
     450        0.000100        0.496623        0.454323
     451        0.000100        0.496269        0.454186
     452        0.000100        0.496690        0.454176
     453        0.000100        0.498820        0.454147
     454        0.000100        0.498517        0.454072
     455        0.000100        0.498422        0.453916
     456        0.000100        0.500441        0.453912
     457        0.000100        0.499794        0.453746
     458        0.000100        0.499942        0.453664
     459        0.000100        0.501430        0.453624
     460        0.000100        0.500850        0.453469
     461        0.000100        0.501284        0.453388
     462        0.000100        0.502307        0.453350
     463        0.000100        0.501994        0.453224
     464        0.000100        0.502691        0.453204
     465        0.000100        0.504014        0.453169
     466        0.000100        0.503722        0.453084
     467        0.000100        0.505033        0.453070
     468        0.000100        0.506451        0.453101
     469        0.000100        0.506600        0.453062
     470        0.000100        0.507822        0.453145
     471        0.000100        0.509994        0.453172
     472        0.000100        0.509957        0.453173
     473        0.000100        0.511377        0.453211
     474        0.000100        0.513054        0.453275
     475        0.000100        0.512974        0.453172
     476        0.000100        0.513839        0.453088
     477        0.000100        0.514914        0.453002
     478        0.000100        0.513959        0.452854
     479        0.000100        0.514305        0.452640
     480        0.000100        0.514938        0.452610
     481        0.000100        0.513604        0.452420
     482        0.000100        0.514409        0.452369
     483        0.000100        0.515102        0.452325
     484        0.000100        0.515179        0.452375
     485        0.000100        0.516446        0.452343
     486        0.000100        0.517852        0.452441
     487        0.000100        0.518579        0.452461
     488        0.000100        0.519823        0.452578
     489        0.000100        0.521204        0.452540
     490        0.000100        0.521759        0.452585
     491        0.000100        0.522626        0.452522
     492        0.000100        0.523617        0.452545
     493        0.000100        0.523902        0.452467
     494        0.000100        0.524444        0.452443
     495        0.000100        0.525339        0.452378
     496        0.000100        0.525511        0.452328
     497        0.000100        0.525570        0.452233
     498        0.000100        0.526639        0.452226
     499        0.000100        0.527133        0.452200
     500        0.000100        0.526691        0.452084
     501        0.000100        0.528638        0.452173
     502        0.000100        0.529226        0.452139
     503        0.000100        0.528135        0.452021
     504        0.000100        0.530804        0.452196
     505        0.000100        0.531625        0.452156
     506        0.000100        0.530550        0.452125
     507        0.000100        0.533388        0.452248
     508        0.000100        0.533950        0.452310
     509        0.000100        0.533645        0.452201
     510        0.000100        0.536421        0.452437
     511        0.000100        0.536440        0.452377
     512        0.000100        0.536609        0.452378
     513        0.000100        0.539179        0.452445
     514        0.000100        0.538650        0.452417
     515        0.000100        0.538877        0.452354
     516        0.000100        0.540978        0.452431
     517        0.000100        0.540092        0.452317
     518        0.000100        0.540594        0.452234
     519        0.000100        0.542000        0.452211
     520        0.000100        0.540552        0.452052
     521        0.000100        0.541918        0.452032
     522        0.000100        0.542269        0.451992
     523        0.000100        0.541546        0.451935
     524        0.000100        0.542830        0.451924
     525        0.000100        0.543626        0.452027
     526        0.000100        0.543217        0.451905
     527        0.000100        0.545711        0.452135
     528        0.000100        0.546646        0.452189
     529        0.000100        0.547735        0.452401
     530        0.000100        0.549896        0.452494
     531        0.000100        0.551624        0.452702
     532        0.000100        0.552102        0.452624
     533        0.000100        0.553846        0.452811
     534        0.000100        0.554039        0.452642
     535        0.000100        0.554125        0.452542
     536        0.000100        0.554230        0.452385
     537        0.000100        0.554115        0.452267
     538        0.000100        0.554034        0.452170
     539        0.000100        0.554357        0.452150
     540        0.000100        0.554732        0.452087
     541        0.000100        0.555362        0.452163
     542        0.000100        0.556034        0.452171
     543        0.000100        0.557149        0.452294
     544        0.000100        0.557884        0.452298
     545        0.000100        0.559379        0.452410
     546        0.000100        0.559698        0.452392
     547        0.000100        0.561225        0.452551
     548        0.000100        0.561994        0.452500
     549        0.000100        0.563091        0.452638
     550        0.000100        0.562519        0.452499
     551        0.000100        0.565847        0.452747
     552        0.000100        0.564586        0.452550
     553        0.000100        0.564480        0.452599
     554        0.000100        0.567220        0.452612
     555        0.000100        0.566842        0.452625
     556        0.000100        0.565086        0.452448
     557        0.000100        0.569196        0.452710
     558        0.000100        0.566924        0.452504
     559        0.000100        0.568100        0.452578
     560        0.000100        0.568963        0.452522
     561        0.000100        0.569247        0.452615
     562        0.000100        0.569488        0.452596
     563        0.000100        0.571133        0.452683
     564        0.000100        0.570878        0.452672
     565        0.000100        0.572285        0.452805
     566        0.000100        0.573437        0.452872
     567        0.000100        0.574135        0.453003
     568        0.000100        0.574967        0.453057
     569        0.000100        0.577204        0.453239
     570        0.000100        0.576831        0.453250
     571        0.000100        0.578755        0.453471
     572        0.000100        0.580375        0.453519
     573        0.000100        0.579562        0.453463
     574        0.000100        0.581562        0.453635
     575        0.000100        0.583381        0.453606
     576        0.000100        0.580379        0.453393
     577        0.000100        0.582635        0.453425
     578        0.000100        0.583177        0.453355
     579        0.000100        0.580086        0.453060
     580        0.000100        0.581719        0.453111
     581        0.000100        0.581365        0.453031
     582        0.000100        0.580952        0.453021
     583        0.000100        0.582161        0.453121
     584        0.000100        0.583171        0.453269
     585        0.000100        0.584598        0.453453
     586        0.000100        0.586111        0.453612
     587        0.000100        0.587762        0.453896
     588        0.000100        0.588752        0.453868
     589        0.000100        0.589701        0.453883
     590        0.000100        0.590299        0.453966
     591        0.000100        0.590743        0.453930
     592        0.000100        0.591031        0.453877
     593        0.000100        0.591227        0.453956
     594        0.000100        0.591236        0.453838
     595        0.000100        0.591815        0.453908
     596        0.000100        0.591508        0.453910
     597        0.000100        0.592179        0.453891
     598        0.000100        0.592597        0.453960
     599        0.000100        0.592880        0.454021
     600        0.000100        0.593232        0.454003
     601        0.000100        0.594753        0.454198
     602        0.000100        0.593721        0.454113
     603        0.000100        0.595392        0.454257
     604        0.000100        0.596994        0.454313
     605        0.000100        0.595102        0.454225
     606        0.000100        0.596905        0.454450
     607        0.000100        0.599902        0.454598
     608        0.000100        0.596221        0.454427
     609        0.000100        0.599310        0.454669
     610        0.000100        0.600415        0.454648
     611        0.000100        0.597827        0.454482
     612        0.000100        0.600930        0.454741
     613        0.000100        0.600169        0.454612
     614        0.000100        0.599196        0.454608
     615        0.000100        0.601303        0.454639
     616        0.000100        0.600141        0.454650
     617        0.000100        0.599419        0.454558
     618        0.000100        0.601825        0.454757
     619        0.000100        0.600044        0.454667
     620        0.000100        0.600779        0.454673
     621        0.000100        0.601412        0.454697
     622        0.000100        0.600234        0.454726
     623        0.000100        0.602358        0.454754
     624        0.000100        0.602332        0.454926
     625        0.000100        0.601306        0.455007
     626        0.000100        0.604391        0.455021
     627        0.000100        0.604221        0.455074
     628        0.000100        0.603926        0.455255
     629        0.000100        0.607195        0.455515
     630        0.000100        0.606594        0.455590
     631        0.000100        0.608864        0.455694
     632        0.000100        0.610088        0.456018
     633        0.000100        0.609236        0.455931
     634        0.000100        0.611148        0.456034
     635        0.000100        0.610982        0.455878
     636        0.000100        0.608698        0.455763
     637        0.000100        0.609295        0.455668
     638        0.000100        0.608429        0.455541
     639        0.000100        0.606783        0.455475
     640        0.000100        0.607176        0.455495
     641        0.000100        0.607460        0.455516
     642        0.000100        0.606935        0.455494
     643        0.000100        0.608519        0.455716
     644        0.000100        0.609523        0.455837
     645        0.000100        0.610029        0.455920
     646        0.000100        0.611304        0.456112
     647        0.000100        0.612163        0.456184
     648        0.000100        0.612387        0.456235
     649        0.000100        0.613158        0.456310
     650        0.000100        0.613707        0.456344
     651        0.000100        0.613540        0.456306
     652        0.000100        0.613471        0.456274
     653        0.000100        0.614441        0.456343
     654        0.000100        0.613451        0.456292
     655        0.000100        0.614078        0.456281
     656        0.000100        0.614461        0.456346
     657        0.000100        0.613659        0.456309
     658        0.000100        0.614057        0.456373
     659        0.000100        0.616473        0.456539
     660        0.000100        0.613468        0.456337
     661        0.000100        0.614342        0.456363
     662        0.000100        0.618853        0.456755
     663        0.000100        0.614397        0.456495
     664        0.000100        0.617015        0.456716
     665        0.000100        0.619121        0.456806
     666        0.000100        0.616767        0.456772
     667        0.000100        0.619668        0.457015
     668        0.000100        0.620080        0.457020
     669        0.000100        0.618717        0.456977
     670        0.000100        0.622022        0.457163
     671        0.000100        0.620889        0.457161
     672        0.000100        0.620608        0.457173
     673        0.000100        0.623640        0.457327
     674        0.000100        0.620806        0.457195
     675        0.000100        0.621973        0.457202
     676        0.000100        0.623248        0.457316
     677        0.000100        0.620478        0.457099
     678        0.000100        0.622583        0.457169
     679        0.000100        0.621665        0.457126
     680        0.000100        0.619844        0.457026
     681        0.000100        0.622300        0.457114
     682        0.000100        0.620574        0.457068
     683        0.000100        0.620599        0.457083
     684        0.000100        0.622496        0.457189
     685        0.000100        0.621513        0.457235
     686        0.000100        0.622235        0.457386
     687        0.000100        0.625927        0.457550
     688        0.000100        0.624410        0.457687
     689        0.000100        0.627886        0.458028
     690        0.000100        0.630072        0.458197
     691        0.000100        0.629925        0.458329
     692        0.000100        0.631334        0.458392
     693        0.000100        0.631791        0.458333
     694        0.000100        0.630435        0.458281
     695        0.000100        0.630199        0.458100
     696        0.000100        0.629596        0.458002
     697        0.000100        0.628392        0.457886
     698        0.000100        0.628727        0.457925
     699        0.000100        0.628809        0.457968
     700        0.000100        0.628872        0.458100
     701        0.000100        0.629481        0.458008
     702        0.000100        0.630454        0.458175
     703        0.000100        0.630882        0.458301
     704        0.000100        0.632064        0.458405
     705        0.000100        0.632807        0.458413
     706        0.000100        0.633032        0.458559
     707        0.000100        0.633955        0.458560
     708        0.000100        0.635182        0.458677
     709        0.000100        0.634402        0.458681
     710        0.000100        0.635507        0.458813
     711        0.000100        0.636336        0.458688
     712        0.000100        0.633870        0.458644
     713        0.000100        0.634335        0.458657
     714        0.000100        0.637837        0.458790
     715        0.000100        0.633051        0.458635
     716        0.000100        0.634992        0.458634
     717        0.000100        0.638385        0.458929
     718        0.000100        0.633773        0.458654
     719        0.000100        0.636907        0.458875
     720        0.000100        0.637677        0.458907
     721        0.000100        0.635657        0.458878
     722        0.000100        0.638938        0.458983
     723        0.000100        0.637417        0.458993
     724        0.000100        0.638122        0.459054
     725        0.000100        0.640788        0.459199
     726        0.000100        0.638800        0.459193
     727        0.000100        0.641009        0.459383
     728        0.000100        0.642159        0.459364
     729        0.000100        0.641881        0.459573
     730        0.000100        0.643698        0.459532
     731        0.000100        0.644217        0.459748
     732        0.000100        0.642851        0.459622
     733        0.000100        0.647583        0.459852
     734        0.000100        0.645237        0.459734
     735        0.000100        0.644286        0.459866
     736        0.000100        0.647701        0.459795
     737        0.000100        0.644891        0.459681
     738        0.000100        0.646080        0.459648
     739        0.000100        0.646158        0.459725
     740        0.000100        0.643004        0.459442
     741        0.000100        0.645984        0.459617
     742        0.000100        0.644706        0.459524
     743        0.000100        0.643451        0.459542
     744        0.000100        0.645836        0.459637
     745        0.000100        0.646137        0.459847
     746        0.000100        0.645781        0.459812
     747        0.000100        0.649362        0.460182
     748        0.000100        0.650292        0.460311
     749        0.000100        0.651874        0.460566
     750        0.000100        0.654259        0.460727
     751        0.000100        0.655510        0.460963
     752        0.000100        0.655007        0.460875
     753        0.000100        0.656281        0.460948
     754        0.000100        0.655498        0.460836
     755        0.000100        0.655039        0.460782
     756        0.000100        0.655035        0.460865
     757        0.000100        0.655275        0.460797
     758        0.000100        0.654142        0.460787
     759        0.000100        0.655113        0.460763
     760        0.000100        0.655461        0.460851
     761        0.000100        0.655510        0.460882
     762        0.000100        0.657172        0.461118
     763        0.000100        0.658111        0.461142
     764        0.000100        0.657797        0.461270
     765        0.000100        0.660261        0.461446
     766        0.000100        0.661786        0.461501
     767        0.000100        0.660250        0.461625
     768        0.000100        0.663055        0.461761
     769        0.000100        0.665595        0.461860
     770        0.000100        0.660762        0.461698
     771        0.000100        0.666349        0.462044
     772        0.000100        0.666348        0.461996
     773        0.000100        0.663235        0.461923
     774        0.000100        0.666587        0.462004
     775        0.000100        0.666580        0.462093
     776        0.000100        0.664568        0.462018
     777        0.000100        0.668069        0.462177
     778        0.000100        0.665785        0.462038
     779        0.000100        0.666379        0.462106
     780        0.000100        0.668704        0.462240
     781        0.000100        0.666789        0.462226
     782        0.000100        0.667757        0.462247
     783        0.000100        0.670829        0.462472
     784        0.000100        0.668586        0.462416
     785        0.000100        0.671236        0.462638
     786        0.000100        0.672573        0.462795
     787        0.000100        0.671980        0.462817
     788        0.000100        0.676617        0.463078
     789        0.000100        0.676436        0.463277
     790        0.000100        0.675299        0.463327
     791        0.000100        0.682256        0.463680
     792        0.000100        0.679460        0.463557
     793        0.000100        0.679941        0.463717
     794        0.000100        0.683002        0.463750
     795        0.000100        0.681118        0.463675
     796        0.000100        0.680527        0.463541
     797        0.000100        0.681606        0.463536
     798        0.000100        0.679151        0.463321
     799        0.000100        0.679284        0.463331
     800        0.000100        0.678937        0.463265
     801        0.000100        0.678926        0.463344
     802        0.000100        0.679724        0.463503
     803        0.000100        0.681348        0.463553
     804        0.000100        0.682409        0.463801
     805        0.000100        0.684786        0.464041
     806        0.000100        0.686407        0.464276
     807        0.000100        0.687963        0.464415
     808        0.000100        0.689520        0.464582
     809        0.000100        0.691094        0.464686
     810        0.000100        0.690731        0.464714
     811        0.000100        0.691883        0.464792
     812        0.000100        0.692368        0.464778
     813        0.000100        0.691674        0.464826
     814        0.000100        0.691879        0.464814
     815        0.000100        0.693696        0.464924
     816        0.000100        0.691222        0.464824
     817        0.000100        0.693007        0.464980
     818        0.000100        0.695341        0.465062
     819        0.000100        0.692510        0.465095
     820        0.000100        0.694040        0.465154
     821        0.000100        0.699923        0.465447
     822        0.000100        0.694303        0.465375
     823        0.000100        0.698318        0.465608
     824        0.000050        0.701715        0.465804
     825        0.000050        0.702521        0.469841
     826        0.000050        0.702344        0.469588
     827        0.000050        0.702114        0.469716
     828        0.000050        0.701913        0.469789
     829        0.000050        0.701947        0.469901
     830        0.000050        0.702096        0.470020
     831        0.000050        0.702306        0.470086
     832        0.000050        0.702504        0.470153
     833        0.000050        0.702757        0.470262
     834        0.000050        0.703034        0.470334
     835        0.000050        0.703248        0.470376
     836        0.000050        0.703581        0.470466
     837        0.000050        0.703853        0.470524
     838        0.000050        0.704082        0.470545
     839        0.000050        0.704432        0.470617
     840        0.000050        0.704787        0.470720
     841        0.000050        0.704971        0.470687
     842        0.000050        0.705294        0.470768
     843        0.000050        0.705508        0.470763
     844        0.000050        0.705808        0.470794
     845        0.000050        0.706036        0.470816
     846        0.000050        0.706294        0.470814
     847        0.000050        0.706580        0.470875
     848        0.000050        0.706803        0.470920
     849        0.000050        0.707169        0.470895
     850        0.000050        0.707392        0.470952
     851        0.000050        0.707589        0.470971
     852        0.000050        0.707846        0.470910
     853        0.000050        0.708127        0.471021
     854        0.000050        0.708445        0.470999
     855        0.000050        0.708825        0.471016
     856        0.000050        0.708764        0.471066
     857        0.000050        0.709491        0.471050
     858        0.000050        0.709424        0.471133
     859        0.000050        0.709852        0.471069
     860        0.000050        0.710194        0.471126
     861        0.000050        0.710217        0.471191
     862        0.000050        0.711094        0.471126
     863        0.000050        0.710912        0.471211
     864        0.000050        0.710752        0.471119
     865        0.000050        0.712904        0.471187
     866        0.000050        0.710831        0.471232
     867        0.000050        0.712103        0.471265
     868        0.000050        0.714526        0.471391
     869        0.000050        0.710989        0.471261
     870        0.000050        0.713975        0.471317
     871        0.000050        0.713886        0.471436
     872        0.000050        0.712423        0.471360
     873        0.000050        0.715584        0.471459
     874        0.000050        0.712832        0.471321
     875        0.000050        0.714283        0.471389
     876        0.000050        0.715265        0.471434
     877        0.000050        0.714380        0.471466
     878        0.000050        0.715029        0.471469
     879        0.000050        0.715795        0.471578
     880        0.000050        0.715806        0.471445
     881        0.000050        0.717005        0.471679
     882        0.000050        0.715753        0.471572
     883        0.000050        0.717773        0.471738
     884        0.000050        0.718650        0.471662
     885        0.000050        0.718402        0.471775
     886        0.000050        0.718004        0.471799
     887        0.000050        0.719733        0.471851
     888        0.000050        0.719805        0.471810
     889        0.000050        0.719330        0.471785
     890        0.000050        0.719207        0.471807
     891        0.000050        0.719596        0.471731
     892        0.000050        0.719271        0.471723
     893        0.000050        0.718662        0.471769
     894        0.000050        0.719018        0.471737
     895        0.000050        0.719196        0.471717
     896        0.000050        0.718897        0.471753
     897        0.000050        0.720113        0.471896
     898        0.000050        0.720823        0.471913
     899        0.000050        0.721753        0.472115
     900        0.000050        0.723392        0.472172
     901        0.000050        0.724136        0.472254
     902        0.000050        0.725018        0.472269
     903        0.000050        0.726005        0.472410
     904        0.000050        0.725894        0.472365
     905        0.000050        0.726053        0.472344
     906        0.000050        0.725665        0.472195
     907        0.000050        0.725137        0.472214
     908        0.000050        0.724989        0.472183
     909        0.000050        0.725053        0.472108
     910        0.000050        0.724665        0.472172
     911        0.000050        0.725290        0.472217
     912        0.000050        0.725919        0.472293
     913        0.000050        0.726263        0.472350
     914        0.000050        0.726948        0.472391
     915        0.000050        0.727978        0.472472
     916        0.000050        0.728491        0.472506
     917        0.000050        0.729050        0.472572
     918        0.000050        0.730243        0.472702
     919        0.000050        0.730285        0.472729
     920        0.000050        0.730489        0.472677
     921        0.000050        0.731857        0.472701
     922        0.000050        0.730570        0.472741
     923        0.000050        0.731213        0.472677
     924        0.000050        0.733419        0.472844
     925        0.000050        0.730028        0.472718
     926        0.000050        0.732144        0.472750
     927        0.000050        0.733380        0.472769
     928        0.000050        0.730773        0.472782
     929        0.000050        0.733082        0.472848
     930        0.000050        0.733416        0.472887
     931        0.000050        0.732511        0.472877
     932        0.000050        0.734709        0.473007
     933        0.000050        0.733760        0.472993
     934        0.000050        0.735461        0.473037
     935        0.000050        0.735949        0.473153
     936        0.000050        0.736139        0.473295
     937        0.000050        0.737633        0.473276
     938        0.000050        0.738290        0.473369
     939        0.000050        0.738285        0.473440
     940        0.000050        0.740073        0.473530
     941        0.000050        0.739550        0.473441
     942        0.000050        0.740588        0.473572
     943        0.000050        0.740664        0.473439
     944        0.000050        0.739860        0.473555
     945        0.000050        0.740499        0.473485
     946        0.000050        0.740895        0.473463
     947        0.000050        0.738298        0.473326
     948        0.000050        0.739887        0.473375
     949        0.000050        0.739529        0.473383
     950        0.000050        0.738799        0.473355
     951        0.000050        0.740091        0.473419
     952        0.000050        0.740846        0.473518
     953        0.000050        0.741738        0.473692
     954        0.000050        0.743447        0.473844
     955        0.000050        0.744684        0.474000
     956        0.000050        0.745312        0.474035
     957        0.000050        0.746501        0.474086
     958        0.000050        0.746977        0.474145
     959        0.000050        0.746927        0.474155
     960        0.000050        0.747257        0.474107
     961        0.000050        0.747228        0.474119
     962        0.000050        0.747263        0.474141
     963        0.000050        0.747206        0.474057
     964        0.000050        0.747650        0.474124
     965        0.000050        0.747564        0.474159
     966        0.000050        0.748199        0.474235
     967        0.000050        0.748729        0.474292
     968        0.000050        0.748947        0.474270
     969        0.000050        0.749483        0.474304
     970        0.000050        0.750905        0.474433
     971        0.000050        0.751052        0.474559
     972        0.000050        0.750926        0.474526
     973        0.000050        0.753872        0.474678
     974        0.000050        0.752801        0.474623
     975        0.000050        0.752306        0.474667
     976        0.000050        0.756322        0.474730
     977        0.000050        0.754012        0.474870
     978        0.000050        0.754569        0.474720
     979        0.000050        0.757023        0.474892
     980        0.000050        0.754558        0.474710
     981        0.000050        0.756909        0.474882
     982        0.000050        0.756466        0.474893
     983        0.000050        0.755555        0.474821
     984        0.000050        0.758269        0.474902
     985        0.000050        0.756603        0.474875
     986        0.000050        0.756777        0.474964
     987        0.000050        0.758494        0.474931
     988        0.000050        0.757562        0.474934
     989        0.000050        0.758574        0.474960
     990        0.000050        0.759005        0.475137
     991        0.000050        0.758780        0.475113
     992        0.000050        0.761144        0.475187
     993        0.000050        0.761082        0.475397
     994        0.000050        0.760865        0.475326
     995        0.000050        0.763459        0.475524
     996        0.000050        0.764009        0.475529
     997        0.000050        0.764596        0.475768
     998        0.000050        0.766173        0.475764
     999        0.000050        0.766226        0.475877
    1000        0.000050        0.767292        0.475842
    1001        0.000050        0.768121        0.475924
    1002        0.000050        0.766962        0.475837
    1003        0.000050        0.767834        0.475864
    1004        0.000050        0.767688        0.475798
    1005        0.000050        0.765789        0.475744
    1006        0.000050        0.767027        0.475771
    1007        0.000050        0.766334        0.475721
    1008        0.000050        0.765843        0.475713
    1009        0.000050        0.767280        0.475849
    1010        0.000050        0.767992        0.475996
    1011        0.000050        0.768655        0.476024
    1012        0.000050        0.770428        0.476154
    1013        0.000050        0.771321        0.476338
    1014        0.000050        0.772160        0.476305
    1015        0.000050        0.773428        0.476430
    1016        0.000050        0.773709        0.476388
    1017        0.000050        0.774428        0.476614
    1018        0.000050        0.774401        0.476398
    1019        0.000050        0.774888        0.476573
    1020        0.000050        0.774703        0.476530
    1021        0.000050        0.775611        0.476602
    1022        0.000050        0.774977        0.476570
    1023        0.000050        0.775448        0.476577
    1024        0.000050        0.776519        0.476627
    1025        0.000050        0.775598        0.476645
    1026        0.000050        0.776403        0.476601
    1027        0.000050        0.778806        0.476862
    1028        0.000050        0.776742        0.476799
    1029        0.000050        0.778303        0.476855
    1030        0.000050        0.781296        0.477003
    1031        0.000050        0.778122        0.476932
    1032        0.000050        0.781258        0.477048
    1033        0.000050        0.782270        0.477142
    1034        0.000050        0.781088        0.477162
    1035        0.000050        0.783742        0.477254
    1036        0.000050        0.783339        0.477260
    1037        0.000050        0.783418        0.477352
    1038        0.000050        0.785330        0.477335
    1039        0.000050        0.784255        0.477402
    1040        0.000050        0.784998        0.477355
    1041        0.000050        0.786016        0.477424
    1042        0.000050        0.784812        0.477471
    1043        0.000050        0.786354        0.477370
    1044        0.000050        0.785833        0.477490
    1045        0.000050        0.785092        0.477425
    1046        0.000050        0.787743        0.477486
    1047        0.000050        0.785522        0.477496
    1048        0.000050        0.786972        0.477638
    1049        0.000050        0.787531        0.477561
    1050        0.000050        0.787161        0.477578
    1051        0.000050        0.789005        0.477713
    1052        0.000050        0.789359        0.477799
    1053        0.000050        0.789680        0.477966
    1054        0.000050        0.793337        0.478110
    1055        0.000050        0.792972        0.478160
    1056        0.000050        0.793840        0.478323
    1057        0.000050        0.796629        0.478401
    1058        0.000050        0.795984        0.478413
    1059        0.000050        0.796412        0.478460
    1060        0.000050        0.797241        0.478387
    1061        0.000050        0.796162        0.478378
    1062        0.000050        0.795736        0.478375
    1063        0.000050        0.796115        0.478345
    1064        0.000050        0.795363        0.478227
    1065        0.000050        0.795329        0.478340
    1066        0.000050        0.796546        0.478454
    1067        0.000050        0.796725        0.478454
    1068        0.000050        0.797674        0.478584
    1069        0.000050        0.798946        0.478654
    1070        0.000050        0.799497        0.478749
    1071        0.000050        0.800232        0.478720
    1072        0.000050        0.801410        0.478821
    1073        0.000050        0.801969        0.478956
    1074        0.000050        0.802556        0.478921
    1075        0.000050        0.803336        0.478989
    1076        0.000050        0.803331        0.479010
    1077        0.000050        0.804043        0.479106
    1078        0.000050        0.804732        0.479035
    1079        0.000050        0.804058        0.479056
    1080        0.000050        0.804683        0.478985
    1081        0.000050        0.806494        0.479242
    1082        0.000050        0.803790        0.479087
    1083        0.000050        0.806698        0.479267
    1084        0.000050        0.807575        0.479176
    1085        0.000050        0.804558        0.479242
    1086        0.000050        0.808531        0.479413
    1087        0.000050        0.808546        0.479407
    1088        0.000050        0.807245        0.479384
    1089        0.000050        0.810844        0.479539
    1090        0.000050        0.809162        0.479519
    1091        0.000050        0.810868        0.479692
    1092        0.000050        0.812776        0.479724
    1093        0.000050        0.811500        0.479779
    1094        0.000050        0.813184        0.479798
    1095        0.000050        0.814784        0.479940
    1096        0.000050        0.813716        0.479887
    1097        0.000050        0.816212        0.480063
    1098        0.000050        0.814567        0.479980
    1099        0.000050        0.816266        0.480042
    1100        0.000050        0.817656        0.480106
    1101        0.000050        0.815577        0.480153
    1102        0.000050        0.816136        0.480072
    1103        0.000050        0.817655        0.480160
    1104        0.000050        0.815699        0.479938
    1105        0.000050        0.816739        0.480105
    1106        0.000050        0.816732        0.480137
    1107        0.000050        0.816548        0.480187
    1108        0.000050        0.817301        0.480184
    1109        0.000050        0.818090        0.480263
    1110        0.000050        0.818746        0.480348
    1111        0.000050        0.821006        0.480503
    1112        0.000050        0.821871        0.480598
    1113        0.000050        0.823600        0.480822
    1114        0.000050        0.825153        0.480779
    1115        0.000050        0.825962        0.480960
    1116        0.000050        0.826158        0.480868
    1117        0.000050        0.827108        0.480950
    1118        0.000050        0.826140        0.480840
    1119        0.000050        0.826469        0.480895
    1120        0.000050        0.826307        0.480829
    1121        0.000050        0.825929        0.480914
    1122        0.000050        0.826147        0.480813
    1123        0.000050        0.826889        0.480921
    1124        0.000050        0.826579        0.480913
    1125        0.000025        0.827635        0.481101
    1126        0.000025        0.830173        0.479032
    1127        0.000025        0.830695        0.479038
    1128        0.000025        0.831109        0.479056
    1129        0.000025        0.831415        0.479085
    1130        0.000025        0.831763        0.479124
    1131        0.000025        0.832221        0.479171
    1132        0.000025        0.832577        0.479215
    1133        0.000025        0.832941        0.479252
    1134        0.000025        0.833251        0.479296
    1135        0.000025        0.833595        0.479326
    1136        0.000025        0.833891        0.479354
    1137        0.000025        0.834184        0.479370
    1138        0.000025        0.834463        0.479407
    1139        0.000025        0.834790        0.479418
    1140        0.000025        0.835047        0.479444
    1141        0.000025        0.835364        0.479482
    1142        0.000025        0.835690        0.479523
    1143        0.000025        0.835996        0.479559
    1144        0.000025        0.836297        0.479576
    1145        0.000025        0.836539        0.479595
    1146        0.000025        0.836832        0.479630
    1147        0.000025        0.837017        0.479652
    1148        0.000025        0.837311        0.479663
    1149        0.000025        0.837593        0.479665
    1150        0.000025        0.837807        0.479696
    1151        0.000025        0.838158        0.479722
    1152        0.000025        0.838332        0.479759
    1153        0.000025        0.838777        0.479788
    1154        0.000025        0.838938        0.479811
    1155        0.000025        0.839311        0.479850
    1156        0.000025        0.839291        0.479854
    1157        0.000025        0.839840        0.479866
    1158        0.000025        0.839776        0.479882
    1159        0.000025        0.840266        0.479912
    1160        0.000025        0.840306        0.479925
    1161        0.000025        0.840847        0.479947
    1162        0.000025        0.840937        0.479991
    1163        0.000025        0.841421        0.480017
    1164        0.000025        0.841531        0.480031
    1165        0.000025        0.841759        0.480059
    1166        0.000025        0.842045        0.480080
    1167        0.000025        0.842505        0.480113
    1168        0.000025        0.842185        0.480117
    1169        0.000025        0.842722        0.480145
    1170        0.000025        0.843100        0.480143
    1171        0.000025        0.843156        0.480185
    1172        0.000025        0.843225        0.480190
    1173        0.000025        0.844581        0.480273
    1174        0.000025        0.843339        0.480255
    1175        0.000025        0.845090        0.480305
    1176        0.000025        0.844725        0.480305
    1177        0.000025        0.844564        0.480342
    1178        0.000025        0.845858        0.480377
    1179        0.000025        0.845473        0.480377
    1180        0.000025        0.844836        0.480372
    1181        0.000025        0.846900        0.480429
    1182        0.000025        0.845400        0.480395
    1183        0.000025        0.846440        0.480447
    1184        0.000025        0.846620        0.480464
    1185        0.000025        0.846417        0.480482
    1186        0.000025        0.847752        0.480501
    1187        0.000025        0.847276        0.480544
    1188        0.000025        0.846672        0.480526
    1189        0.000025        0.849172        0.480629
    1190        0.000025        0.847661        0.480596
    1191        0.000025        0.849398        0.480686
    1192        0.000025        0.847976        0.480650
    1193        0.000025        0.849296        0.480691
    1194        0.000025        0.849672        0.480702
    1195        0.000025        0.849998        0.480734
    1196        0.000025        0.849194        0.480745
    1197        0.000025        0.850158        0.480751
    1198        0.000025        0.850693        0.480784
    1199        0.000025        0.850477        0.480772
    1200        0.000025        0.850347        0.480812
    1201        0.000025        0.850712        0.480798
    1202        0.000025        0.851470        0.480847
    1203        0.000025        0.851369        0.480859
    1204        0.000025        0.851250        0.480872
    1205        0.000025        0.851456        0.480854
    1206        0.000025        0.851772        0.480880
    1207        0.000025        0.852439        0.480928
    1208        0.000025        0.851983        0.480943
    1209        0.000025        0.852321        0.480960
    1210        0.000025        0.852771        0.480985
    1211        0.000025        0.853704        0.481039
    1212        0.000025        0.853904        0.481094
    1213        0.000025        0.854439        0.481138
    1214        0.000025        0.854441        0.481171
    1215        0.000025        0.856455        0.481239
    1216        0.000025        0.855936        0.481249
    1217        0.000025        0.856042        0.481280
    1218        0.000025        0.857153        0.481313
    1219        0.000025        0.856957        0.481322
    1220        0.000025        0.856593        0.481291
    1221        0.000025        0.857545        0.481317
    1222        0.000025        0.856221        0.481252
    1223        0.000025        0.856527        0.481258
    1224        0.000025        0.856321        0.481235
    1225        0.000025        0.856213        0.481235
    1226        0.000025        0.856089        0.481235
    1227        0.000025        0.856799        0.481299
    1228        0.000025        0.856763        0.481305
    1229        0.000025        0.857830        0.481389
    1230        0.000025        0.858313        0.481452
    1231        0.000025        0.859397        0.481538
    1232        0.000025        0.859595        0.481548
    1233        0.000025        0.860438        0.481610
    1234        0.000025        0.860572        0.481620
    1235        0.000025        0.861210        0.481662
    1236        0.000025        0.860641        0.481621
    1237        0.000025        0.861146        0.481654
    1238        0.000025        0.861029        0.481651
    1239        0.000025        0.861152        0.481647
    1240        0.000025        0.861093        0.481639
    1241        0.000025        0.861631        0.481681
    1242        0.000025        0.861262        0.481683
    1243        0.000025        0.861966        0.481721
    1244        0.000025        0.861952        0.481733
    1245        0.000025        0.862140        0.481758
    1246        0.000025        0.862815        0.481790
    1247        0.000025        0.863060        0.481811
    1248        0.000025        0.863014        0.481842
    1249        0.000025        0.864371        0.481898
    1250        0.000025        0.864694        0.481928
    1251        0.000025        0.864615        0.481949
    1252        0.000025        0.865042        0.481984
    1253        0.000025        0.866783        0.482050
    1254        0.000025        0.865089        0.482020
    1255        0.000025        0.866692        0.482084
    1256        0.000025        0.867208        0.482085
    1257        0.000025        0.866209        0.482080
    1258        0.000025        0.867054        0.482095
    1259        0.000025        0.867339        0.482119
    1260        0.000025        0.866615        0.482093
    1261        0.000025        0.867801        0.482113
    1262        0.000025        0.867069        0.482098
    1263        0.000025        0.866742        0.482092
    1264        0.000025        0.867839        0.482119
    1265        0.000025        0.866946        0.482101
    1266        0.000025        0.867873        0.482147
    1267        0.000025        0.867803        0.482171
    1268        0.000025        0.868419        0.482208
    1269        0.000025        0.869461        0.482278
    1270        0.000025        0.869577        0.482332
    1271        0.000025        0.870875        0.482416
    1272        0.000025        0.871720        0.482469
    1273        0.000025        0.871812        0.482515
    1274        0.000025        0.872786        0.482530
    1275        0.000025        0.872994        0.482548
    1276        0.000025        0.872902        0.482551
    1277        0.000025        0.872803        0.482542
    1278        0.000025        0.872766        0.482515
    1279        0.000025        0.872223        0.482511
    1280        0.000025        0.872369        0.482510
    1281        0.000025        0.872456        0.482541
    1282        0.000025        0.872435        0.482525
    1283        0.000025        0.872755        0.482583
    1284        0.000025        0.873748        0.482613
    1285        0.000025        0.873446        0.482649
    1286        0.000025        0.874548        0.482705
    1287        0.000025        0.874801        0.482712
    1288        0.000025        0.875199        0.482772
    1289        0.000025        0.875768        0.482795
    1290        0.000025        0.876354        0.482797
    1291        0.000025        0.875628        0.482804
    1292        0.000025        0.877169        0.482862
    1293        0.000025        0.876983        0.482884
    1294        0.000025        0.876454        0.482869
    1295        0.000025        0.877832        0.482895
    1296        0.000025        0.877425        0.482904
    1297        0.000025        0.877093        0.482892
    1298        0.000025        0.878653        0.482975
    1299        0.000025        0.877428        0.482915
    1300        0.000025        0.878503        0.482997
    1301        0.000025        0.878363        0.482970
    1302        0.000025        0.878706        0.483014
    1303        0.000025        0.879065        0.483037
    1304        0.000025        0.879555        0.483074
    1305        0.000025        0.879325        0.483086
    1306        0.000025        0.880176        0.483110
    1307        0.000025        0.881010        0.483167
    1308        0.000025        0.880011        0.483164
    1309        0.000025        0.881912        0.483267
    1310        0.000025        0.882221        0.483285
    1311        0.000025        0.881977        0.483301
    1312        0.000025        0.883658        0.483359
    1313        0.000025        0.882505        0.483366
    1314        0.000025        0.883222        0.483376
    1315        0.000025        0.885356        0.483442
    1316        0.000025        0.883161        0.483391
    1317        0.000025        0.884045        0.483429
    1318        0.000025        0.884303        0.483405
    1319        0.000025        0.883969        0.483419
    1320        0.000025        0.884056        0.483387
    1321        0.000025        0.883570        0.483386
    1322        0.000025        0.883558        0.483390
    1323        0.000025        0.884231        0.483414
    1324        0.000025        0.883711        0.483430
    1325        0.000025        0.884900        0.483494
    1326        0.000025        0.884939        0.483519
    1327        0.000025        0.886287        0.483602
    1328        0.000025        0.886653        0.483666
    1329        0.000025        0.888043        0.483746
    1330        0.000025        0.888000        0.483763
    1331        0.000025        0.888911        0.483819
    1332        0.000025        0.889010        0.483807
    1333        0.000025        0.889115        0.483807
    1334        0.000025        0.889100        0.483806
    1335        0.000025        0.889114        0.483805
    1336        0.000025        0.888938        0.483798
    1337        0.000025        0.889572        0.483817
    1338        0.000025        0.888945        0.483805
    1339        0.000025        0.889497        0.483840
    1340        0.000025        0.889845        0.483852
    1341        0.000025        0.890099        0.483890
    1342        0.000025        0.890050        0.483907
    1343        0.000025        0.891355        0.483961
    1344        0.000025        0.890976        0.483982
    1345        0.000025        0.891675        0.484020
    1346        0.000025        0.892454        0.484068
    1347        0.000025        0.893125        0.484109
    1348        0.000025        0.892427        0.484102
    1349        0.000025        0.894247        0.484159
    1350        0.000025        0.894032        0.484172
    1351        0.000025        0.893776        0.484203
    1352        0.000025        0.894978        0.484234
    1353        0.000025        0.895125        0.484257
    1354        0.000025        0.894464        0.484238
    1355        0.000025        0.895846        0.484307
    1356        0.000025        0.894941        0.484247
    1357        0.000025        0.895463        0.484290
    1358        0.000025        0.895935        0.484307
    1359        0.000025        0.894983        0.484302
    1360        0.000025        0.896122        0.484305
    1361        0.000025        0.896655        0.484349
    1362        0.000025        0.894769        0.484316
    1363        0.000025        0.897387        0.484399
    1364        0.000025        0.896092        0.484380
    1365        0.000025        0.897546        0.484471
    1366        0.000025        0.897893        0.484502
    1367        0.000025        0.898757        0.484585
    1368        0.000025        0.899192        0.484609
    1369        0.000025        0.900390        0.484673
    1370        0.000025        0.900534        0.484703
    1371        0.000025        0.901661        0.484773
    1372        0.000025        0.901684        0.484758
    1373        0.000025        0.901942        0.484758
