       0        0.000100     4139.548211       63.895805
       1        0.000100     4039.323015       63.104668
       2        0.000100     3914.717350       62.114079
       3        0.000100     3783.642878       61.055099
       4        0.000100     3643.605991       59.902821
       5        0.000100     3492.251230       58.631783
       6        0.000100     3328.792719       57.227058
       7        0.000100     3153.724096       55.682911
       8        0.000100     2968.109187       53.996941
       9        0.000100     2773.383019       52.169006
      10        0.000100     2571.371251       50.201538
      11        0.000100     2364.200126       48.099258
      12        0.000100     2154.279086       45.869717
      13        0.000100     1944.248273       43.523346
      14        0.000100     1736.850756       41.073227
      15        0.000100     1534.848013       38.535160
      16        0.000100     1340.925494       35.927757
      17        0.000100     1157.583830       33.272186
      18        0.000100      987.032632       30.592108
      19        0.000100      831.088977       27.914259
      20        0.000100      691.091017       25.269360
      21        0.000100      567.834763       22.690138
      22        0.000100      461.538383       20.207685
      23        0.000100      371.844997       17.864998
      24        0.000100      297.868155       15.700339
      25        0.000100      238.273601       13.750408
      26        0.000100      191.395970       12.063381
      27        0.000100      155.378142       10.659747
      28        0.000100      128.313392        9.531731
      29        0.000100      108.373025        8.646265
      30        0.000100       93.905869        7.974808
      31        0.000100       83.502535        7.465970
      32        0.000100       76.020013        7.082124
      33        0.000100       70.573997        6.789914
      34        0.000100       66.510253        6.563936
      35        0.000100       63.363756        6.383685
      36        0.000100       60.815631        6.236655
      37        0.000100       58.654193        6.111030
      38        0.000100       56.742582        6.000078
      39        0.000100       54.994330        5.898736
      40        0.000100       53.355671        5.804130
      41        0.000100       51.793608        5.714023
      42        0.000100       50.288097        5.626778
      43        0.000100       48.826719        5.541420
      44        0.000100       47.402069        5.457132
      45        0.000100       46.009629        5.373848
      46        0.000100       44.646737        5.291466
      47        0.000100       43.311706        5.209778
      48        0.000100       42.003627        5.128629
      49        0.000100       40.722068        5.047912
      50        0.000100       39.466778        4.967629
      51        0.000100       38.237742        4.887599
      52        0.000100       37.034984        4.808079
      53        0.000100       35.858647        4.728974
      54        0.000100       34.708769        4.650278
      55        0.000100       33.585437        4.572174
      56        0.000100       32.488794        4.494564
      57        0.000100       31.418811        4.417680
      58        0.000100       30.375521        4.341458
      59        0.000100       29.358799        4.266007
      60        0.000100       28.368632        4.191483
      61        0.000100       27.404834        4.117795
      62        0.000100       26.467276        4.045072
      63        0.000100       25.555699        3.973250
      64        0.000100       24.669859        3.902138
      65        0.000100       23.809493        3.831855
      66        0.000100       22.974259        3.762505
      67        0.000100       22.163815        3.694044
      68        0.000100       21.377772        3.626650
      69        0.000100       20.615745        3.560155
      70        0.000100       19.877289        3.494656
      71        0.000100       19.161974        3.430054
      72        0.000100       18.469340        3.366363
      73        0.000100       17.798909        3.303669
      74        0.000100       17.150213        3.241771
      75        0.000100       16.522754        3.180810
      76        0.000100       15.916037        3.120710
      77        0.000100       15.329552        3.061739
      78        0.000100       14.762828        3.003630
      79        0.000100       14.215364        2.946464
      80        0.000100       13.686688        2.890362
      81        0.000100       13.176304        2.835060
      82        0.000100       12.683733        2.780648
      83        0.000100       12.208534        2.726997
      84        0.000100       11.750210        2.674369
      85        0.000100       11.308344        2.622599
      86        0.000100       10.882494        2.571660
      87        0.000100       10.472243        2.521642
      88        0.000100       10.077158        2.472536
      89        0.000100        9.696841        2.424334
      90        0.000100        9.330913        2.376851
      91        0.000100        8.978996        2.330279
      92        0.000100        8.640692        2.284623
      93        0.000100        8.315618        2.239788
      94        0.000100        8.003348        2.195951
      95        0.000100        7.703607        2.153013
      96        0.000100        7.416039        2.110937
      97        0.000100        7.140282        2.069895
      98        0.000100        6.875953        2.029841
      99        0.000100        6.622503        1.990806
     100        0.000100        6.379531        1.952728
     101        0.000100        6.146833        1.915654
     102        0.000100        5.924438        1.879545
     103        0.000100        5.711817        1.844423
     104        0.000100        5.508474        1.810329
     105        0.000100        5.313492        1.776966
     106        0.000100        5.127446        1.744364
     107        0.000100        4.948355        1.712564
     108        0.000100        4.773837        1.681088
     109        0.000100        4.602986        1.649642
     110        0.000100        4.423734        1.616667
     111        0.000100        4.229833        1.579439
     112        0.000100        4.009607        1.535081
     113        0.000100        3.791439        1.492014
     114        0.000100        3.589423        1.448982
     115        0.000100        3.415174        1.410412
     116        0.000100        3.265623        1.376895
     117        0.000100        3.136942        1.347611
     118        0.000100        3.023334        1.320883
     119        0.000100        2.923663        1.297516
     120        0.000100        2.833194        1.275993
     121        0.000100        2.749365        1.255940
     122        0.000100        2.669847        1.236546
     123        0.000100        2.595190        1.218059
     124        0.000100        2.525585        1.200417
     125        0.000100        2.459799        1.183523
     126        0.000100        2.397613        1.167415
     127        0.000100        2.338485        1.151735
     128        0.000100        2.282473        1.136714
     129        0.000100        2.228863        1.122083
     130        0.000100        2.177622        1.107910
     131        0.000100        2.128591        1.094125
     132        0.000100        2.081688        1.080760
     133        0.000100        2.036705        1.067766
     134        0.000100        1.993477        1.055149
     135        0.000100        1.951887        1.042872
     136        0.000100        1.911837        1.030940
     137        0.000100        1.873277        1.019364
     138        0.000100        1.836034        1.008057
     139        0.000100        1.800155        0.997066
     140        0.000100        1.765457        0.986278
     141        0.000100        1.732017        0.975865
     142        0.000100        1.699687        0.965813
     143        0.000100        1.668439        0.956027
     144        0.000100        1.638245        0.946454
     145        0.000100        1.609053        0.937141
     146        0.000100        1.580793        0.928036
     147        0.000100        1.553466        0.919168
     148        0.000100        1.526964        0.910484
     149        0.000100        1.501304        0.902035
     150        0.000100        1.476433        0.893799
     151        0.000100        1.452310        0.885830
     152        0.000100        1.428907        0.878054
     153        0.000100        1.406180        0.870446
     154        0.000100        1.384109        0.863007
     155        0.000100        1.362585        0.855720
     156        0.000100        1.341714        0.848679
     157        0.000100        1.321424        0.841853
     158        0.000100        1.301699        0.835208
     159        0.000100        1.282520        0.828704
     160        0.000100        1.263869        0.822384
     161        0.000100        1.245741        0.816198
     162        0.000100        1.228107        0.810159
     163        0.000100        1.210921        0.804262
     164        0.000100        1.194188        0.798497
     165        0.000100        1.177907        0.792888
     166        0.000100        1.162047        0.787410
     167        0.000100        1.146593        0.782041
     168        0.000100        1.131529        0.776782
     169        0.000100        1.116844        0.771644
     170        0.000100        1.102528        0.766593
     171        0.000100        1.088562        0.761670
     172        0.000100        1.074928        0.756836
     173        0.000100        1.061627        0.752093
     174        0.000100        1.048652        0.747455
     175        0.000100        1.035997        0.742943
     176        0.000100        1.023634        0.738519
     177        0.000100        1.011520        0.734170
     178        0.000100        0.999719        0.729928
     179        0.000100        0.988189        0.725743
     180        0.000100        0.976902        0.721627
     181        0.000100        0.965900        0.717603
     182        0.000100        0.955173        0.713665
     183        0.000100        0.944698        0.709823
     184        0.000100        0.934499        0.706080
     185        0.000100        0.924528        0.702412
     186        0.000100        0.914791        0.698810
     187        0.000100        0.905283        0.695256
     188        0.000100        0.895995        0.691764
     189        0.000100        0.886924        0.688331
     190        0.000100        0.878065        0.684957
     191        0.000100        0.869412        0.681628
     192        0.000100        0.860952        0.678343
     193        0.000100        0.852684        0.675107
     194        0.000100        0.844603        0.671933
     195        0.000100        0.836705        0.668819
     196        0.000100        0.828989        0.665759
     197        0.000100        0.821443        0.662746
     198        0.000100        0.814064        0.659786
     199        0.000100        0.806866        0.656889
     200        0.000100        0.799819        0.654035
     201        0.000100        0.792928        0.651217
     202        0.000100        0.786185        0.648441
     203        0.000100        0.779589        0.645694
     204        0.000100        0.773135        0.642967
     205        0.000100        0.766822        0.640277
     206        0.000100        0.760645        0.637628
     207        0.000100        0.754602        0.635039
     208        0.000100        0.748687        0.632486
     209        0.000100        0.742901        0.629962
     210        0.000100        0.737239        0.627466
     211        0.000100        0.731696        0.624998
     212        0.000100        0.726269        0.622579
     213        0.000100        0.720959        0.620193
     214        0.000100        0.715779        0.617842
     215        0.000100        0.710699        0.615538
     216        0.000100        0.705724        0.613256
     217        0.000100        0.700855        0.610998
     218        0.000100        0.696088        0.608771
     219        0.000100        0.691423        0.606608
     220        0.000100        0.686854        0.604486
     221        0.000100        0.682380        0.602404
     222        0.000100        0.678002        0.600359
     223        0.000100        0.673712        0.598334
     224        0.000100        0.669516        0.596337
     225        0.000100        0.665410        0.594392
     226        0.000100        0.661390        0.592481
     227        0.000100        0.657459        0.590611
     228        0.000100        0.653611        0.588779
     229        0.000100        0.649844        0.586971
     230        0.000100        0.646158        0.585194
     231        0.000100        0.642542        0.583432
     232        0.000100        0.639011        0.581690
     233        0.000100        0.635553        0.579968
     234        0.000100        0.632171        0.578266
     235        0.000100        0.628861        0.576582
     236        0.000100        0.625624        0.574913
     237        0.000100        0.622458        0.573262
     238        0.000100        0.619362        0.571636
     239        0.000100        0.616335        0.570028
     240        0.000100        0.613374        0.568436
     241        0.000100        0.610479        0.566864
     242        0.000100        0.607645        0.565308
     243        0.000100        0.604870        0.563769
     244        0.000100        0.602157        0.562251
     245        0.000100        0.599505        0.560762
     246        0.000100        0.596915        0.559295
     247        0.000100        0.594387        0.557861
     248        0.000100        0.591930        0.556456
     249        0.000100        0.589528        0.555067
     250        0.000100        0.587180        0.553693
     251        0.000100        0.584887        0.552336
     252        0.000100        0.582650        0.551003
     253        0.000100        0.580463        0.549692
     254        0.000100        0.578329        0.548402
     255        0.000100        0.576246        0.547132
     256        0.000100        0.574213        0.545876
     257        0.000100        0.572227        0.544635
     258        0.000100        0.570289        0.543413
     259        0.000100        0.568399        0.542202
     260        0.000100        0.566556        0.541001
     261        0.000100        0.564759        0.539811
     262        0.000100        0.563005        0.538631
     263        0.000100        0.561297        0.537465
     264        0.000100        0.559630        0.536313
     265        0.000100        0.558004        0.535176
     266        0.000100        0.556421        0.534051
     267        0.000100        0.554878        0.532940
     268        0.000100        0.553376        0.531844
     269        0.000100        0.551911        0.530759
     270        0.000100        0.550485        0.529692
     271        0.000100        0.549093        0.528640
     272        0.000100        0.547741        0.527603
     273        0.000100        0.546420        0.526579
     274        0.000100        0.545144        0.525568
     275        0.000100        0.543886        0.524571
     276        0.000100        0.542697        0.523601
     277        0.000100        0.541487        0.522628
     278        0.000100        0.540442        0.521707
     279        0.000100        0.539218        0.520734
     280        0.000100        0.538336        0.519864
     281        0.000100        0.537121        0.518906
     282        0.000100        0.536290        0.518062
     283        0.000100        0.535194        0.517149
     284        0.000100        0.534352        0.516314
     285        0.000100        0.533374        0.515443
     286        0.000100        0.532547        0.514618
     287        0.000100        0.531654        0.513783
     288        0.000100        0.530864        0.512986
     289        0.000100        0.530043        0.512185
     290        0.000100        0.529303        0.511412
     291        0.000100        0.528539        0.510633
     292        0.000100        0.527863        0.509884
     293        0.000100        0.527170        0.509131
     294        0.000100        0.526559        0.508403
     295        0.000100        0.525832        0.507658
     296        0.000100        0.525273        0.506948
     297        0.000100        0.524652        0.506221
     298        0.000100        0.524176        0.505542
     299        0.000100        0.523565        0.504831
     300        0.000100        0.523189        0.504197
     301        0.000100        0.522562        0.503489
     302        0.000100        0.522287        0.502888
     303        0.000100        0.521670        0.502185
     304        0.000100        0.521438        0.501600
     305        0.000100        0.520906        0.500928
     306        0.000100        0.520671        0.500350
     307        0.000100        0.520241        0.499713
     308        0.000100        0.519997        0.499135
     309        0.000100        0.519645        0.498523
     310        0.000100        0.519413        0.497949
     311        0.000100        0.519120        0.497358
     312        0.000100        0.518910        0.496793
     313        0.000100        0.518664        0.496219
     314        0.000100        0.518481        0.495666
     315        0.000100        0.518279        0.495105
     316        0.000100        0.518122        0.494563
     317        0.000100        0.517965        0.494019
     318        0.000100        0.517829        0.493481
     319        0.000100        0.517727        0.492951
     320        0.000100        0.517587        0.492409
     321        0.000100        0.517577        0.491907
     322        0.000100        0.517375        0.491348
     323        0.000100        0.517528        0.490907
     324        0.000100        0.517233        0.490326
     325        0.000100        0.517461        0.489922
     326        0.000100        0.517255        0.489370
     327        0.000100        0.517379        0.488938
     328        0.000100        0.517348        0.488452
     329        0.000100        0.517348        0.487983
     330        0.000100        0.517509        0.487570
     331        0.000100        0.517388        0.487066
     332        0.000100        0.517664        0.486705
     333        0.000100        0.517582        0.486213
     334        0.000100        0.517800        0.485836
     335        0.000100        0.517861        0.485398
     336        0.000100        0.517974        0.484982
     337        0.000100        0.518178        0.484599
     338        0.000100        0.518237        0.484163
     339        0.000100        0.518486        0.483797
     340        0.000100        0.518626        0.483387
     341        0.000100        0.518798        0.482990
     342        0.000100        0.519087        0.482636
     343        0.000100        0.519206        0.482228
     344        0.000100        0.519483        0.481867
     345        0.000100        0.519766        0.481521
     346        0.000100        0.519940        0.481119
     347        0.000100        0.520140        0.480746
     348        0.000100        0.520768        0.480498
     349        0.000100        0.520423        0.479962
     350        0.000100        0.521397        0.479792
     351        0.000100        0.521249        0.479361
     352        0.000100        0.521768        0.479046
     353        0.000100        0.521916        0.478678
     354        0.000100        0.522527        0.478439
     355        0.000100        0.522578        0.478020
     356        0.000100        0.523125        0.477750
     357        0.000100        0.523524        0.477463
     358        0.000100        0.523779        0.477100
     359        0.000100        0.524258        0.476822
     360        0.000100        0.524747        0.476558
     361        0.000100        0.525018        0.476210
     362        0.000100        0.525530        0.475931
     363        0.000100        0.526082        0.475689
     364        0.000100        0.526349        0.475336
     365        0.000100        0.526923        0.475091
     366        0.000100        0.527386        0.474810
     367        0.000100        0.527907        0.474570
     368        0.000100        0.528279        0.474236
     369        0.000100        0.528767        0.473997
     370        0.000100        0.529605        0.473811
     371        0.000100        0.529534        0.473419
     372        0.000100        0.530414        0.473211
     373        0.000100        0.530801        0.472971
     374        0.000100        0.531493        0.472732
     375        0.000100        0.531726        0.472388
     376        0.000100        0.532597        0.472226
     377        0.000100        0.533062        0.471992
     378        0.000100        0.533606        0.471702
     379        0.000100        0.534192        0.471477
     380        0.000100        0.534966        0.471305
     381        0.000100        0.535398        0.471021
     382        0.000100        0.536166        0.470817
     383        0.000100        0.536611        0.470553
     384        0.000100        0.537722        0.470487
     385        0.000100        0.537985        0.470159
     386        0.000100        0.538740        0.469913
     387        0.000100        0.539618        0.469842
     388        0.000100        0.540200        0.469547
     389        0.000100        0.540783        0.469346
     390        0.000100        0.541792        0.469207
     391        0.000100        0.542148        0.468929
     392        0.000100        0.543222        0.468804
     393        0.000100        0.543644        0.468546
     394        0.000100        0.544619        0.468392
     395        0.000100        0.545185        0.468175
     396        0.000100        0.545982        0.467964
     397        0.000100        0.546758        0.467811
     398        0.000100        0.547493        0.467604
     399        0.000100        0.548120        0.467364
     400        0.000100        0.549303        0.467339
     401        0.000100        0.549342        0.466896
     402        0.000100        0.550817        0.466951
     403        0.000100        0.551076        0.466620
     404        0.000100        0.552182        0.466505
     405        0.000100        0.552745        0.466303
     406        0.000100        0.553718        0.466138
     407        0.000100        0.554328        0.465940
     408        0.000100        0.555336        0.465787
     409        0.000100        0.556004        0.465597
     410        0.000100        0.557096        0.465511
     411        0.000100        0.557606        0.465254
     412        0.000100        0.558859        0.465190
     413        0.000100        0.559360        0.464938
     414        0.000100        0.560705        0.464919
     415        0.000100        0.561432        0.464777
     416        0.000100        0.562471        0.464591
     417        0.000100        0.563470        0.464510
     418        0.000100        0.564424        0.464354
     419        0.000100        0.565616        0.464348
     420        0.000100        0.566809        0.464251
     421        0.000100        0.567584        0.464077
     422        0.000100        0.568930        0.464055
     423        0.000100        0.569905        0.463964
     424        0.000100        0.571141        0.463878
     425        0.000100        0.572046        0.463739
     426        0.000100        0.573266        0.463689
     427        0.000100        0.573950        0.463492
     428        0.000100        0.575078        0.463369
     429        0.000100        0.575731        0.463162
     430        0.000100        0.576738        0.463001
     431        0.000100        0.577261        0.462742
     432        0.000100        0.578173        0.462558
     433        0.000100        0.578662        0.462289
     434        0.000100        0.579510        0.462081
     435        0.000100        0.580013        0.461824
     436        0.000100        0.581005        0.461657
     437        0.000100        0.581488        0.461421
     438        0.000100        0.582648        0.461298
     439        0.000100        0.583349        0.461135
     440        0.000100        0.584801        0.461099
     441        0.000100        0.585880        0.461041
     442        0.000100        0.587593        0.461124
     443        0.000100        0.588824        0.461139
     444        0.000100        0.590533        0.461240
     445        0.000100        0.591724        0.461231
     446        0.000100        0.593250        0.461289
     447        0.000100        0.594227        0.461229
     448        0.000100        0.595640        0.461235
     449        0.000100        0.596642        0.461123
     450        0.000100        0.597911        0.461055
     451        0.000100        0.598730        0.460880
     452        0.000100        0.599878        0.460768
     453        0.000100        0.600637        0.460574
     454        0.000100        0.601770        0.460455
     455        0.000100        0.602547        0.460264
     456        0.000100        0.603714        0.460158
     457        0.000100        0.604529        0.459984
     458        0.000100        0.605743        0.459897
     459        0.000100        0.606597        0.459740
     460        0.000100        0.607856        0.459673
     461        0.000100        0.608753        0.459536
     462        0.000100        0.610052        0.459489
     463        0.000100        0.610906        0.459373
     464        0.000100        0.612105        0.459330
     465        0.000100        0.613074        0.459248
     466        0.000100        0.614433        0.459209
     467        0.000100        0.615580        0.459169
     468        0.000100        0.616809        0.459099
     469        0.000100        0.618215        0.459151
     470        0.000100        0.619184        0.458994
     471        0.000100        0.620791        0.459102
     472        0.000100        0.621900        0.459025
     473        0.000100        0.623150        0.458988
     474        0.000100        0.624547        0.458984
     475        0.000100        0.625814        0.458984
     476        0.000100        0.627105        0.458988
     477        0.000100        0.627951        0.458847
     478        0.000100        0.629403        0.458880
     479        0.000100        0.630582        0.458850
     480        0.000100        0.631943        0.458829
     481        0.000100        0.632789        0.458661
     482        0.000100        0.634147        0.458642
     483        0.000100        0.635091        0.458539
     484        0.000100        0.636232        0.458435
     485        0.000100        0.637052        0.458272
     486        0.000100        0.638269        0.458217
     487        0.000100        0.638934        0.458028
     488        0.000100        0.639935        0.457913
     489        0.000100        0.640698        0.457768
     490        0.000100        0.641895        0.457691
     491        0.000100        0.642664        0.457537
     492        0.000100        0.643889        0.457494
     493        0.000100        0.644822        0.457400
     494        0.000100        0.646136        0.457390
     495        0.000100        0.647212        0.457339
     496        0.000100        0.648775        0.457418
     497        0.000100        0.649930        0.457428
     498        0.000100        0.649127        0.457452
     499        0.000100        0.650362        0.457526
     500        0.000100        0.652124        0.457682
     501        0.000100        0.653465        0.457762
     502        0.000100        0.655223        0.457925
     503        0.000100        0.656535        0.457974
     504        0.000100        0.658115        0.458059
     505        0.000100        0.659146        0.457996
     506        0.000100        0.660233        0.457926
     507        0.000100        0.660800        0.457721
     508        0.000100        0.661743        0.457585
     509        0.000100        0.662488        0.457378
     510        0.000100        0.663578        0.457274
     511        0.000100        0.664386        0.457116
     512        0.000100        0.665569        0.457057
     513        0.000100        0.666432        0.456934
     514        0.000100        0.667586        0.456906
     515        0.000100        0.668390        0.456814
     516        0.000100        0.669598        0.456820
     517        0.000100        0.670617        0.456764
     518        0.000100        0.671912        0.456791
     519        0.000100        0.672935        0.456766
     520        0.000100        0.674245        0.456798
     521        0.000100        0.675303        0.456797
     522        0.000100        0.676511        0.456824
     523        0.000100        0.677513        0.456839
     524        0.000100        0.678663        0.456845
     525        0.000100        0.679996        0.456930
     526        0.000100        0.680922        0.456827
     527        0.000100        0.682444        0.456983
     528        0.000100        0.683382        0.456912
     529        0.000100        0.684553        0.456930
     530        0.000100        0.685626        0.456914
     531        0.000100        0.686688        0.456956
     532        0.000100        0.687670        0.456911
     533        0.000100        0.688584        0.456821
     534        0.000100        0.689866        0.456852
     535        0.000100        0.690770        0.456817
     536        0.000100        0.691762        0.456723
     537        0.000100        0.692388        0.456608
     538        0.000100        0.693464        0.456599
     539        0.000100        0.694086        0.456510
     540        0.000100        0.695114        0.456406
     541        0.000100        0.695806        0.456326
     542        0.000100        0.696901        0.456311
     543        0.000100        0.697495        0.456202
     544        0.000100        0.698390        0.456145
     545        0.000100        0.699041        0.456104
     546        0.000100        0.699970        0.456084
     547        0.000100        0.700748        0.456021
     548        0.000100        0.701849        0.456036
     549        0.000100        0.702734        0.456046
     550        0.000100        0.703875        0.456076
     551        0.000100        0.704708        0.456107
     552        0.000100        0.705939        0.456213
     553        0.000100        0.706785        0.456283
     554        0.000100        0.708213        0.456416
     555        0.000100        0.709268        0.456552
     556        0.000100        0.710721        0.456711
     557        0.000100        0.711768        0.456820
     558        0.000100        0.713163        0.456976
     559        0.000100        0.714082        0.457057
     560        0.000100        0.713447        0.456996
     561        0.000100        0.713933        0.456869
     562        0.000100        0.714600        0.456684
     563        0.000100        0.714902        0.456454
     564        0.000100        0.715637        0.456288
     565        0.000100        0.716087        0.456123
     566        0.000100        0.716927        0.456048
     567        0.000100        0.717441        0.455968
     568        0.000100        0.718232        0.455938
     569        0.000100        0.718668        0.455893
     570        0.000100        0.719516        0.455899
     571        0.000100        0.720138        0.455887
     572        0.000100        0.721041        0.455918
     573        0.000100        0.721538        0.455922
     574        0.000100        0.722329        0.455961
     575        0.000100        0.722845        0.455973
     576        0.000100        0.723792        0.456017
     577        0.000100        0.724347        0.456032
     578        0.000100        0.725236        0.456081
     579        0.000100        0.725695        0.456099
     580        0.000100        0.726434        0.456132
     581        0.000100        0.726922        0.456154
     582        0.000100        0.727744        0.456159
     583        0.000100        0.728346        0.456194
     584        0.000100        0.728876        0.456147
     585        0.000100        0.729514        0.456217
     586        0.000100        0.729762        0.456079
     587        0.000100        0.730719        0.456202
     588        0.000100        0.731023        0.456085
     589        0.000100        0.731499        0.456047
     590        0.000100        0.732032        0.456017
     591        0.000100        0.732371        0.456020
     592        0.000100        0.732688        0.455939
     593        0.000100        0.732995        0.455840
     594        0.000100        0.733637        0.455855
     595        0.000100        0.733850        0.455840
     596        0.000100        0.734164        0.455759
     597        0.000100        0.734169        0.455662
     598        0.000100        0.734878        0.455702
     599        0.000100        0.733484        0.455615
     600        0.000100        0.733929        0.455568
     601        0.000100        0.734298        0.455563
     602        0.000100        0.734935        0.455601
     603        0.000100        0.735162        0.455570
     604        0.000100        0.735677        0.455612
     605        0.000100        0.735919        0.455654
     606        0.000100        0.736461        0.455710
     607        0.000100        0.736846        0.455751
     608        0.000100        0.737544        0.455853
     609        0.000100        0.737841        0.455931
     610        0.000100        0.738447        0.456036
     611        0.000100        0.738809        0.456130
     612        0.000100        0.739735        0.456287
     613        0.000100        0.740142        0.456368
     614        0.000100        0.740798        0.456468
     615        0.000100        0.741028        0.456518
     616        0.000100        0.741366        0.456506
     617        0.000100        0.741226        0.456342
     618        0.000100        0.741261        0.456164
     619        0.000100        0.740904        0.455937
     620        0.000100        0.740921        0.455769
     621        0.000100        0.740653        0.455609
     622        0.000100        0.740939        0.455514
     623        0.000100        0.740796        0.455404
     624        0.000100        0.740996        0.455372
     625        0.000100        0.740896        0.455332
     626        0.000100        0.741132        0.455357
     627        0.000100        0.741284        0.455376
     628        0.000100        0.741611        0.455442
     629        0.000100        0.741587        0.455481
     630        0.000100        0.741862        0.455551
     631        0.000100        0.741751        0.455584
     632        0.000100        0.742196        0.455651
     633        0.000100        0.740525        0.455622
     634        0.000100        0.740842        0.455670
     635        0.000100        0.740952        0.455674
     636        0.000100        0.741276        0.455703
     637        0.000100        0.741215        0.455697
     638        0.000100        0.741402        0.455701
     639        0.000100        0.741323        0.455683
     640        0.000100        0.741637        0.455681
     641        0.000100        0.741530        0.455640
     642        0.000100        0.741628        0.455623
     643        0.000100        0.741576        0.455626
     644        0.000100        0.741314        0.455504
     645        0.000100        0.741609        0.455548
     646        0.000100        0.741478        0.455484
     647        0.000100        0.741375        0.455470
     648        0.000100        0.741204        0.455372
     649        0.000100        0.741092        0.455395
     650        0.000100        0.741346        0.455422
     651        0.000100        0.741006        0.455341
     652        0.000100        0.740955        0.455298
     653        0.000100        0.740819        0.455335
     654        0.000100        0.740824        0.455342
     655        0.000100        0.740704        0.455298
     656        0.000100        0.740844        0.455345
     657        0.000100        0.740690        0.455370
     658        0.000100        0.740748        0.455393
     659        0.000100        0.740477        0.455397
     660        0.000100        0.740900        0.455498
     661        0.000100        0.740720        0.455521
     662        0.000100        0.740898        0.455576
     663        0.000100        0.740861        0.455637
     664        0.000100        0.741019        0.455732
     665        0.000100        0.741144        0.455790
     666        0.000100        0.741332        0.455855
     667        0.000100        0.741417        0.455961
     668        0.000100        0.741803        0.456107
     669        0.000100        0.739707        0.456009
     670        0.000100        0.739933        0.456055
     671        0.000100        0.739938        0.456081
     672        0.000100        0.740024        0.456068
     673        0.000100        0.739547        0.455912
     674        0.000100        0.739537        0.455825
     675        0.000100        0.738990        0.455652
     676        0.000100        0.738742        0.455523
     677        0.000100        0.738074        0.455368
     678        0.000100        0.737940        0.455279
     679        0.000100        0.737285        0.455154
     680        0.000100        0.737046        0.455135
     681        0.000100        0.736684        0.455111
     682        0.000100        0.736667        0.455148
     683        0.000100        0.736798        0.455210
     684        0.000100        0.737002        0.455337
     685        0.000100        0.736861        0.455423
     686        0.000100        0.736958        0.455542
     687        0.000100        0.736537        0.455586
     688        0.000100        0.736763        0.455675
     689        0.000100        0.736423        0.455695
     690        0.000100        0.736491        0.455746
     691        0.000100        0.736263        0.455753
     692        0.000100        0.736633        0.455794
     693        0.000100        0.736495        0.455781
     694        0.000100        0.736709        0.455805
     695        0.000100        0.736066        0.455754
     696        0.000100        0.736386        0.455774
     697        0.000100        0.734134        0.455651
     698        0.000100        0.734430        0.455664
     699        0.000100        0.734106        0.455622
     700        0.000100        0.734279        0.455627
     701        0.000100        0.733807        0.455587
     702        0.000100        0.734141        0.455590
     703        0.000100        0.733861        0.455579
     704        0.000100        0.733827        0.455564
     705        0.000100        0.733660        0.455587
     706        0.000100        0.732783        0.455471
     707        0.000100        0.732944        0.455595
     708        0.000100        0.732170        0.455525
     709        0.000100        0.732019        0.455522
     710        0.000100        0.732217        0.455558
     711        0.000100        0.731995        0.455618
     712        0.000100        0.732521        0.455668
     713        0.000100        0.732050        0.455618
     714        0.000100        0.732250        0.455722
     715        0.000100        0.731769        0.455775
     716        0.000100        0.731175        0.455777
     717        0.000100        0.730937        0.455782
     718        0.000100        0.730902        0.455882
     719        0.000100        0.731090        0.455943
     720        0.000100        0.731497        0.455997
     721        0.000100        0.731375        0.456051
     722        0.000100        0.731998        0.456170
     723        0.000100        0.731301        0.456153
     724        0.000100        0.731317        0.456188
     725        0.000100        0.730535        0.456188
     726        0.000100        0.730457        0.456200
     727        0.000100        0.730211        0.456152
     728        0.000100        0.729869        0.456134
     729        0.000100        0.730279        0.456105
     730        0.000100        0.729786        0.456019
     731        0.000100        0.729656        0.455939
     732        0.000100        0.729101        0.455861
     733        0.000100        0.727006        0.455683
     734        0.000100        0.726077        0.455556
     735        0.000100        0.725802        0.455459
     736        0.000100        0.725393        0.455422
     737        0.000100        0.725415        0.455398
     738        0.000100        0.725506        0.455426
     739        0.000100        0.725624        0.455492
     740        0.000100        0.725912        0.455575
     741        0.000100        0.725299        0.455685
     742        0.000100        0.725484        0.455854
     743        0.000100        0.724822        0.455951
     744        0.000100        0.724992        0.456089
     745        0.000100        0.725050        0.456171
     746        0.000100        0.725132        0.456254
     747        0.000100        0.725566        0.456308
     748        0.000100        0.725468        0.456334
     749        0.000100        0.725389        0.456319
     750        0.000100        0.724849        0.456298
     751        0.000100        0.724294        0.456248
     752        0.000100        0.724118        0.456235
     753        0.000100        0.723183        0.456167
     754        0.000100        0.723804        0.456191
     755        0.000100        0.723315        0.456146
     756        0.000100        0.723907        0.456178
     757        0.000100        0.723649        0.456151
     758        0.000100        0.723304        0.456151
     759        0.000100        0.722992        0.456130
     760        0.000100        0.722330        0.456125
     761        0.000100        0.722022        0.456120
     762        0.000100        0.721629        0.456127
     763        0.000100        0.721756        0.456166
     764        0.000100        0.722161        0.456206
     765        0.000100        0.721780        0.456232
     766        0.000100        0.722415        0.456271
     767        0.000100        0.721813        0.456371
     768        0.000100        0.721475        0.456309
     769        0.000100        0.720951        0.456364
     770        0.000100        0.719463        0.456375
     771        0.000100        0.718860        0.456409
     772        0.000100        0.719608        0.456449
     773        0.000100        0.719510        0.456485
     774        0.000100        0.720480        0.456638
     775        0.000100        0.720184        0.456650
     776        0.000100        0.720343        0.456681
     777        0.000100        0.719666        0.456712
     778        0.000100        0.719468        0.456774
     779        0.000100        0.719025        0.456764
     780        0.000100        0.718438        0.456782
     781        0.000100        0.718988        0.456840
     782        0.000100        0.718889        0.456850
     783        0.000100        0.719214        0.456850
     784        0.000100        0.719335        0.456883
     785        0.000100        0.718572        0.456833
     786        0.000100        0.718396        0.456802
     787        0.000100        0.717274        0.456719
     788        0.000100        0.717173        0.456721
     789        0.000100        0.716454        0.456653
     790        0.000100        0.716667        0.456611
     791        0.000100        0.716760        0.456579
     792        0.000100        0.716455        0.456570
     793        0.000100        0.716854        0.456616
     794        0.000100        0.715904        0.456550
     795        0.000100        0.715649        0.456589
     796        0.000100        0.715233        0.456649
     797        0.000100        0.714506        0.456688
     798        0.000100        0.715145        0.456813
     799        0.000100        0.715159        0.456972
     800        0.000100        0.716278        0.457165
     801        0.000100        0.716342        0.457339
     802        0.000100        0.717172        0.457525
     803        0.000100        0.717049        0.457684
     804        0.000100        0.716690        0.457803
     805        0.000100        0.716599        0.457862
     806        0.000100        0.715899        0.457833
     807        0.000100        0.716034        0.457755
     808        0.000100        0.714924        0.457626
     809        0.000100        0.714488        0.457526
     810        0.000100        0.715338        0.457509
     811        0.000100        0.714915        0.457455
     812        0.000100        0.714407        0.457405
     813        0.000100        0.713929        0.457385
     814        0.000100        0.713313        0.457355
     815        0.000100        0.713136        0.457376
     816        0.000100        0.713187        0.457394
     817        0.000100        0.713514        0.457454
     818        0.000100        0.714174        0.457507
     819        0.000100        0.713681        0.457542
     820        0.000100        0.714273        0.457597
     821        0.000100        0.713186        0.457614
     822        0.000100        0.713285        0.457653
     823        0.000100        0.712681        0.457696
     824        0.000100        0.712356        0.457721
     825        0.000100        0.712924        0.457823
     826        0.000100        0.712975        0.457853
     827        0.000100        0.713855        0.457992
     828        0.000100        0.713491        0.457961
     829        0.000100        0.714001        0.458125
     830        0.000100        0.713262        0.458040
     831        0.000100        0.712711        0.458146
     832        0.000100        0.712646        0.458124
     833        0.000100        0.712171        0.458169
     834        0.000100        0.713059        0.458234
     835        0.000100        0.712930        0.458285
     836        0.000100        0.713910        0.458326
     837        0.000100        0.713733        0.458324
     838        0.000100        0.713467        0.458393
     839        0.000100        0.713297        0.458420
     840        0.000100        0.712035        0.458264
     841        0.000100        0.711995        0.458274
     842        0.000100        0.711797        0.458295
     843        0.000100        0.711935        0.458355
     844        0.000100        0.712680        0.458320
     845        0.000100        0.712417        0.458311
     846        0.000100        0.713020        0.458340
     847        0.000100        0.707602        0.458059
     848        0.000100        0.707690        0.458060
     849        0.000100        0.705607        0.458020
     850        0.000100        0.705246        0.458030
     851        0.000100        0.705151        0.458083
     852        0.000100        0.705897        0.458174
     853        0.000100        0.706180        0.458276
     854        0.000100        0.706953        0.458374
     855        0.000100        0.706943        0.458475
     856        0.000100        0.707241        0.458575
     857        0.000100        0.706739        0.458665
     858        0.000100        0.706919        0.458768
     859        0.000100        0.706520        0.458959
     860        0.000100        0.705929        0.459053
     861        0.000100        0.707648        0.459277
     862        0.000100        0.707864        0.459391
     863        0.000100        0.709058        0.459565
     864        0.000100        0.708899        0.459572
     865        0.000100        0.708639        0.459520
     866        0.000100        0.707933        0.459377
     867        0.000100        0.706720        0.459208
     868        0.000100        0.706521        0.459100
     869        0.000100        0.706044        0.459001
     870        0.000100        0.706613        0.458962
     871        0.000100        0.706731        0.458946
     872        0.000100        0.707244        0.458961
     873        0.000100        0.707312        0.458995
     874        0.000100        0.706636        0.459012
     875        0.000100        0.706612        0.459087
     876        0.000100        0.705865        0.459146
     877        0.000100        0.706084        0.459261
     878        0.000100        0.706599        0.459397
     879        0.000100        0.706531        0.459503
     880        0.000100        0.707902        0.459662
     881        0.000100        0.707596        0.459747
     882        0.000100        0.708483        0.459860
     883        0.000100        0.707529        0.459905
     884        0.000100        0.707939        0.459979
     885        0.000100        0.707414        0.460034
     886        0.000100        0.707241        0.460070
     887        0.000100        0.707930        0.460169
     888        0.000100        0.708126        0.460204
     889        0.000100        0.709154        0.460311
     890        0.000100        0.708960        0.460303
     891        0.000100        0.709642        0.460392
     892        0.000100        0.708458        0.460301
     893        0.000100        0.708855        0.460426
     894        0.000100        0.708024        0.460299
     895        0.000100        0.706801        0.460347
     896        0.000100        0.706473        0.460317
     897        0.000100        0.707789        0.460395
     898        0.000100        0.707742        0.460387
     899        0.000100        0.708841        0.460505
     900        0.000100        0.708302        0.460520
     901        0.000100        0.708330        0.460485
     902        0.000100        0.707407        0.460487
     903        0.000100        0.707545        0.460590
     904        0.000100        0.707779        0.460661
     905        0.000100        0.707516        0.460671
     906        0.000100        0.709038        0.460854
     907        0.000100        0.709074        0.460938
     908        0.000100        0.710238        0.461058
     909        0.000100        0.709611        0.461172
     910        0.000100        0.708570        0.461241
     911        0.000100        0.709320        0.461349
     912        0.000100        0.708689        0.461426
     913        0.000100        0.709819        0.461588
     914        0.000100        0.710292        0.461762
     915        0.000100        0.711590        0.461900
     916        0.000100        0.712158        0.462058
     917        0.000100        0.712686        0.462173
     918        0.000100        0.712818        0.462250
     919        0.000100        0.711757        0.462194
     920        0.000100        0.712037        0.462212
     921        0.000100        0.711203        0.462111
     922        0.000100        0.711944        0.462080
     923        0.000100        0.711753        0.461998
     924        0.000100        0.712642        0.461946
     925        0.000100        0.712624        0.461865
     926        0.000100        0.712179        0.461796
     927        0.000100        0.712104        0.461776
     928        0.000100        0.711253        0.461753
     929        0.000100        0.711362        0.461811
     930        0.000100        0.711722        0.461909
     931        0.000100        0.711730        0.462010
     932        0.000100        0.713451        0.462208
     933        0.000100        0.713399        0.462340
     934        0.000100        0.714952        0.462519
     935        0.000100        0.714046        0.462598
     936        0.000100        0.715042        0.462721
     937        0.000100        0.714257        0.462787
     938        0.000100        0.714256        0.462843
     939        0.000100        0.714764        0.462946
     940        0.000100        0.715366        0.463016
     941        0.000100        0.716484        0.463123
     942        0.000100        0.712870        0.462953
     943        0.000100        0.713585        0.463019
     944        0.000100        0.712370        0.462956
     945        0.000100        0.710810        0.462918
     946        0.000100        0.711581        0.462928
     947        0.000100        0.710930        0.462950
     948        0.000100        0.711246        0.462941
     949        0.000100        0.712247        0.463061
     950        0.000100        0.712693        0.463015
     951        0.000100        0.713798        0.463202
     952        0.000100        0.713440        0.463106
     953        0.000100        0.713802        0.463199
     954        0.000100        0.713112        0.463149
     955        0.000100        0.713633        0.463306
     956        0.000100        0.713166        0.463240
     957        0.000100        0.714235        0.463363
     958        0.000100        0.715049        0.463474
     959        0.000100        0.715340        0.463606
     960        0.000100        0.716527        0.463616
     961        0.000100        0.716202        0.463789
     962        0.000100        0.714677        0.463787
     963        0.000100        0.716186        0.463932
     964        0.000100        0.714766        0.463904
     965        0.000100        0.716871        0.464143
     966        0.000100        0.716634        0.464210
     967        0.000100        0.718857        0.464379
     968        0.000100        0.718855        0.464458
     969        0.000100        0.720159        0.464633
     970        0.000100        0.719920        0.464662
     971        0.000100        0.719391        0.464688
     972        0.000100        0.719746        0.464774
     973        0.000100        0.719610        0.464812
     974        0.000100        0.720543        0.464837
     975        0.000100        0.720984        0.464874
     976        0.000100        0.722123        0.464899
     977        0.000100        0.722092        0.464845
     978        0.000100        0.722465        0.464783
     979        0.000100        0.721732        0.464698
     980        0.000050        0.721594        0.464624
     981        0.000050        0.718027        0.463891
     982        0.000050        0.717339        0.463887
     983        0.000050        0.717424        0.463989
     984        0.000050        0.717488        0.464085
     985        0.000050        0.717472        0.464161
     986        0.000050        0.717395        0.464220
     987        0.000050        0.717277        0.464270
     988        0.000050        0.717134        0.464316
     989        0.000050        0.716976        0.464359
     990        0.000050        0.716811        0.464403
     991        0.000050        0.716645        0.464448
     992        0.000050        0.716478        0.464492
     993        0.000050        0.716317        0.464537
     994        0.000050        0.716159        0.464582
     995        0.000050        0.716009        0.464627
     996        0.000050        0.715799        0.464669
     997        0.000050        0.715685        0.464718
     998        0.000050        0.715479        0.464754
     999        0.000050        0.715414        0.464803
    1000        0.000050        0.715234        0.464845
    1001        0.000050        0.715172        0.464895
    1002        0.000050        0.715004        0.464927
    1003        0.000050        0.714983        0.464974
    1004        0.000050        0.714841        0.465013
    1005        0.000050        0.714821        0.465061
    1006        0.000050        0.714682        0.465089
    1007        0.000050        0.714702        0.465133
    1008        0.000050        0.714591        0.465168
    1009        0.000050        0.714612        0.465214
    1010        0.000050        0.713737        0.465225
    1011        0.000050        0.713804        0.465249
    1012        0.000050        0.713873        0.465284
    1013        0.000050        0.713851        0.465317
    1014        0.000050        0.713889        0.465356
    1015        0.000050        0.713864        0.465379
    1016        0.000050        0.713933        0.465416
    1017        0.000050        0.713905        0.465447
    1018        0.000050        0.713967        0.465486
    1019        0.000050        0.713941        0.465508
    1020        0.000050        0.714049        0.465543
    1021        0.000050        0.713999        0.465576
    1022        0.000050        0.714168        0.465607
    1023        0.000050        0.714022        0.465636
    1024        0.000050        0.714284        0.465660
    1025        0.000050        0.714179        0.465692
    1026        0.000050        0.714350        0.465726
    1027        0.000050        0.714309        0.465742
    1028        0.000050        0.714480        0.465775
    1029        0.000050        0.714463        0.465796
    1030        0.000050        0.714628        0.465840
    1031        0.000050        0.714558        0.465833
    1032        0.000050        0.714863        0.465901
    1033        0.000050        0.714780        0.465891
    1034        0.000050        0.714995        0.465945
    1035        0.000050        0.714953        0.465928
    1036        0.000050        0.715190        0.466000
    1037        0.000050        0.715235        0.466016
    1038        0.000050        0.715322        0.466008
    1039        0.000050        0.715383        0.466033
    1040        0.000050        0.715689        0.466113
    1041        0.000050        0.714822        0.466092
    1042        0.000050        0.715027        0.466076
    1043        0.000050        0.715208        0.466122
    1044        0.000050        0.715419        0.466153
    1045        0.000050        0.715418        0.466166
    1046        0.000050        0.714605        0.466207
    1047        0.000050        0.714976        0.466250
    1048        0.000050        0.715258        0.466255
    1049        0.000050        0.715421        0.466272
    1050        0.000050        0.715697        0.466308
    1051        0.000050        0.715851        0.466344
    1052        0.000050        0.716063        0.466367
    1053        0.000050        0.716117        0.466379
    1054        0.000050        0.716337        0.466417
    1055        0.000050        0.716528        0.466484
    1056        0.000050        0.716643        0.466477
    1057        0.000050        0.716846        0.466496
    1058        0.000050        0.716916        0.466512
    1059        0.000050        0.717142        0.466574
    1060        0.000050        0.717428        0.466640
    1061        0.000050        0.717364        0.466585
    1062        0.000050        0.717679        0.466628
    1063        0.000050        0.717714        0.466665
    1064        0.000050        0.717931        0.466669
    1065        0.000050        0.717924        0.466672
    1066        0.000050        0.718231        0.466704
    1067        0.000050        0.718282        0.466713
    1068        0.000050        0.718399        0.466709
    1069        0.000050        0.718513        0.466732
    1070        0.000050        0.718602        0.466730
    1071        0.000050        0.718753        0.466745
    1072        0.000050        0.718898        0.466744
    1073        0.000050        0.718966        0.466763
    1074        0.000050        0.719182        0.466792
    1075        0.000050        0.719163        0.466794
    1076        0.000050        0.719399        0.466800
    1077        0.000050        0.718489        0.466795
    1078        0.000050        0.718985        0.466848
    1079        0.000050        0.719192        0.466894
    1080        0.000050        0.719414        0.466895
    1081        0.000050        0.719691        0.466971
    1082        0.000050        0.719977        0.467037
    1083        0.000050        0.720274        0.467112
    1084        0.000050        0.720572        0.467138
    1085        0.000050        0.720948        0.467253
    1086        0.000050        0.721480        0.467389
    1087        0.000050        0.721725        0.467462
    1088        0.000050        0.722267        0.467576
    1089        0.000050        0.722623        0.467682
    1090        0.000050        0.722782        0.467684
    1091        0.000050        0.722722        0.467618
    1092        0.000050        0.722572        0.467488
    1093        0.000050        0.722557        0.467414
    1094        0.000050        0.722642        0.467366
    1095        0.000050        0.722735        0.467360
    1096        0.000050        0.722873        0.467361
    1097        0.000050        0.723057        0.467388
    1098        0.000050        0.723167        0.467387
    1099        0.000050        0.723403        0.467423
    1100        0.000050        0.723634        0.467441
    1101        0.000050        0.723748        0.467475
    1102        0.000050        0.724056        0.467507
    1103        0.000050        0.724097        0.467528
    1104        0.000050        0.724457        0.467561
    1105        0.000050        0.724593        0.467592
    1106        0.000050        0.724900        0.467623
    1107        0.000050        0.725492        0.467651
    1108        0.000050        0.724503        0.467710
    1109        0.000050        0.724661        0.467722
    1110        0.000050        0.725663        0.467748
    1111        0.000050        0.725980        0.467771
    1112        0.000050        0.726455        0.467806
    1113        0.000050        0.726598        0.467824
    1114        0.000050        0.727014        0.467862
    1115        0.000050        0.726350        0.467897
    1116        0.000050        0.726893        0.467917
    1117        0.000050        0.727150        0.467930
    1118        0.000050        0.727543        0.467982
    1119        0.000050        0.727638        0.467981
    1120        0.000050        0.728025        0.468016
    1121        0.000050        0.728118        0.468010
    1122        0.000050        0.728528        0.468089
    1123        0.000050        0.728536        0.468070
    1124        0.000050        0.728810        0.468069
    1125        0.000050        0.729039        0.468104
    1126        0.000050        0.728399        0.468141
    1127        0.000050        0.728558        0.468122
    1128        0.000050        0.728898        0.468115
    1129        0.000050        0.729169        0.468170
    1130        0.000050        0.729460        0.468193
    1131        0.000050        0.729603        0.468188
    1132        0.000050        0.729921        0.468209
    1133        0.000050        0.730098        0.468257
    1134        0.000050        0.730367        0.468271
    1135        0.000050        0.730477        0.468277
    1136        0.000050        0.730851        0.468318
    1137        0.000050        0.731046        0.468354
    1138        0.000050        0.731276        0.468372
    1139        0.000050        0.731532        0.468410
    1140        0.000050        0.731778        0.468440
    1141        0.000050        0.732085        0.468497
    1142        0.000050        0.732353        0.468512
    1143        0.000050        0.732613        0.468546
    1144        0.000050        0.732937        0.468605
    1145        0.000050        0.733270        0.468675
    1146        0.000050        0.732733        0.468737
    1147        0.000050        0.732877        0.468697
    1148        0.000050        0.733518        0.468777
    1149        0.000050        0.733939        0.468879
    1150        0.000050        0.734363        0.468880
    1151        0.000050        0.734672        0.468927
    1152        0.000050        0.735081        0.468980
    1153        0.000050        0.735185        0.468981
    1154        0.000050        0.735514        0.468981
    1155        0.000050        0.735556        0.468974
    1156        0.000050        0.735829        0.468958
    1157        0.000050        0.735888        0.468933
    1158        0.000050        0.736022        0.468906
    1159        0.000050        0.736137        0.468889
    1160        0.000050        0.736169        0.468849
    1161        0.000050        0.736328        0.468846
    1162        0.000050        0.736470        0.468829
    1163        0.000050        0.736617        0.468842
    1164        0.000050        0.736808        0.468863
    1165        0.000050        0.737120        0.468925
    1166        0.000050        0.737418        0.468978
    1167        0.000050        0.737907        0.469069
    1168        0.000050        0.737337        0.469123
    1169        0.000050        0.737714        0.469199
    1170        0.000050        0.738221        0.469269
    1171        0.000050        0.738570        0.469334
    1172        0.000050        0.738931        0.469384
    1173        0.000050        0.739232        0.469435
    1174        0.000050        0.739535        0.469455
    1175        0.000050        0.739848        0.469486
    1176        0.000050        0.740176        0.469500
    1177        0.000050        0.740418        0.469515
    1178        0.000050        0.740659        0.469518
    1179        0.000050        0.740890        0.469532
    1180        0.000050        0.741091        0.469522
    1181        0.000050        0.741366        0.469538
    1182        0.000050        0.741654        0.469541
    1183        0.000050        0.741819        0.469557
    1184        0.000050        0.742137        0.469568
    1185        0.000050        0.742219        0.469576
    1186        0.000050        0.742626        0.469593
    1187        0.000050        0.742787        0.469615
    1188        0.000050        0.743161        0.469632
    1189        0.000050        0.743374        0.469670
    1190        0.000050        0.743613        0.469673
    1191        0.000050        0.744062        0.469753
    1192        0.000050        0.744005        0.469719
    1193        0.000050        0.744638        0.469820
    1194        0.000050        0.744720        0.469808
    1195        0.000050        0.745266        0.469897
    1196        0.000050        0.745469        0.469916
    1197        0.000050        0.745888        0.469975
    1198        0.000050        0.746060        0.470001
    1199        0.000050        0.746587        0.470084
    1200        0.000050        0.746890        0.470111
    1201        0.000050        0.747269        0.470142
    1202        0.000050        0.747660        0.470203
    1203        0.000050        0.748084        0.470323
    1204        0.000050        0.748446        0.470317
    1205        0.000050        0.748381        0.470297
    1206        0.000050        0.749053        0.470376
    1207        0.000050        0.748218        0.470371
    1208        0.000050        0.748460        0.470340
    1209        0.000050        0.748784        0.470363
    1210        0.000050        0.749054        0.470349
    1211        0.000050        0.749167        0.470331
    1212        0.000050        0.749457        0.470322
    1213        0.000050        0.749527        0.470303
    1214        0.000050        0.749843        0.470287
    1215        0.000050        0.749990        0.470279
    1216        0.000050        0.750283        0.470276
    1217        0.000050        0.750382        0.470276
    1218        0.000050        0.750729        0.470289
    1219        0.000050        0.749940        0.470311
    1220        0.000050        0.750314        0.470331
    1221        0.000050        0.750816        0.470401
    1222        0.000050        0.751330        0.470468
    1223        0.000050        0.751811        0.470558
    1224        0.000050        0.752364        0.470644
    1225        0.000050        0.752830        0.470734
    1226        0.000050        0.753370        0.470809
    1227        0.000050        0.753733        0.470886
    1228        0.000050        0.754245        0.470951
    1229        0.000050        0.754517        0.470997
    1230        0.000050        0.755020        0.471037
    1231        0.000050        0.755288        0.471056
    1232        0.000050        0.755659        0.471054
    1233        0.000050        0.755804        0.471047
    1234        0.000050        0.756147        0.471038
    1235        0.000050        0.756216        0.471015
    1236        0.000050        0.756620        0.471011
    1237        0.000050        0.756802        0.471010
    1238        0.000050        0.757165        0.471012
    1239        0.000050        0.757314        0.471017
    1240        0.000050        0.757719        0.471032
    1241        0.000050        0.757812        0.471032
    1242        0.000050        0.758313        0.471060
    1243        0.000050        0.758556        0.471086
    1244        0.000050        0.759019        0.471121
    1245        0.000050        0.759241        0.471150
    1246        0.000050        0.759799        0.471213
    1247        0.000050        0.759915        0.471232
    1248        0.000050        0.760561        0.471294
    1249        0.000050        0.759838        0.471319
    1250        0.000050        0.760324        0.471387
    1251        0.000050        0.760564        0.471371
    1252        0.000050        0.761274        0.471478
    1253        0.000050        0.761577        0.471542
    1254        0.000050        0.762104        0.471593
    1255        0.000050        0.762290        0.471594
    1256        0.000050        0.762981        0.471690
    1257        0.000050        0.763263        0.471711
    1258        0.000050        0.763748        0.471735
    1259        0.000050        0.764030        0.471771
    1260        0.000050        0.764499        0.471795
    1261        0.000050        0.764614        0.471779
    1262        0.000050        0.765108        0.471793
    1263        0.000050        0.764809        0.471767
    1264        0.000050        0.765158        0.471753
    1265        0.000050        0.765331        0.471742
    1266        0.000050        0.765712        0.471740
    1267        0.000050        0.765764        0.471715
    1268        0.000050        0.766196        0.471711
    1269        0.000050        0.766372        0.471710
    1270        0.000050        0.766761        0.471717
    1271        0.000050        0.766900        0.471716
    1272        0.000050        0.767383        0.471749
    1273        0.000050        0.767535        0.471777
    1274        0.000050        0.768161        0.471835
    1275        0.000050        0.768539        0.471903
    1276        0.000050        0.769203        0.471994
    1277        0.000050        0.769590        0.472082
    1278        0.000050        0.770308        0.472183
    1279        0.000050        0.770586        0.472258
    1280        0.000050        0.771340        0.472349
    1281        0.000025        0.771756        0.472427
    1282        0.000025        0.771692        0.470787
    1283        0.000025        0.771210        0.470773
    1284        0.000025        0.771090        0.470789
    1285        0.000025        0.771619        0.470826
    1286        0.000025        0.771905        0.470854
    1287        0.000025        0.772399        0.470888
    1288        0.000025        0.772782        0.470919
    1289        0.000025        0.773040        0.470945
    1290        0.000025        0.773502        0.470978
    1291        0.000025        0.773885        0.471011
    1292        0.000025        0.774172        0.471038
    1293        0.000025        0.774622        0.471071
    1294        0.000025        0.775048        0.471103
    1295        0.000025        0.775421        0.471133
    1296        0.000025        0.775722        0.471160
    1297        0.000025        0.776162        0.471191
    1298        0.000025        0.776582        0.471222
    1299        0.000025        0.776991        0.471251
    1300        0.000025        0.777356        0.471279
    1301        0.000025        0.777661        0.471304
    1302        0.000025        0.778091        0.471333
    1303        0.000025        0.777756        0.471334
    1304        0.000025        0.778247        0.471364
    1305        0.000025        0.778685        0.471393
    1306        0.000025        0.779096        0.471421
    1307        0.000025        0.779493        0.471447
    1308        0.000025        0.779884        0.471474
    1309        0.000025        0.780233        0.471498
    1310        0.000025        0.780526        0.471521
    1311        0.000025        0.780938        0.471546
    1312        0.000025        0.781324        0.471572
    1313        0.000025        0.781707        0.471596
    1314        0.000025        0.782076        0.471621
    1315        0.000025        0.782420        0.471643
    1316        0.000025        0.782684        0.471667
    1317        0.000025        0.783115        0.471686
