       0        0.000100     4109.580577       63.655972
       1        0.000100     4042.749049       63.121231
       2        0.000100     3953.269581       62.405434
       3        0.000100     3842.190010       61.510895
       4        0.000100     3716.054254       60.480934
       5        0.000100     3576.964417       59.324780
       6        0.000100     3426.099891       58.044415
       7        0.000100     3264.132972       56.637718
       8        0.000100     3092.244260       55.105644
       9        0.000100     2912.264274       53.453915
      10        0.000100     2725.943975       51.687965
      11        0.000100     2535.180580       49.814301
      12        0.000100     2341.932200       47.840496
      13        0.000100     2148.201948       45.775276
      14        0.000100     1956.004436       43.628563
      15        0.000100     1767.325141       41.411545
      16        0.000100     1584.065567       39.136395
      17        0.000100     1408.007023       36.816483
      18        0.000100     1240.761278       34.466095
      19        0.000100     1083.733256       32.100517
      20        0.000100      938.082481       29.736591
      21        0.000100      804.694808       27.391884
      22        0.000100      684.157133       25.083601
      23        0.000100      576.747043       22.829060
      24        0.000100      482.432255       20.646412
      25        0.000100      400.882189       18.561914
      26        0.000100      331.490885       16.609953
      27        0.000100      273.419737       14.819546
      28        0.000100      225.642817       13.212465
      29        0.000100      187.007668       11.811039
      30        0.000100      156.293700       10.629376
      31        0.000100      132.275356        9.651427
      32        0.000100      113.773727        8.854505
      33        0.000100       99.703677        8.214542
      34        0.000100       89.102445        7.709226
      35        0.000100       81.149269        7.315849
      36        0.000100       75.167161        7.006001
      37        0.000100       70.617767        6.764507
      38        0.000100       67.086269        6.573926
      39        0.000100       64.263099        6.419030
      40        0.000100       61.923944        6.288821
      41        0.000100       59.910819        6.175141
      42        0.000100       58.115500        6.072514
      43        0.000100       56.465545        5.977069
      44        0.000100       54.913701        5.886744
      45        0.000100       53.429806        5.800217
      46        0.000100       51.994998        5.715952
      47        0.000100       50.597841        5.633333
      48        0.000100       49.231393        5.552024
      49        0.000100       47.891749        5.471553
      50        0.000100       46.576558        5.391447
      51        0.000100       45.284725        5.311716
      52        0.000100       44.015709        5.232460
      53        0.000100       42.769257        5.153444
      54        0.000100       41.545417        5.074807
      55        0.000100       40.344338        4.996765
      56        0.000100       39.166160        4.919056
      57        0.000100       38.011088        4.841947
      58        0.000100       36.879359        4.765306
      59        0.000100       35.771114        4.689138
      60        0.000100       34.686546        4.613455
      61        0.000100       33.625733        4.538399
      62        0.000100       32.588803        4.463927
      63        0.000100       31.575773        4.390046
      64        0.000100       30.586672        4.316792
      65        0.000100       29.621454        4.244105
      66        0.000100       28.680052        4.172067
      67        0.000100       27.762379        4.100809
      68        0.000100       26.868271        4.030400
      69        0.000100       25.997553        3.960763
      70        0.000100       25.150031        3.891913
      71        0.000100       24.325458        3.824035
      72        0.000100       23.523558        3.756922
      73        0.000100       22.744048        3.690747
      74        0.000100       21.986616        3.625299
      75        0.000100       21.250897        3.560800
      76        0.000100       20.536560        3.497344
      77        0.000100       19.843215        3.434733
      78        0.000100       19.170497        3.373086
      79        0.000100       18.517982        3.312247
      80        0.000100       17.885299        3.252235
      81        0.000100       17.272044        3.192928
      82        0.000100       16.677793        3.134490
      83        0.000100       16.102145        3.076864
      84        0.000100       15.544678        3.020128
      85        0.000100       15.004974        2.964367
      86        0.000100       14.482621        2.909436
      87        0.000100       13.977248        2.855325
      88        0.000100       13.488434        2.802026
      89        0.000100       13.015808        2.749478
      90        0.000100       12.558970        2.697866
      91        0.000100       12.117579        2.647328
      92        0.000100       11.691263        2.597731
      93        0.000100       11.279661        2.548974
      94        0.000100       10.882420        2.501076
      95        0.000100       10.499208        2.453970
      96        0.000100       10.129712        2.407753
      97        0.000100        9.773615        2.362601
      98        0.000100        9.430595        2.318451
      99        0.000100        9.100318        2.275215
     100        0.000100        8.782631        2.233062
     101        0.000100        8.477005        2.191830
     102        0.000100        8.183189        2.151482
     103        0.000100        7.900919        2.112013
     104        0.000100        7.630031        2.073679
     105        0.000100        7.370132        2.036341
     106        0.000100        7.120878        2.000093
     107        0.000100        6.881925        1.964820
     108        0.000100        6.653016        1.930638
     109        0.000100        6.433772        1.897322
     110        0.000100        6.223834        1.865084
     111        0.000100        6.022917        1.833696
     112        0.000100        5.830936        1.803229
     113        0.000100        5.647369        1.773770
     114        0.000100        5.471812        1.745125
     115        0.000100        5.304121        1.717300
     116        0.000100        5.143734        1.690407
     117        0.000100        4.990559        1.664335
     118        0.000100        4.844167        1.639098
     119        0.000100        4.704303        1.614643
     120        0.000100        4.570811        1.590910
     121        0.000100        4.443238        1.567928
     122        0.000100        4.321320        1.545936
     123        0.000100        4.204892        1.524708
     124        0.000100        4.093717        1.504158
     125        0.000100        3.987180        1.484341
     126        0.000100        3.885244        1.465050
     127        0.000100        3.787675        1.446567
     128        0.000100        3.694344        1.428755
     129        0.000100        3.604758        1.411569
     130        0.000100        3.518797        1.394965
     131        0.000100        3.436170        1.378806
     132        0.000100        3.356911        1.363037
     133        0.000100        3.280836        1.347714
     134        0.000100        3.207886        1.332912
     135        0.000100        3.137474        1.318586
     136        0.000100        3.069834        1.304692
     137        0.000100        3.004632        1.291216
     138        0.000100        2.941989        1.278095
     139        0.000100        2.881378        1.265295
     140        0.000100        2.822767        1.252758
     141        0.000100        2.766188        1.240521
     142        0.000100        2.711457        1.228545
     143        0.000100        2.658536        1.216846
     144        0.000100        2.607291        1.205389
     145        0.000100        2.557619        1.194169
     146        0.000100        2.509387        1.183198
     147        0.000100        2.462641        1.172429
     148        0.000100        2.417283        1.161859
     149        0.000100        2.373156        1.151470
     150        0.000100        2.330338        1.141272
     151        0.000100        2.288735        1.131292
     152        0.000100        2.248279        1.121503
     153        0.000100        2.208924        1.111846
     154        0.000100        2.170598        1.102339
     155        0.000100        2.133340        1.092969
     156        0.000100        2.097072        1.083726
     157        0.000100        2.061755        1.074601
     158        0.000100        2.027317        1.065594
     159        0.000100        1.993788        1.056698
     160        0.000100        1.961122        1.047908
     161        0.000100        1.929285        1.039214
     162        0.000100        1.898203        1.030665
     163        0.000100        1.867922        1.022247
     164        0.000100        1.838385        1.013972
     165        0.000100        1.809578        1.005819
     166        0.000100        1.781475        0.997804
     167        0.000100        1.754050        0.989931
     168        0.000100        1.727235        0.982154
     169        0.000100        1.701121        0.974464
     170        0.000100        1.675615        0.966903
     171        0.000100        1.650621        0.959467
     172        0.000100        1.626144        0.952101
     173        0.000100        1.602228        0.944892
     174        0.000100        1.578866        0.937783
     175        0.000100        1.556021        0.930784
     176        0.000100        1.533568        0.923838
     177        0.000100        1.511694        0.917051
     178        0.000100        1.490188        0.910320
     179        0.000100        1.468718        0.903576
     180        0.000100        1.447970        0.896965
     181        0.000100        1.427659        0.890486
     182        0.000100        1.407249        0.883938
     183        0.000100        1.387840        0.877711
     184        0.000100        1.368094        0.871311
     185        0.000100        1.349671        0.865286
     186        0.000100        1.331347        0.859235
     187        0.000100        1.311457        0.852552
     188        0.000100        1.290686        0.845425
     189        0.000100        1.267221        0.837521
     190        0.000100        1.246781        0.830712
     191        0.000100        1.228932        0.824644
     192        0.000100        1.211583        0.818723
     193        0.000100        1.194958        0.813004
     194        0.000100        1.178736        0.807494
     195        0.000100        1.162129        0.801695
     196        0.000100        1.144835        0.795621
     197        0.000100        1.129284        0.790077
     198        0.000100        1.114663        0.784720
     199        0.000100        1.100680        0.779670
     200        0.000100        1.087164        0.774725
     201        0.000100        1.074190        0.769991
     202        0.000100        1.061293        0.765207
     203        0.000100        1.048862        0.760497
     204        0.000100        1.036786        0.755951
     205        0.000100        1.024603        0.751328
     206        0.000100        1.013031        0.746900
     207        0.000100        1.001432        0.742418
     208        0.000100        0.990086        0.738010
     209        0.000100        0.979064        0.733658
     210        0.000100        0.967754        0.729117
     211        0.000100        0.956578        0.724640
     212        0.000100        0.946100        0.720495
     213        0.000100        0.935967        0.716362
     214        0.000100        0.926254        0.712370
     215        0.000100        0.916825        0.708493
     216        0.000100        0.907697        0.704762
     217        0.000100        0.898791        0.701067
     218        0.000100        0.890105        0.697470
     219        0.000100        0.881578        0.693927
     220        0.000100        0.873186        0.690396
     221        0.000100        0.864971        0.686981
     222        0.000100        0.857040        0.683649
     223        0.000100        0.849307        0.680362
     224        0.000100        0.841768        0.677119
     225        0.000100        0.834314        0.673894
     226        0.000100        0.827087        0.670739
     227        0.000100        0.819958        0.667632
     228        0.000100        0.813051        0.664578
     229        0.000100        0.806290        0.661551
     230        0.000100        0.799520        0.658531
     231        0.000100        0.793293        0.655689
     232        0.000100        0.786724        0.652805
     233        0.000100        0.781035        0.650018
     234        0.000100        0.774532        0.647161
     235        0.000100        0.769438        0.644553
     236        0.000100        0.762915        0.641744
     237        0.000100        0.758204        0.639209
     238        0.000100        0.752082        0.636525
     239        0.000100        0.747597        0.634108
     240        0.000100        0.742083        0.631616
     241        0.000100        0.737576        0.629230
     242        0.000100        0.732447        0.626848
     243        0.000100        0.728110        0.624569
     244        0.000100        0.723116        0.622187
     245        0.000100        0.719080        0.620055
     246        0.000100        0.714329        0.617804
     247        0.000100        0.710477        0.615757
     248        0.000100        0.705777        0.613506
     249        0.000100        0.702214        0.611534
     250        0.000100        0.697547        0.609334
     251        0.000100        0.694207        0.607400
     252        0.000100        0.689772        0.605345
     253        0.000100        0.686602        0.603478
     254        0.000100        0.681976        0.601398
     255        0.000100        0.678999        0.599613
     256        0.000100        0.674747        0.597647
     257        0.000100        0.671872        0.595918
     258        0.000100        0.667688        0.593936
     259        0.000100        0.664853        0.592242
     260        0.000100        0.660909        0.590387
     261        0.000100        0.658095        0.588699
     262        0.000100        0.654397        0.586904
     263        0.000100        0.651558        0.585308
     264        0.000100        0.647905        0.583494
     265        0.000100        0.645274        0.581953
     266        0.000100        0.641778        0.580282
     267        0.000100        0.639336        0.578768
     268        0.000100        0.635660        0.577040
     269        0.000100        0.633475        0.575605
     270        0.000100        0.630133        0.574063
     271        0.000100        0.627891        0.572637
     272        0.000100        0.624607        0.571062
     273        0.000100        0.622305        0.569638
     274        0.000100        0.619276        0.568226
     275        0.000100        0.617088        0.566844
     276        0.000100        0.614006        0.565333
     277        0.000100        0.612018        0.564039
     278        0.000100        0.609129        0.562663
     279        0.000100        0.607249        0.561412
     280        0.000100        0.604242        0.560019
     281        0.000100        0.602492        0.558882
     282        0.000100        0.599605        0.557412
     283        0.000100        0.597978        0.556365
     284        0.000100        0.595006        0.554960
     285        0.000100        0.593502        0.553847
     286        0.000100        0.590628        0.552527
     287        0.000100        0.589226        0.551528
     288        0.000100        0.586410        0.550177
     289        0.000100        0.585110        0.549205
     290        0.000100        0.582344        0.547884
     291        0.000100        0.580996        0.546901
     292        0.000100        0.578558        0.545759
     293        0.000100        0.577062        0.544688
     294        0.000100        0.574759        0.543627
     295        0.000100        0.573167        0.542552
     296        0.000100        0.570948        0.541433
     297        0.000100        0.569689        0.540506
     298        0.000100        0.567346        0.539426
     299        0.000100        0.566098        0.538485
     300        0.000100        0.563819        0.537476
     301        0.000100        0.562792        0.536640
     302        0.000100        0.560360        0.535502
     303        0.000100        0.559362        0.534655
     304        0.000100        0.557095        0.533701
     305        0.000100        0.556213        0.532905
     306        0.000100        0.553907        0.531904
     307        0.000100        0.553066        0.531173
     308        0.000100        0.550875        0.530249
     309        0.000100        0.549892        0.529448
     310        0.000100        0.547813        0.528537
     311        0.000100        0.546896        0.527813
     312        0.000100        0.544966        0.526920
     313        0.000100        0.543999        0.526216
     314        0.000100        0.542083        0.525351
     315        0.000100        0.541122        0.524615
     316        0.000100        0.539331        0.523832
     317        0.000100        0.538506        0.523168
     318        0.000100        0.536611        0.522296
     319        0.000100        0.535840        0.521647
     320        0.000100        0.533966        0.520822
     321        0.000100        0.533151        0.520149
     322        0.000100        0.531244        0.519317
     323        0.000100        0.530691        0.518745
     324        0.000100        0.528851        0.517971
     325        0.000100        0.528246        0.517354
     326        0.000100        0.526396        0.516563
     327        0.000100        0.525733        0.515965
     328        0.000100        0.524103        0.515279
     329        0.000100        0.523523        0.514750
     330        0.000100        0.521935        0.513981
     331        0.000100        0.521183        0.513372
     332        0.000100        0.519671        0.512709
     333        0.000100        0.519109        0.512162
     334        0.000100        0.517582        0.511450
     335        0.000100        0.516988        0.510903
     336        0.000100        0.515455        0.510212
     337        0.000100        0.514939        0.509732
     338        0.000100        0.513457        0.509043
     339        0.000100        0.513024        0.508590
     340        0.000100        0.511674        0.508021
     341        0.000100        0.511140        0.507495
     342        0.000100        0.509779        0.506814
     343        0.000100        0.509355        0.506465
     344        0.000100        0.508111        0.505749
     345        0.000100        0.507464        0.505307
     346        0.000100        0.506399        0.504687
     347        0.000100        0.505807        0.504212
     348        0.000100        0.504716        0.503776
     349        0.000100        0.504285        0.503180
     350        0.000100        0.502869        0.502713
     351        0.000100        0.502669        0.502268
     352        0.000100        0.501216        0.501678
     353        0.000100        0.500820        0.501306
     354        0.000100        0.499820        0.500821
     355        0.000100        0.499061        0.500324
     356        0.000100        0.498083        0.499895
     357        0.000100        0.497809        0.499364
     358        0.000100        0.496454        0.498889
     359        0.000100        0.496551        0.498504
     360        0.000100        0.495327        0.497954
     361        0.000100        0.495206        0.497618
     362        0.000100        0.494468        0.497124
     363        0.000100        0.494087        0.496732
     364        0.000100        0.492979        0.496250
     365        0.000100        0.492968        0.495977
     366        0.000100        0.491783        0.495590
     367        0.000100        0.491543        0.495226
     368        0.000100        0.490423        0.494858
     369        0.000100        0.490050        0.494522
     370        0.000100        0.488914        0.494057
     371        0.000100        0.488485        0.493608
     372        0.000100        0.487504        0.493181
     373        0.000100        0.487333        0.492788
     374        0.000100        0.486476        0.492420
     375        0.000100        0.486462        0.492057
     376        0.000100        0.485629        0.491705
     377        0.000100        0.485563        0.491364
     378        0.000100        0.484704        0.491061
     379        0.000100        0.484631        0.490741
     380        0.000100        0.483671        0.490416
     381        0.000100        0.483559        0.490089
     382        0.000100        0.482529        0.489733
     383        0.000100        0.482418        0.489383
     384        0.000100        0.481317        0.488989
     385        0.000100        0.481256        0.488671
     386        0.000100        0.480328        0.488317
     387        0.000100        0.480148        0.487965
     388        0.000100        0.479365        0.487648
     389        0.000100        0.479251        0.487304
     390        0.000100        0.478561        0.487039
     391        0.000100        0.478426        0.486656
     392        0.000100        0.477703        0.486406
     393        0.000100        0.477711        0.486093
     394        0.000100        0.476997        0.485820
     395        0.000100        0.476966        0.485516
     396        0.000100        0.476133        0.485172
     397        0.000100        0.476123        0.484858
     398        0.000100        0.475193        0.484551
     399        0.000100        0.475306        0.484339
     400        0.000100        0.474295        0.483981
     401        0.000100        0.474225        0.483730
     402        0.000100        0.473376        0.483433
     403        0.000100        0.473316        0.483165
     404        0.000100        0.472390        0.482844
     405        0.000100        0.472380        0.482586
     406        0.000100        0.471612        0.482311
     407        0.000100        0.471581        0.482091
     408        0.000100        0.470985        0.481791
     409        0.000100        0.471140        0.481546
     410        0.000100        0.470594        0.481284
     411        0.000100        0.470963        0.481119
     412        0.000100        0.470507        0.480895
     413        0.000100        0.470716        0.480732
     414        0.000100        0.470077        0.480457
     415        0.000100        0.470092        0.480252
     416        0.000100        0.469368        0.480028
     417        0.000100        0.469309        0.479864
     418        0.000100        0.468511        0.479568
     419        0.000100        0.468500        0.479448
     420        0.000100        0.467707        0.479182
     421        0.000100        0.467784        0.478957
     422        0.000100        0.467222        0.478725
     423        0.000100        0.467324        0.478579
     424        0.000100        0.466561        0.478240
     425        0.000100        0.467071        0.478231
     426        0.000100        0.466196        0.477880
     427        0.000100        0.466626        0.477819
     428        0.000100        0.466050        0.477648
     429        0.000100        0.466296        0.477500
     430        0.000100        0.465632        0.477259
     431        0.000100        0.466009        0.477205
     432        0.000100        0.465267        0.476901
     433        0.000100        0.465402        0.476805
     434        0.000100        0.464698        0.476482
     435        0.000100        0.464872        0.476341
     436        0.000100        0.464424        0.476218
     437        0.000100        0.464449        0.476050
     438        0.000100        0.464060        0.475834
     439        0.000100        0.464176        0.475697
     440        0.000100        0.463793        0.475550
     441        0.000100        0.464024        0.475425
     442        0.000100        0.463576        0.475248
     443        0.000100        0.464072        0.475197
     444        0.000100        0.463520        0.474950
     445        0.000100        0.463626        0.474764
     446        0.000100        0.463371        0.474701
     447        0.000100        0.463609        0.474549
     448        0.000100        0.463125        0.474356
     449        0.000100        0.463385        0.474227
     450        0.000100        0.462863        0.474087
     451        0.000100        0.463002        0.474020
     452        0.000100        0.462505        0.473813
     453        0.000100        0.462619        0.473804
     454        0.000100        0.461973        0.473552
     455        0.000100        0.462262        0.473580
     456        0.000100        0.461308        0.473142
     457        0.000100        0.462054        0.473191
     458        0.000100        0.461566        0.472978
     459        0.000100        0.462156        0.472955
     460        0.000100        0.462018        0.472831
     461        0.000100        0.462390        0.472747
     462        0.000100        0.462343        0.472702
     463        0.000100        0.462371        0.472540
     464        0.000100        0.462023        0.472358
     465        0.000100        0.462252        0.472339
     466        0.000100        0.461825        0.472115
     467        0.000100        0.462113        0.472098
     468        0.000100        0.461764        0.471912
     469        0.000100        0.461867        0.471753
     470        0.000100        0.461619        0.471670
     471        0.000100        0.461796        0.471528
     472        0.000100        0.461434        0.471387
     473        0.000100        0.461976        0.471386
     474        0.000100        0.461410        0.471179
     475        0.000100        0.461937        0.471109
     476        0.000100        0.461398        0.470867
     477        0.000100        0.462200        0.470986
     478        0.000100        0.461692        0.470765
     479        0.000100        0.462224        0.470776
     480        0.000100        0.461859        0.470589
     481        0.000100        0.462297        0.470592
     482        0.000100        0.461885        0.470407
     483        0.000100        0.462153        0.470293
     484        0.000100        0.461735        0.470121
     485        0.000100        0.462018        0.470156
     486        0.000100        0.461721        0.470036
     487        0.000100        0.461971        0.469893
     488        0.000100        0.461722        0.469791
     489        0.000100        0.462203        0.469816
     490        0.000100        0.462150        0.469722
     491        0.000100        0.462346        0.469653
     492        0.000100        0.462541        0.469612
     493        0.000100        0.462541        0.469468
     494        0.000100        0.462761        0.469426
     495        0.000100        0.463289        0.469450
     496        0.000100        0.462793        0.469180
     497        0.000100        0.463478        0.469277
     498        0.000100        0.463060        0.469028
     499        0.000100        0.463280        0.468992
     500        0.000100        0.463073        0.468892
     501        0.000100        0.463394        0.468947
     502        0.000100        0.462966        0.468783
     503        0.000100        0.463269        0.468755
     504        0.000100        0.462756        0.468512
     505        0.000100        0.463487        0.468568
     506        0.000100        0.463029        0.468307
     507        0.000100        0.463904        0.468437
     508        0.000100        0.463329        0.468098
     509        0.000100        0.464304        0.468308
     510        0.000100        0.463939        0.468092
     511        0.000100        0.464627        0.468201
     512        0.000100        0.464252        0.467980
     513        0.000100        0.464817        0.468044
     514        0.000100        0.464450        0.467830
     515        0.000100        0.465055        0.467923
     516        0.000100        0.464899        0.467769
     517        0.000100        0.465154        0.467721
     518        0.000100        0.465135        0.467655
     519        0.000100        0.465501        0.467666
     520        0.000100        0.465486        0.467561
     521        0.000100        0.465858        0.467550
     522        0.000100        0.465690        0.467412
     523        0.000100        0.466410        0.467542
     524        0.000100        0.466068        0.467339
     525        0.000100        0.466796        0.467442
     526        0.000100        0.466310        0.467196
     527        0.000100        0.467156        0.467333
     528        0.000100        0.466847        0.467154
     529        0.000100        0.467585        0.467285
     530        0.000100        0.467326        0.467127
     531        0.000100        0.467966        0.467184
     532        0.000100        0.467623        0.467000
     533        0.000100        0.468319        0.467135
     534        0.000100        0.467910        0.466902
     535        0.000100        0.468633        0.467054
     536        0.000100        0.468283        0.466862
     537        0.000100        0.469052        0.466996
     538        0.000100        0.468801        0.466827
     539        0.000100        0.469264        0.466849
     540        0.000100        0.468895        0.466641
     541        0.000100        0.470115        0.466923
     542        0.000100        0.469817        0.466690
     543        0.000100        0.470638        0.466805
     544        0.000100        0.470743        0.466712
     545        0.000100        0.471795        0.466951
     546        0.000100        0.471520        0.466689
     547        0.000100        0.472429        0.466882
     548        0.000100        0.471802        0.466566
     549        0.000100        0.472612        0.466797
     550        0.000100        0.472108        0.466528
     551        0.000100        0.472730        0.466691
     552        0.000100        0.472174        0.466417
     553        0.000100        0.472943        0.466464
     554        0.000100        0.472683        0.466331
     555        0.000100        0.473357        0.466387
     556        0.000100        0.473268        0.466261
     557        0.000100        0.474250        0.466477
     558        0.000100        0.473899        0.466208
     559        0.000100        0.474731        0.466448
     560        0.000100        0.474551        0.466188
     561        0.000100        0.475332        0.466422
     562        0.000100        0.475579        0.466283
     563        0.000100        0.475477        0.466218
     564        0.000100        0.475906        0.466191
     565        0.000100        0.476249        0.466257
     566        0.000100        0.476201        0.466105
     567        0.000100        0.476805        0.466193
     568        0.000100        0.476629        0.466046
     569        0.000100        0.477387        0.466175
     570        0.000100        0.476985        0.466028
     571        0.000100        0.477867        0.466111
     572        0.000100        0.477851        0.466090
     573        0.000100        0.478381        0.466083
     574        0.000100        0.478554        0.466064
     575        0.000100        0.478719        0.466021
     576        0.000100        0.479371        0.466103
     577        0.000100        0.479288        0.465976
     578        0.000100        0.479891        0.466136
     579        0.000100        0.480374        0.466079
     580        0.000100        0.480125        0.465922
     581        0.000100        0.480975        0.466086
     582        0.000100        0.480223        0.465877
     583        0.000100        0.481705        0.466039
     584        0.000100        0.480672        0.465822
     585        0.000100        0.482058        0.465995
     586        0.000100        0.481246        0.465913
     587        0.000100        0.482344        0.465985
     588        0.000100        0.481888        0.465893
     589        0.000100        0.482474        0.465906
     590        0.000100        0.482582        0.465854
     591        0.000100        0.482782        0.465801
     592        0.000100        0.483245        0.465937
     593        0.000100        0.484133        0.465972
     594        0.000100        0.484290        0.465892
     595        0.000100        0.485500        0.466109
     596        0.000100        0.485700        0.466061
     597        0.000100        0.488116        0.466414
     598        0.000100        0.487130        0.466126
     599        0.000100        0.490751        0.466625
     600        0.000100        0.488087        0.466175
     601        0.000100        0.491677        0.466713
     602        0.000100        0.489529        0.466208
     603        0.000100        0.491546        0.466577
     604        0.000100        0.490426        0.466260
     605        0.000100        0.491844        0.466559
     606        0.000100        0.491162        0.466217
     607        0.000100        0.492792        0.466610
     608        0.000100        0.492608        0.466362
     609        0.000100        0.492943        0.466423
     610        0.000100        0.493413        0.466429
     611        0.000100        0.493960        0.466479
     612        0.000100        0.494262        0.466421
     613        0.000100        0.494672        0.466569
     614        0.000100        0.495365        0.466610
     615        0.000100        0.495041        0.466388
     616        0.000100        0.496052        0.466632
     617        0.000100        0.495847        0.466464
     618        0.000100        0.496442        0.466523
     619        0.000100        0.495744        0.466394
     620        0.000100        0.497547        0.466599
     621        0.000100        0.496049        0.466392
     622        0.000100        0.497876        0.466443
     623        0.000100        0.497245        0.466451
     624        0.000100        0.498327        0.466499
     625        0.000100        0.497984        0.466424
     626        0.000100        0.498686        0.466510
     627        0.000100        0.498904        0.466499
     628        0.000100        0.499487        0.466580
     629        0.000100        0.499673        0.466533
     630        0.000100        0.500460        0.466616
     631        0.000100        0.500792        0.466587
     632        0.000100        0.501821        0.466667
     633        0.000100        0.502061        0.466678
     634        0.000100        0.501826        0.466637
     635        0.000100        0.501856        0.466702
     636        0.000100        0.501799        0.466615
     637        0.000100        0.502099        0.466699
     638        0.000100        0.503005        0.466810
     639        0.000100        0.502704        0.466627
     640        0.000100        0.503861        0.466763
     641        0.000100        0.503134        0.466518
     642        0.000100        0.505296        0.466804
     643        0.000100        0.503465        0.466576
     644        0.000100        0.505691        0.466860
     645        0.000100        0.503823        0.466537
     646        0.000100        0.505894        0.466847
     647        0.000100        0.505831        0.466808
     648        0.000100        0.507218        0.467067
     649        0.000100        0.507199        0.466983
     650        0.000100        0.507699        0.466973
     651        0.000100        0.507815        0.466990
     652        0.000100        0.508530        0.467097
     653        0.000100        0.508145        0.466969
     654        0.000100        0.509270        0.467232
     655        0.000100        0.508711        0.466984
     656        0.000100        0.509725        0.467145
     657        0.000100        0.509757        0.467158
     658        0.000100        0.510578        0.467132
     659        0.000100        0.510572        0.467172
     660        0.000100        0.512013        0.467253
     661        0.000100        0.511411        0.467251
     662        0.000100        0.513686        0.467575
     663        0.000100        0.511567        0.467147
     664        0.000100        0.513983        0.467651
     665        0.000100        0.512765        0.467404
     666        0.000100        0.513559        0.467428
     667        0.000100        0.514009        0.467494
     668        0.000100        0.514569        0.467478
     669        0.000100        0.515286        0.467521
     670        0.000100        0.516171        0.467689
     671        0.000100        0.516044        0.467596
     672        0.000100        0.516570        0.467689
     673        0.000100        0.516374        0.467576
     674        0.000100        0.517284        0.467857
     675        0.000100        0.517227        0.467828
     676        0.000100        0.517912        0.467847
     677        0.000100        0.517562        0.467641
     678        0.000100        0.519094        0.467868
     679        0.000100        0.519129        0.467895
     680        0.000100        0.520764        0.468057
     681        0.000100        0.520320        0.468058
     682        0.000100        0.522092        0.468315
     683        0.000100        0.520854        0.468055
     684        0.000100        0.522631        0.468314
     685        0.000100        0.521408        0.468174
     686        0.000100        0.522861        0.468493
     687        0.000100        0.522132        0.468377
     688        0.000100        0.523488        0.468458
     689        0.000100        0.522931        0.468342
     690        0.000100        0.524403        0.468403
     691        0.000100        0.523988        0.468341
     692        0.000100        0.525230        0.468480
     693        0.000100        0.524772        0.468477
     694        0.000100        0.525792        0.468609
     695        0.000100        0.525329        0.468557
     696        0.000100        0.526929        0.468711
     697        0.000100        0.526691        0.468676
     698        0.000100        0.528886        0.468964
     699        0.000100        0.528553        0.469010
     700        0.000100        0.529997        0.469091
     701        0.000100        0.529213        0.469171
     702        0.000100        0.530082        0.469037
     703        0.000100        0.529345        0.469178
     704        0.000100        0.530378        0.469239
     705        0.000100        0.529798        0.469154
     706        0.000100        0.531120        0.469147
     707        0.000100        0.531563        0.469385
     708        0.000100        0.533036        0.469495
     709        0.000100        0.532671        0.469388
     710        0.000100        0.533742        0.469584
     711        0.000100        0.533592        0.469626
     712        0.000100        0.534330        0.469777
     713        0.000100        0.533879        0.469672
     714        0.000100        0.534842        0.469769
     715        0.000100        0.534734        0.469768
     716        0.000100        0.535978        0.469854
     717        0.000100        0.535888        0.469917
     718        0.000100        0.537462        0.470008
     719        0.000100        0.536726        0.469938
     720        0.000100        0.538440        0.470229
     721        0.000100        0.537435        0.470204
     722        0.000100        0.538222        0.470223
     723        0.000100        0.537617        0.470251
     724        0.000100        0.538666        0.470276
     725        0.000100        0.538319        0.470274
     726        0.000100        0.539649        0.470322
     727        0.000100        0.539740        0.470414
     728        0.000100        0.541733        0.470699
     729        0.000100        0.541486        0.470510
     730        0.000100        0.542798        0.470718
     731        0.000100        0.542530        0.470850
     732        0.000100        0.543193        0.470830
     733        0.000100        0.542769        0.470880
     734        0.000100        0.543927        0.471097
     735        0.000100        0.543955        0.471222
     736        0.000100        0.544635        0.471088
     737        0.000100        0.544552        0.471107
     738        0.000100        0.546342        0.471258
     739        0.000100        0.545853        0.471208
     740        0.000100        0.546090        0.471231
     741        0.000100        0.544456        0.471208
     742        0.000100        0.546520        0.471286
     743        0.000100        0.546054        0.471282
     744        0.000100        0.548590        0.471571
     745        0.000100        0.548507        0.471560
     746        0.000100        0.549786        0.471613
     747        0.000100        0.548366        0.471622
     748        0.000100        0.550121        0.471820
     749        0.000100        0.547924        0.471685
     750        0.000100        0.550703        0.471975
     751        0.000100        0.549506        0.471796
     752        0.000100        0.551923        0.472046
     753        0.000100        0.551062        0.471982
     754        0.000100        0.552849        0.472148
     755        0.000100        0.552056        0.472191
     756        0.000100        0.551801        0.472093
     757        0.000100        0.551505        0.472214
     758        0.000100        0.552450        0.472308
     759        0.000100        0.552803        0.472348
     760        0.000100        0.554016        0.472425
     761        0.000100        0.554271        0.472430
     762        0.000100        0.555764        0.472689
     763        0.000100        0.555353        0.472688
     764        0.000100        0.556404        0.472768
     765        0.000100        0.555584        0.472740
     766        0.000100        0.556595        0.472835
     767        0.000100        0.555897        0.472808
     768        0.000100        0.557099        0.472954
     769        0.000100        0.556906        0.472951
     770        0.000100        0.558597        0.473129
     771        0.000100        0.558342        0.473252
     772        0.000100        0.559406        0.473205
     773        0.000100        0.559198        0.473349
     774        0.000100        0.559986        0.473336
     775        0.000100        0.558823        0.473210
     776        0.000100        0.560146        0.473350
     777        0.000100        0.559541        0.473382
     778        0.000100        0.561118        0.473498
     779        0.000100        0.561215        0.473558
     780        0.000100        0.563249        0.473827
     781        0.000100        0.563173        0.473767
     782        0.000100        0.565488        0.473972
     783        0.000100        0.564995        0.474228
     784        0.000100        0.565526        0.474154
     785        0.000100        0.564485        0.474221
     786        0.000100        0.564597        0.474204
     787        0.000100        0.564189        0.474223
     788        0.000100        0.565117        0.474286
     789        0.000100        0.564961        0.474253
     790        0.000100        0.566062        0.474299
     791        0.000100        0.566519        0.474446
     792        0.000100        0.567366        0.474441
     793        0.000100        0.567646        0.474550
     794        0.000100        0.569112        0.474803
     795        0.000100        0.565881        0.474591
     796        0.000100        0.569646        0.475010
     797        0.000100        0.566935        0.474681
     798        0.000100        0.570222        0.475009
     799        0.000100        0.568963        0.475070
     800        0.000100        0.572035        0.475310
     801        0.000100        0.569992        0.475192
     802        0.000100        0.572224        0.475387
     803        0.000100        0.570423        0.475299
     804        0.000100        0.572108        0.475441
     805        0.000100        0.570759        0.475322
     806        0.000100        0.571941        0.475477
     807        0.000100        0.571691        0.475634
     808        0.000100        0.572759        0.475594
     809        0.000100        0.573969        0.475912
     810        0.000100        0.574545        0.475895
     811        0.000100        0.574518        0.475962
     812        0.000100        0.575201        0.475954
     813        0.000100        0.574844        0.476131
     814        0.000100        0.575338        0.476072
     815        0.000100        0.574728        0.476102
     816        0.000100        0.575348        0.476038
     817        0.000100        0.575692        0.476327
     818        0.000100        0.576714        0.476338
     819        0.000100        0.576843        0.476512
     820        0.000100        0.578583        0.476720
     821        0.000100        0.577495        0.476581
     822        0.000100        0.577917        0.476553
     823        0.000100        0.577450        0.476600
     824        0.000100        0.578134        0.476615
     825        0.000100        0.577468        0.476697
     826        0.000100        0.578793        0.476757
     827        0.000100        0.578196        0.476661
     828        0.000100        0.579882        0.476840
     829        0.000100        0.580403        0.477020
     830        0.000100        0.581566        0.477056
     831        0.000100        0.581699        0.477158
     832        0.000100        0.582777        0.477268
     833        0.000100        0.582136        0.477471
     834        0.000100        0.582905        0.477526
     835        0.000100        0.581643        0.477420
     836        0.000100        0.582808        0.477488
     837        0.000100        0.582395        0.477536
     838        0.000100        0.584093        0.477718
     839        0.000100        0.583788        0.477718
     840        0.000100        0.584900        0.477641
     841        0.000100        0.585150        0.477882
     842        0.000100        0.585932        0.477888
     843        0.000100        0.585690        0.477998
     844        0.000100        0.585512        0.477746
     845        0.000100        0.585246        0.477868
     846        0.000100        0.586269        0.477972
     847        0.000100        0.585937        0.478019
     848        0.000100        0.587424        0.478179
     849        0.000100        0.587241        0.478395
     850        0.000100        0.589426        0.478575
     851        0.000100        0.588150        0.478352
     852        0.000100        0.590483        0.478797
     853        0.000100        0.589033        0.478679
     854        0.000100        0.590080        0.478576
     855        0.000100        0.588827        0.478620
     856        0.000100        0.590039        0.478651
     857        0.000100        0.589944        0.478900
     858        0.000100        0.591327        0.478699
     859        0.000100        0.591272        0.478932
     860        0.000100        0.592141        0.478803
     861        0.000100        0.592591        0.479126
     862        0.000100        0.593330        0.479097
     863        0.000100        0.592734        0.479336
     864        0.000100        0.592168        0.479108
     865        0.000100        0.592248        0.479544
     866        0.000100        0.592209        0.479139
     867        0.000100        0.592853        0.479405
     868        0.000100        0.594163        0.479530
     869        0.000100        0.594506        0.479647
     870        0.000100        0.595180        0.479553
     871        0.000100        0.594710        0.479728
     872        0.000100        0.596055        0.479868
     873        0.000100        0.594723        0.479881
     874        0.000100        0.595514        0.479721
     875        0.000100        0.594591        0.479837
     876        0.000100        0.596442        0.479986
     877        0.000100        0.595860        0.480173
     878        0.000100        0.597193        0.479953
     879        0.000100        0.597239        0.480200
     880        0.000100        0.598783        0.480176
     881        0.000100        0.599171        0.480403
     882        0.000100        0.599680        0.480313
     883        0.000100        0.600125        0.480786
     884        0.000100        0.600280        0.480686
     885        0.000050        0.599822        0.480761
     886        0.000050        0.599978        0.479833
     887        0.000050        0.600518        0.479800
     888        0.000050        0.600482        0.479729
     889        0.000050        0.600498        0.479693
     890        0.000050        0.600452        0.479668
     891        0.000050        0.600448        0.479680
     892        0.000050        0.600480        0.479677
     893        0.000050        0.600481        0.479694
     894        0.000050        0.600537        0.479696
     895        0.000050        0.600738        0.479764
     896        0.000050        0.600933        0.479808
     897        0.000050        0.600998        0.479812
     898        0.000050        0.601022        0.479823
     899        0.000050        0.601153        0.479833
     900        0.000050        0.601303        0.479865
     901        0.000050        0.601338        0.479890
     902        0.000050        0.601195        0.479878
     903        0.000050        0.601467        0.479927
     904        0.000050        0.601913        0.480027
     905        0.000050        0.601754        0.479972
     906        0.000050        0.601997        0.480033
     907        0.000050        0.602089        0.480057
     908        0.000050        0.602354        0.480099
     909        0.000050        0.602427        0.480126
     910        0.000050        0.602536        0.480136
     911        0.000050        0.602698        0.480172
     912        0.000050        0.603089        0.480269
     913        0.000050        0.602837        0.480171
     914        0.000050        0.603019        0.480214
     915        0.000050        0.603114        0.480209
     916        0.000050        0.603469        0.480339
     917        0.000050        0.603617        0.480363
     918        0.000050        0.603414        0.480303
     919        0.000050        0.603634        0.480346
     920        0.000050        0.603756        0.480414
     921        0.000050        0.604332        0.480456
     922        0.000050        0.603864        0.480474
     923        0.000050        0.605000        0.480597
     924        0.000050        0.603739        0.480411
     925        0.000050        0.605114        0.480661
     926        0.000050        0.604581        0.480573
     927        0.000050        0.604745        0.480613
     928        0.000050        0.605300        0.480689
     929        0.000050        0.605297        0.480679
     930        0.000050        0.606055        0.480768
     931        0.000050        0.606283        0.480809
     932        0.000050        0.606087        0.480807
     933        0.000050        0.606045        0.480866
     934        0.000050        0.606225        0.480933
     935        0.000050        0.606149        0.480917
     936        0.000050        0.606674        0.481044
     937        0.000050        0.606739        0.480981
     938        0.000050        0.607030        0.481051
     939        0.000050        0.607250        0.481054
     940        0.000050        0.607210        0.481092
     941        0.000050        0.607469        0.481079
     942        0.000050        0.607304        0.481096
     943        0.000050        0.607853        0.481178
     944        0.000050        0.607342        0.481150
     945        0.000050        0.608300        0.481281
     946        0.000050        0.607876        0.481241
     947        0.000050        0.608141        0.481242
     948        0.000050        0.608371        0.481282
     949        0.000050        0.608712        0.481351
     950        0.000050        0.608950        0.481388
     951        0.000050        0.608846        0.481358
     952        0.000050        0.609206        0.481480
     953        0.000050        0.609067        0.481434
     954        0.000050        0.608916        0.481406
     955        0.000050        0.609034        0.481442
     956        0.000050        0.609378        0.481517
     957        0.000050        0.609376        0.481430
     958        0.000050        0.609572        0.481520
     959        0.000050        0.610424        0.481541
     960        0.000050        0.610534        0.481581
     961        0.000050        0.610009        0.481584
     962        0.000050        0.609587        0.481604
     963        0.000050        0.610619        0.481678
     964        0.000050        0.610219        0.481654
     965        0.000050        0.611296        0.481757
     966        0.000050        0.611098        0.481774
     967        0.000050        0.611617        0.481869
     968        0.000050        0.611485        0.481930
     969        0.000050        0.611614        0.481968
     970        0.000050        0.611510        0.481948
     971        0.000050        0.611637        0.481971
     972        0.000050        0.611668        0.481950
     973        0.000050        0.611957        0.482000
     974        0.000050        0.612019        0.481974
     975        0.000050        0.612328        0.482002
     976        0.000050        0.612661        0.482101
     977        0.000050        0.612867        0.482114
     978        0.000050        0.612431        0.482143
     979        0.000050        0.613347        0.482217
     980        0.000050        0.612719        0.482162
     981        0.000050        0.613758        0.482300
     982        0.000050        0.612978        0.482229
     983        0.000050        0.614262        0.482400
     984        0.000050        0.613064        0.482289
     985        0.000050        0.614594        0.482417
     986        0.000050        0.613134        0.482305
     987        0.000050        0.614665        0.482495
     988        0.000050        0.613712        0.482383
     989        0.000050        0.614644        0.482536
     990        0.000050        0.614382        0.482449
     991        0.000050        0.614544        0.482532
     992        0.000050        0.614765        0.482551
     993        0.000050        0.614517        0.482542
     994        0.000050        0.614853        0.482642
     995        0.000050        0.614986        0.482653
     996        0.000050        0.615086        0.482666
     997        0.000050        0.615929        0.482708
     998        0.000050        0.615763        0.482717
     999        0.000050        0.616430        0.482821
    1000        0.000050        0.615836        0.482755
    1001        0.000050        0.616030        0.482840
    1002        0.000050        0.615813        0.482921
    1003        0.000050        0.616033        0.482901
    1004        0.000050        0.616399        0.482944
    1005        0.000050        0.616536        0.482926
    1006        0.000050        0.616601        0.482923
    1007        0.000050        0.616940        0.483023
    1008        0.000050        0.617098        0.483014
    1009        0.000050        0.617103        0.483025
    1010        0.000050        0.617138        0.483054
    1011        0.000050        0.617238        0.483048
    1012        0.000050        0.617332        0.483107
    1013        0.000050        0.617868        0.483173
    1014        0.000050        0.617903        0.483195
    1015        0.000050        0.618714        0.483348
    1016        0.000050        0.618752        0.483319
    1017        0.000050        0.619298        0.483456
    1018        0.000050        0.618842        0.483420
    1019        0.000050        0.619804        0.483542
    1020        0.000050        0.618635        0.483410
    1021        0.000050        0.619566        0.483522
    1022        0.000050        0.618316        0.483348
    1023        0.000050        0.619764        0.483524
    1024        0.000050        0.618990        0.483488
    1025        0.000050        0.620296        0.483630
    1026        0.000050        0.619911        0.483544
    1027        0.000050        0.620637        0.483647
    1028        0.000050        0.620338        0.483651
    1029        0.000050        0.620839        0.483724
    1030        0.000050        0.620343        0.483792
    1031        0.000050        0.620972        0.483843
    1032        0.000050        0.620384        0.483773
    1033        0.000050        0.621597        0.483867
    1034        0.000050        0.620894        0.483801
    1035        0.000050        0.621814        0.483894
    1036        0.000050        0.621495        0.483955
    1037        0.000050        0.622084        0.484044
    1038        0.000050        0.621800        0.484007
    1039        0.000050        0.621797        0.484036
    1040        0.000050        0.622017        0.484037
    1041        0.000050        0.622150        0.484076
    1042        0.000050        0.622620        0.484171
    1043        0.000050        0.622644        0.484081
    1044        0.000050        0.622694        0.484192
    1045        0.000050        0.623544        0.484289
    1046        0.000050        0.623243        0.484311
    1047        0.000050        0.623619        0.484304
    1048        0.000050        0.623330        0.484333
    1049        0.000050        0.623691        0.484378
    1050        0.000050        0.623528        0.484401
    1051        0.000050        0.623545        0.484380
    1052        0.000050        0.623930        0.484480
    1053        0.000050        0.624114        0.484457
    1054        0.000050        0.624319        0.484527
    1055        0.000050        0.624843        0.484565
    1056        0.000050        0.624555        0.484524
    1057        0.000050        0.625035        0.484554
    1058        0.000050        0.624942        0.484623
    1059        0.000050        0.624987        0.484710
    1060        0.000050        0.625119        0.484696
    1061        0.000050        0.625122        0.484710
    1062        0.000050        0.625743        0.484816
    1063        0.000050        0.626177        0.484903
    1064        0.000050        0.626386        0.484940
    1065        0.000050        0.626664        0.484957
    1066        0.000050        0.626603        0.484997
    1067        0.000050        0.626718        0.485003
    1068        0.000050        0.626458        0.484994
    1069        0.000050        0.626536        0.484984
    1070        0.000050        0.626208        0.484947
    1071        0.000050        0.626264        0.484876
    1072        0.000050        0.626504        0.484970
    1073        0.000050        0.627199        0.485051
    1074        0.000050        0.627532        0.485147
    1075        0.000050        0.627763        0.485103
    1076        0.000050        0.627759        0.485177
    1077        0.000050        0.628784        0.485369
    1078        0.000050        0.627795        0.485298
    1079        0.000050        0.628792        0.485417
    1080        0.000050        0.628038        0.485370
    1081        0.000050        0.628685        0.485406
    1082        0.000050        0.628513        0.485430
    1083        0.000050        0.629303        0.485523
    1084        0.000050        0.629074        0.485456
    1085        0.000050        0.629467        0.485562
    1086        0.000050        0.629578        0.485621
    1087        0.000050        0.629333        0.485559
    1088        0.000050        0.629573        0.485651
    1089        0.000050        0.629336        0.485603
    1090        0.000050        0.629778        0.485733
    1091        0.000050        0.629912        0.485678
    1092        0.000050        0.630342        0.485799
    1093        0.000050        0.630873        0.485921
    1094        0.000050        0.630838        0.485906
    1095        0.000050        0.631098        0.485840
    1096        0.000050        0.631000        0.485912
    1097        0.000050        0.631278        0.485905
    1098        0.000050        0.630954        0.485920
    1099        0.000050        0.631305        0.485946
    1100        0.000050        0.630995        0.485939
    1101        0.000050        0.631455        0.486038
    1102        0.000050        0.631685        0.486091
    1103        0.000050        0.631877        0.486108
    1104        0.000050        0.632188        0.486198
    1105        0.000050        0.632625        0.486162
    1106        0.000050        0.632442        0.486224
    1107        0.000050        0.632862        0.486280
    1108        0.000050        0.632541        0.486284
    1109        0.000050        0.632675        0.486267
    1110        0.000050        0.632656        0.486335
    1111        0.000050        0.632870        0.486318
    1112        0.000050        0.633195        0.486387
    1113        0.000050        0.633769        0.486488
    1114        0.000050        0.633975        0.486545
    1115        0.000050        0.634420        0.486597
    1116        0.000050        0.634170        0.486617
    1117        0.000050        0.634645        0.486575
    1118        0.000050        0.633870        0.486568
    1119        0.000050        0.634305        0.486621
    1120        0.000050        0.633786        0.486620
    1121        0.000050        0.634379        0.486590
    1122        0.000050        0.633938        0.486554
    1123        0.000050        0.634657        0.486694
    1124        0.000050        0.634843        0.486735
    1125        0.000050        0.635246        0.486754
    1126        0.000050        0.635216        0.486855
    1127        0.000050        0.635954        0.486904
    1128        0.000050        0.634983        0.486865
    1129        0.000050        0.636292        0.487053
    1130        0.000050        0.635342        0.486934
    1131        0.000050        0.636374        0.487101
    1132        0.000050        0.635960        0.487096
    1133        0.000050        0.636372        0.487042
    1134        0.000050        0.636496        0.487134
    1135        0.000050        0.636688        0.487115
    1136        0.000050        0.637037        0.487239
    1137        0.000050        0.637467        0.487139
    1138        0.000050        0.637215        0.487205
    1139        0.000050        0.638222        0.487247
    1140        0.000050        0.636571        0.487170
    1141        0.000050        0.638071        0.487343
    1142        0.000050        0.637048        0.487277
    1143        0.000050        0.638114        0.487414
    1144        0.000050        0.637483        0.487339
    1145        0.000050        0.638716        0.487551
    1146        0.000050        0.638164        0.487447
    1147        0.000050        0.638389        0.487434
    1148        0.000050        0.638591        0.487582
    1149        0.000050        0.638480        0.487545
    1150        0.000050        0.638448        0.487606
    1151        0.000050        0.638581        0.487577
    1152        0.000050        0.638679        0.487625
    1153        0.000050        0.639056        0.487628
    1154        0.000050        0.639296        0.487654
    1155        0.000050        0.639749        0.487731
    1156        0.000050        0.639712        0.487835
    1157        0.000050        0.640262        0.487844
    1158        0.000050        0.639749        0.487863
    1159        0.000050        0.640279        0.487882
    1160        0.000050        0.639834        0.487893
    1161        0.000050        0.640485        0.487966
    1162        0.000050        0.640164        0.487956
    1163        0.000050        0.640874        0.488051
    1164        0.000050        0.640871        0.488069
    1165        0.000050        0.641329        0.488070
    1166        0.000050        0.641251        0.488196
    1167        0.000050        0.641679        0.488284
    1168        0.000050        0.641026        0.488191
    1169        0.000050        0.641205        0.488186
    1170        0.000050        0.640992        0.488253
    1171        0.000050        0.640865        0.488176
    1172        0.000050        0.641364        0.488208
    1173        0.000050        0.641464        0.488222
    1174        0.000050        0.642314        0.488415
    1175        0.000050        0.642685        0.488452
    1176        0.000050        0.643161        0.488599
    1177        0.000050        0.643097        0.488563
    1178        0.000050        0.642972        0.488569
    1179        0.000050        0.643182        0.488634
    1180        0.000050        0.642731        0.488566
    1181        0.000050        0.642965        0.488539
    1182        0.000050        0.643085        0.488641
    1183        0.000050        0.643822        0.488783
    1184        0.000050        0.643695        0.488725
    1185        0.000050        0.644109        0.488727
    1186        0.000025        0.644317        0.488819
    1187        0.000025        0.645305        0.489328
    1188        0.000025        0.645836        0.489603
    1189        0.000025        0.646232        0.489801
    1190        0.000025        0.646427        0.489923
    1191        0.000025        0.646296        0.489895
    1192        0.000025        0.646674        0.490082
    1193        0.000025        0.646541        0.490050
    1194        0.000025        0.646794        0.490174
    1195        0.000025        0.646667        0.490160
    1196        0.000025        0.646849        0.490238
    1197        0.000025        0.646880        0.490244
    1198        0.000025        0.646944        0.490278
    1199        0.000025        0.647011        0.490331
    1200        0.000025        0.647013        0.490324
    1201        0.000025        0.647087        0.490391
    1202        0.000025        0.646997        0.490339
    1203        0.000025        0.647005        0.490352
    1204        0.000025        0.647109        0.490403
    1205        0.000025        0.646994        0.490347
    1206        0.000025        0.647097        0.490394
    1207        0.000025        0.647009        0.490336
    1208        0.000025        0.646862        0.490324
    1209        0.000025        0.646938        0.490365
    1210        0.000025        0.646970        0.490358
    1211        0.000025        0.646841        0.490305
    1212        0.000025        0.646849        0.490347
    1213        0.000025        0.646874        0.490374
    1214        0.000025        0.647084        0.490415
    1215        0.000025        0.646781        0.490346
    1216        0.000025        0.646935        0.490369
    1217        0.000025        0.646671        0.490311
    1218        0.000025        0.646880        0.490346
    1219        0.000025        0.646491        0.490312
    1220        0.000025        0.646989        0.490321
    1221        0.000025        0.646271        0.490284
    1222        0.000025        0.647302        0.490409
    1223        0.000025        0.646270        0.490328
    1224        0.000025        0.647157        0.490398
    1225        0.000025        0.646457        0.490345
    1226        0.000025        0.646822        0.490326
    1227        0.000025        0.646650        0.490312
    1228        0.000025        0.646854        0.490340
    1229        0.000025        0.646687        0.490357
    1230        0.000025        0.646912        0.490378
    1231        0.000025        0.646589        0.490339
    1232        0.000025        0.646660        0.490307
    1233        0.000025        0.646574        0.490316
    1234        0.000025        0.646620        0.490325
    1235        0.000025        0.646627        0.490342
    1236        0.000025        0.646758        0.490322
    1237        0.000025        0.646589        0.490310
    1238        0.000025        0.646949        0.490283
    1239        0.000025        0.646624        0.490318
    1240        0.000025        0.647116        0.490385
    1241        0.000025        0.646255        0.490292
    1242        0.000025        0.646993        0.490354
    1243        0.000025        0.646496        0.490392
    1244        0.000025        0.646926        0.490343
    1245        0.000025        0.646564        0.490338
    1246        0.000025        0.646981        0.490379
    1247        0.000025        0.646728        0.490350
    1248        0.000025        0.647081        0.490386
    1249        0.000025        0.646845        0.490392
    1250        0.000025        0.646984        0.490369
    1251        0.000025        0.646894        0.490373
    1252        0.000025        0.647089        0.490349
    1253        0.000025        0.646773        0.490361
    1254        0.000025        0.647324        0.490472
    1255        0.000025        0.646812        0.490390
    1256        0.000025        0.647152        0.490409
    1257        0.000025        0.646795        0.490399
    1258        0.000025        0.647315        0.490412
    1259        0.000025        0.646790        0.490398
    1260        0.000025        0.647351        0.490370
    1261        0.000025        0.646749        0.490363
    1262        0.000025        0.647401        0.490424
    1263        0.000025        0.646917        0.490426
    1264        0.000025        0.647587        0.490501
    1265        0.000025        0.646972        0.490401
    1266        0.000025        0.647465        0.490441
    1267        0.000025        0.647339        0.490463
    1268        0.000025        0.647710        0.490472
    1269        0.000025        0.647529        0.490434
    1270        0.000025        0.647872        0.490423
    1271        0.000025        0.647207        0.490445
    1272        0.000025        0.647660        0.490502
    1273        0.000025        0.647214        0.490440
    1274        0.000025        0.647827        0.490539
    1275        0.000025        0.647383        0.490473
    1276        0.000025        0.647663        0.490435
    1277        0.000025        0.647208        0.490390
    1278        0.000025        0.647980        0.490551
    1279        0.000025        0.647343        0.490492
    1280        0.000025        0.648084        0.490539
    1281        0.000025        0.647210        0.490455
    1282        0.000025        0.647959        0.490502
    1283        0.000025        0.647474        0.490520
    1284        0.000025        0.648008        0.490580
    1285        0.000025        0.647587        0.490524
    1286        0.000025        0.647969        0.490533
    1287        0.000025        0.647789        0.490582
    1288        0.000025        0.647990        0.490562
    1289        0.000025        0.647487        0.490521
    1290        0.000025        0.648004        0.490555
    1291        0.000025        0.647385        0.490536
    1292        0.000025        0.648160        0.490649
    1293        0.000025        0.647313        0.490519
    1294        0.000025        0.648201        0.490605
    1295        0.000025        0.647659        0.490601
    1296        0.000025        0.648507        0.490690
    1297        0.000025        0.647827        0.490627
    1298        0.000025        0.648407        0.490677
    1299        0.000025        0.647812        0.490629
    1300        0.000025        0.648150        0.490630
    1301        0.000025        0.647854        0.490645
    1302        0.000025        0.648086        0.490620
    1303        0.000025        0.648173        0.490754
    1304        0.000025        0.648198        0.490726
    1305        0.000025        0.648053        0.490717
    1306        0.000025        0.648287        0.490692
    1307        0.000025        0.647975        0.490702
    1308        0.000025        0.648403        0.490739
    1309        0.000025        0.647912        0.490689
    1310        0.000025        0.648513        0.490744
    1311        0.000025        0.647919        0.490656
    1312        0.000025        0.648696        0.490782
    1313        0.000025        0.647946        0.490699
    1314        0.000025        0.648790        0.490797
    1315        0.000025        0.648168        0.490770
    1316        0.000025        0.648833        0.490830
    1317        0.000025        0.648340        0.490812
    1318        0.000025        0.648649        0.490800
    1319        0.000025        0.648341        0.490771
    1320        0.000025        0.648496        0.490756
    1321        0.000025        0.648347        0.490822
    1322        0.000025        0.648783        0.490857
    1323        0.000025        0.648558        0.490881
    1324        0.000025        0.648993        0.490903
    1325        0.000025        0.648906        0.490933
    1326        0.000025        0.649161        0.490908
    1327        0.000025        0.648804        0.490915
    1328        0.000025        0.649158        0.490939
    1329        0.000025        0.648772        0.490923
    1330        0.000025        0.649038        0.490914
    1331        0.000025        0.648772        0.490931
    1332        0.000025        0.649145        0.490932
    1333        0.000025        0.648957        0.490985
    1334        0.000025        0.649335        0.490993
    1335        0.000025        0.649029        0.490997
    1336        0.000025        0.649332        0.490975
    1337        0.000025        0.649092        0.491020
    1338        0.000025        0.649523        0.491007
    1339        0.000025        0.649231        0.491013
    1340        0.000025        0.649503        0.491007
    1341        0.000025        0.649277        0.491076
    1342        0.000025        0.649712        0.491108
    1343        0.000025        0.649392        0.491058
    1344        0.000025        0.650183        0.491138
    1345        0.000025        0.649752        0.491170
    1346        0.000025        0.650280        0.491180
    1347        0.000025        0.650188        0.491296
    1348        0.000025        0.650303        0.491281
    1349        0.000025        0.649853        0.491266
    1350        0.000025        0.650104        0.491263
    1351        0.000025        0.649641        0.491191
    1352        0.000025        0.650107        0.491225
    1353        0.000025        0.649974        0.491225
    1354        0.000025        0.650392        0.491289
    1355        0.000025        0.650304        0.491259
    1356        0.000025        0.650510        0.491283
    1357        0.000025        0.650474        0.491340
    1358        0.000025        0.650871        0.491400
    1359        0.000025        0.650466        0.491345
    1360        0.000025        0.650814        0.491377
    1361        0.000025        0.650456        0.491360
    1362        0.000025        0.650831        0.491358
    1363        0.000025        0.650660        0.491426
    1364        0.000025        0.651067        0.491396
    1365        0.000025        0.650624        0.491382
    1366        0.000025        0.651343        0.491494
    1367        0.000025        0.650878        0.491455
    1368        0.000025        0.651309        0.491453
    1369        0.000025        0.650946        0.491468
    1370        0.000025        0.651298        0.491454
    1371        0.000025        0.651206        0.491491
    1372        0.000025        0.651503        0.491515
    1373        0.000025        0.651399        0.491553
    1374        0.000025        0.651698        0.491580
    1375        0.000025        0.651629        0.491592
    1376        0.000025        0.651870        0.491619
    1377        0.000025        0.651586        0.491571
    1378        0.000025        0.651888        0.491593
    1379        0.000025        0.651575        0.491607
    1380        0.000025        0.651904        0.491581
    1381        0.000025        0.651540        0.491559
    1382        0.000025        0.652184        0.491626
    1383        0.000025        0.651910        0.491654
    1384        0.000025        0.652405        0.491700
    1385        0.000025        0.652232        0.491716
    1386        0.000025        0.652636        0.491714
    1387        0.000025        0.652452        0.491756
    1388        0.000025        0.652846        0.491760
    1389        0.000025        0.652553        0.491731
    1390        0.000025        0.652914        0.491761
    1391        0.000025        0.652850        0.491830
    1392        0.000025        0.653177        0.491825
    1393        0.000025        0.652950        0.491812
    1394        0.000025        0.653341        0.491858
    1395        0.000025        0.653082        0.491858
    1396        0.000025        0.653509        0.491883
    1397        0.000025        0.653090        0.491871
    1398        0.000025        0.653646        0.491910
    1399        0.000025        0.653027        0.491865
    1400        0.000025        0.653730        0.491910
    1401        0.000025        0.653204        0.491839
    1402        0.000025        0.653867        0.491935
    1403        0.000025        0.653650        0.491926
    1404        0.000025        0.654007        0.491954
    1405        0.000025        0.653909        0.492003
    1406        0.000025        0.654185        0.492022
    1407        0.000025        0.653965        0.492017
    1408        0.000025        0.654326        0.492078
    1409        0.000025        0.653977        0.492011
    1410        0.000025        0.654388        0.492073
    1411        0.000025        0.654287        0.492085
    1412        0.000025        0.654489        0.492059
    1413        0.000025        0.654386        0.492058
    1414        0.000025        0.654876        0.492135
    1415        0.000025        0.654520        0.492100
    1416        0.000025        0.654971        0.492109
    1417        0.000025        0.654613        0.492140
    1418        0.000025        0.655315        0.492265
    1419        0.000025        0.654796        0.492204
    1420        0.000025        0.655235        0.492213
    1421        0.000025        0.654997        0.492211
    1422        0.000025        0.655224        0.492174
    1423        0.000025        0.655208        0.492214
    1424        0.000025        0.655566        0.492272
    1425        0.000025        0.655648        0.492351
    1426        0.000025        0.655806        0.492347
    1427        0.000025        0.655644        0.492360
    1428        0.000025        0.655906        0.492358
    1429        0.000025        0.655572        0.492319
    1430        0.000025        0.656176        0.492409
    1431        0.000025        0.655618        0.492355
    1432        0.000025        0.656128        0.492379
    1433        0.000025        0.655939        0.492406
    1434        0.000025        0.656360        0.492437
    1435        0.000025        0.656275        0.492455
    1436        0.000025        0.656748        0.492549
    1437        0.000025        0.656517        0.492493
    1438        0.000025        0.657074        0.492604
    1439        0.000025        0.656857        0.492585
    1440        0.000025        0.657181        0.492617
    1441        0.000025        0.656854        0.492573
    1442        0.000025        0.657240        0.492624
    1443        0.000025        0.656836        0.492549
    1444        0.000025        0.657237        0.492596
    1445        0.000025        0.657203        0.492651
    1446        0.000025        0.657425        0.492681
    1447        0.000025        0.657351        0.492687
    1448        0.000025        0.657754        0.492732
    1449        0.000025        0.657607        0.492753
    1450        0.000025        0.657983        0.492803
    1451        0.000025        0.657711        0.492802
    1452        0.000025        0.658083        0.492799
    1453        0.000025        0.657598        0.492705
    1454        0.000025        0.658169        0.492769
    1455        0.000025        0.657950        0.492799
    1456        0.000025        0.658412        0.492821
