       0        0.000100     4153.643881       64.016212
       1        0.000100     4114.396897       63.711090
       2        0.000100     4078.862759       63.433502
       3        0.000100     4046.564409       63.180027
       4        0.000100     4016.178477       62.940449
       5        0.000100     3986.514276       62.705490
       6        0.000100     3956.746648       62.468773
       7        0.000100     3926.401418       62.226505
       8        0.000100     3895.234475       61.976479
       9        0.000100     3862.796119       61.715240
      10        0.000100     3828.839228       61.440598
      11        0.000100     3793.376477       61.152351
      12        0.000100     3756.035822       60.847450
      13        0.000100     3717.029114       60.527267
      14        0.000100     3676.071042       60.189182
      15        0.000100     3632.942904       59.831303
      16        0.000100     3588.208249       59.457565
      17        0.000100     3541.361663       59.063595
      18        0.000100     3492.230348       58.647736
      19        0.000100     3441.601278       58.215996
      20        0.000100     3388.851544       57.762699
      21        0.000100     3333.895166       57.286789
      22        0.000100     3277.379313       56.792999
      23        0.000100     3218.968831       56.278137
      24        0.000100     3158.754533       55.742462
      25        0.000100     3096.737384       55.185326
      26        0.000100     3033.464954       54.610775
      27        0.000100     2968.411725       54.013760
      28        0.000100     2902.109144       53.398251
      29        0.000100     2834.300397       52.761448
      30        0.000100     2765.355388       52.105831
      31        0.000100     2695.157921       51.429581
      32        0.000100     2624.139309       50.736076
      33        0.000100     2552.057113       50.022408
      34        0.000100     2479.044983       49.288933
      35        0.000100     2405.243543       48.536064
      36        0.000100     2330.998592       47.766510
      37        0.000100     2256.385599       46.980270
      38        0.000100     2181.342299       46.176083
      39        0.000100     2106.248728       45.356804
      40        0.000100     2031.199593       44.522694
      41        0.000100     1955.908591       43.669930
      42        0.000100     1881.004596       42.804203
      43        0.000100     1806.272247       41.922615
      44        0.000100     1732.644840       41.034981
      45        0.000100     1659.062640       40.128494
      46        0.000100     1586.562862       39.214455
      47        0.000100     1515.011728       38.290398
      48        0.000100     1444.211530       37.353550
      49        0.000100     1374.942161       36.413071
      50        0.000100     1306.902876       35.464657
      51        0.000100     1240.309503       34.510868
      52        0.000100     1174.827104       33.546230
      53        0.000100     1111.101138       32.579453
      54        0.000100     1048.930578       31.607569
      55        0.000100      988.812469       30.637815
      56        0.000100      930.119649       29.660139
      57        0.000100      874.126136       28.695486
      58        0.000100      819.515228       27.722176
      59        0.000100      767.098913       26.754230
      60        0.000100      716.956053       25.794189
      61        0.000100      668.639639       24.834469
      62        0.000100      622.637202       23.884689
      63        0.000100      579.007634       22.946465
      64        0.000100      537.175653       22.009609
      65        0.000100      497.894590       21.091814
      66        0.000100      460.980530       20.192263
      67        0.000100      426.048561       19.302935
      68        0.000100      393.123174       18.427702
      69        0.000100      362.582926       17.582233
      70        0.000100      334.052732       16.759010
      71        0.000100      307.659025       15.966951
      72        0.000100      282.889774       15.194186
      73        0.000100      259.999330       14.450246
      74        0.000100      239.347063       13.753477
      75        0.000100      220.053759       13.077444
      76        0.000100      202.520918       12.442140
      77        0.000100      186.319792       11.835809
      78        0.000100      171.984076       11.284729
      79        0.000100      158.937438       10.770797
      80        0.000100      147.127286       10.296273
      81        0.000100      136.659482        9.864876
      82        0.000100      127.237738        9.467967
      83        0.000100      118.712063        9.103179
      84        0.000100      111.250816        8.775750
      85        0.000100      104.520490        8.475205
      86        0.000100       98.542782        8.201671
      87        0.000100       93.286646        7.955366
      88        0.000100       88.800219        7.742576
      89        0.000100       84.681245        7.541447
      90        0.000100       81.069404        7.361822
      91        0.000100       78.061973        7.210107
      92        0.000100       75.378124        7.072527
      93        0.000100       73.000967        6.948292
      94        0.000100       70.975283        6.840752
      95        0.000100       69.108762        6.740445
      96        0.000100       67.456297        6.650455
      97        0.000100       65.937026        6.566423
      98        0.000100       64.622419        6.492820
      99        0.000100       63.456325        6.427108
     100        0.000100       62.415467        6.368298
     101        0.000100       61.406445        6.310650
     102        0.000100       60.512106        6.258832
     103        0.000100       59.618955        6.205891
     104        0.000100       58.874445        6.161981
     105        0.000100       58.155402        6.119486
     106        0.000100       57.457271        6.077635
     107        0.000100       56.777360        6.037859
     108        0.000100       56.116290        5.998440
     109        0.000100       55.497938        5.962081
     110        0.000100       54.878356        5.925389
     111        0.000100       54.274026        5.889532
     112        0.000100       53.686957        5.855119
     113        0.000100       53.093096        5.819224
     114        0.000100       52.515632        5.785365
     115        0.000100       51.947663        5.750896
     116        0.000100       51.394056        5.719192
     117        0.000100       50.825407        5.685522
     118        0.000100       50.259411        5.650987
     119        0.000100       49.709082        5.618010
     120        0.000100       49.169401        5.585238
     121        0.000100       48.632518        5.553550
     122        0.000100       48.089081        5.520518
     123        0.000100       47.569660        5.488472
     124        0.000100       47.027344        5.454982
     125        0.000100       46.490554        5.421755
     126        0.000100       45.979046        5.390249
     127        0.000100       45.446899        5.356463
     128        0.000100       44.914971        5.323557
     129        0.000100       44.407823        5.291446
     130        0.000100       43.875858        5.258234
     131        0.000100       43.364212        5.225415
     132        0.000100       42.844723        5.192756
     133        0.000100       42.349363        5.160417
     134        0.000100       41.828159        5.128473
     135        0.000100       41.317413        5.094925
     136        0.000100       40.826940        5.062027
     137        0.000100       40.324193        5.030160
     138        0.000100       39.839431        4.996605
     139        0.000100       39.347254        4.964716
     140        0.000100       38.876393        4.933477
     141        0.000100       38.376412        4.899628
     142        0.000100       37.902576        4.867418
     143        0.000100       37.428289        4.834428
     144        0.000100       36.969566        4.803938
     145        0.000100       36.485230        4.770069
     146        0.000100       36.023306        4.738919
     147        0.000100       35.565892        4.707543
     148        0.000100       35.087022        4.673402
     149        0.000100       34.627917        4.641470
     150        0.000100       34.176871        4.609706
     151        0.000100       33.726367        4.577803
     152        0.000100       33.285902        4.547379
     153        0.000100       32.838003        4.512761
     154        0.000100       32.385732        4.481122
     155        0.000100       31.963890        4.450417
     156        0.000100       31.541271        4.417744
     157        0.000100       31.109282        4.387277
     158        0.000100       30.677263        4.355384
     159        0.000100       30.260192        4.323778
     160        0.000100       29.835066        4.291418
     161        0.000100       29.437768        4.262067
     162        0.000100       29.017960        4.229938
     163        0.000100       28.602644        4.197186
     164        0.000100       28.206002        4.166494
     165        0.000100       27.811591        4.135066
     166        0.000100       27.402647        4.103459
     167        0.000100       27.005460        4.072099
     168        0.000100       26.628084        4.042477
     169        0.000100       26.245921        4.012007
     170        0.000100       25.860598        3.980006
     171        0.000100       25.497904        3.950971
     172        0.000100       25.111586        3.920628
     173        0.000100       24.741477        3.888648
     174        0.000100       24.373915        3.857900
     175        0.000100       24.002686        3.827390
     176        0.000100       23.636732        3.797064
     177        0.000100       23.287738        3.765702
     178        0.000100       22.949573        3.738395
     179        0.000100       22.604408        3.708146
     180        0.000100       22.274212        3.677914
     181        0.000100       21.937062        3.647729
     182        0.000100       21.606905        3.617784
     183        0.000100       21.276141        3.589608
     184        0.000100       20.960214        3.558566
     185        0.000100       20.644518        3.529933
     186        0.000100       20.320484        3.503937
     187        0.000100       20.018694        3.473214
     188        0.000100       19.697078        3.445226
     189        0.000100       19.389809        3.416987
     190        0.000100       19.086478        3.386601
     191        0.000100       18.799890        3.358234
     192        0.000100       18.489081        3.331763
     193        0.000100       18.208400        3.305242
     194        0.000100       17.930781        3.275690
     195        0.000100       17.640710        3.248286
     196        0.000100       17.343355        3.221889
     197        0.000100       17.075819        3.192981
     198        0.000100       16.807077        3.166901
     199        0.000100       16.544858        3.140282
     200        0.000100       16.278380        3.112974
     201        0.000100       16.022964        3.085913
     202        0.000100       15.763862        3.060538
     203        0.000100       15.520302        3.033302
     204        0.000100       15.277689        3.006348
     205        0.000100       15.025189        2.981086
     206        0.000100       14.776518        2.953986
     207        0.000100       14.536680        2.929280
     208        0.000100       14.300681        2.905198
     209        0.000100       14.070948        2.881118
     210        0.000100       13.850416        2.854952
     211        0.000100       13.625734        2.831624
     212        0.000100       13.404265        2.806504
     213        0.000100       13.179720        2.783292
     214        0.000100       12.965275        2.757828
     215        0.000100       12.765139        2.732181
     216        0.000100       12.553190        2.709579
     217        0.000100       12.347262        2.686843
     218        0.000100       12.139407        2.662745
     219        0.000100       11.934938        2.638569
     220        0.000100       11.736686        2.616407
     221        0.000100       11.542043        2.593606
     222        0.000100       11.359021        2.569024
     223        0.000100       11.164085        2.546979
     224        0.000100       10.983367        2.527021
     225        0.000100       10.798861        2.505049
     226        0.000100       10.626018        2.481478
     227        0.000100       10.447495        2.461430
     228        0.000100       10.280494        2.439084
     229        0.000100       10.109380        2.416857
     230        0.000100        9.943861        2.397688
     231        0.000100        9.787933        2.375057
     232        0.000100        9.625174        2.354305
     233        0.000100        9.463983        2.334982
     234        0.000100        9.302794        2.314766
     235        0.000100        9.149942        2.293443
     236        0.000100        8.994864        2.274905
     237        0.000100        8.847030        2.255004
     238        0.000100        8.699898        2.237066
     239        0.000100        8.579577        2.214826
     240        0.000100        8.424054        2.197581
     241        0.000100        8.286126        2.179233
     242        0.000100        8.148619        2.160485
     243        0.000100        8.015803        2.142862
     244        0.000100        7.888866        2.124421
     245        0.000100        7.768841        2.105643
     246        0.000100        7.637001        2.088471
     247        0.000100        7.513739        2.070554
     248        0.000100        7.382730        2.053583
     249        0.000100        7.273851        2.035367
     250        0.000100        7.146305        2.018590
     251        0.000100        7.025963        2.001823
     252        0.000100        6.923537        1.984749
     253        0.000100        6.804406        1.967728
     254        0.000100        6.701958        1.950285
     255        0.000100        6.595088        1.935123
     256        0.000100        6.486346        1.918269
     257        0.000100        6.393957        1.901727
     258        0.000100        6.278131        1.886363
     259        0.000100        6.193376        1.871029
     260        0.000100        6.076762        1.855584
     261        0.000100        5.981716        1.840551
     262        0.000100        5.899082        1.823902
     263        0.000100        5.798300        1.809550
     264        0.000100        5.706605        1.795558
     265        0.000100        5.621917        1.780793
     266        0.000100        5.525587        1.767051
     267        0.000100        5.454985        1.751382
     268        0.000100        5.371098        1.737317
     269        0.000100        5.283316        1.723793
     270        0.000100        5.214253        1.709067
     271        0.000100        5.127519        1.696122
     272        0.000100        5.033207        1.684955
     273        0.000100        4.957095        1.670853
     274        0.000100        4.895562        1.657019
     275        0.000100        4.821785        1.644498
     276        0.000100        4.749483        1.631634
     277        0.000100        4.678539        1.619446
     278        0.000100        4.605404        1.607212
     279        0.000100        4.541452        1.594961
     280        0.000100        4.477784        1.582885
     281        0.000100        4.412236        1.571575
     282        0.000100        4.350929        1.560011
     283        0.000100        4.288170        1.548686
     284        0.000100        4.233289        1.536997
     285        0.000100        4.169024        1.526214
     286        0.000100        4.105108        1.515546
     287        0.000100        4.053673        1.504365
     288        0.000100        4.003931        1.493936
     289        0.000100        3.933033        1.483683
     290        0.000100        3.880192        1.472572
     291        0.000100        3.832111        1.462751
     292        0.000100        3.774369        1.452223
     293        0.000100        3.735942        1.441827
     294        0.000100        3.674566        1.432874
     295        0.000100        3.627541        1.422837
     296        0.000100        3.584445        1.412532
     297        0.000100        3.529235        1.403129
     298        0.000100        3.486620        1.393500
     299        0.000100        3.448966        1.384806
     300        0.000100        3.401660        1.375645
     301        0.000100        3.361627        1.366786
     302        0.000100        3.314235        1.358585
     303        0.000100        3.279128        1.350138
     304        0.000100        3.242332        1.341689
     305        0.000100        3.191826        1.333896
     306        0.000100        3.165929        1.325568
     307        0.000100        3.119269        1.317021
     308        0.000100        3.089144        1.309415
     309        0.000100        3.049828        1.301659
     310        0.000100        3.030270        1.294765
     311        0.000100        2.980831        1.286260
     312        0.000100        2.949683        1.278944
     313        0.000100        2.905616        1.272054
     314        0.000100        2.877183        1.264103
     315        0.000100        2.854966        1.257354
     316        0.000100        2.805794        1.250792
     317        0.000100        2.793293        1.243570
     318        0.000100        2.754300        1.236971
     319        0.000100        2.731319        1.229763
     320        0.000100        2.697270        1.223211
     321        0.000100        2.664734        1.216774
     322        0.000100        2.651265        1.210760
     323        0.000100        2.608459        1.204006
     324        0.000100        2.591780        1.198189
     325        0.000100        2.559503        1.191922
     326        0.000100        2.541150        1.185873
     327        0.000100        2.503054        1.180164
     328        0.000100        2.484478        1.174019
     329        0.000100        2.458194        1.168370
     330        0.000100        2.436016        1.162812
     331        0.000100        2.410791        1.156929
     332        0.000100        2.385252        1.151458
     333        0.000100        2.369269        1.145854
     334        0.000100        2.339404        1.140126
     335        0.000100        2.330533        1.134677
     336        0.000100        2.300345        1.129199
     337        0.000100        2.282589        1.123952
     338        0.000100        2.256437        1.118880
     339        0.000100        2.245339        1.113872
     340        0.000100        2.220368        1.109132
     341        0.000100        2.195977        1.103708
     342        0.000100        2.181213        1.098863
     343        0.000100        2.161392        1.093361
     344        0.000100        2.142913        1.088815
     345        0.000100        2.125623        1.083956
     346        0.000100        2.103239        1.079259
     347        0.000100        2.087071        1.074843
     348        0.000100        2.075639        1.070217
     349        0.000100        2.054962        1.065349
     350        0.000100        2.035410        1.061230
     351        0.000100        2.031056        1.057005
     352        0.000100        1.999178        1.052320
     353        0.000100        1.993250        1.047964
     354        0.000100        1.974410        1.043832
     355        0.000100        1.970918        1.039797
     356        0.000100        1.947475        1.035595
     357        0.000100        1.940862        1.031742
     358        0.000100        1.917188        1.026925
     359        0.000100        1.902969        1.023009
     360        0.000100        1.887063        1.018280
     361        0.000100        1.872829        1.014419
     362        0.000100        1.863288        1.010449
     363        0.000100        1.839563        1.007527
     364        0.000100        1.830815        1.002647
     365        0.000100        1.823382        0.999074
     366        0.000100        1.802869        0.994982
     367        0.000100        1.796544        0.991011
     368        0.000100        1.786629        0.987130
     369        0.000100        1.768528        0.983115
     370        0.000100        1.766279        0.980229
     371        0.000100        1.742025        0.975810
     372        0.000100        1.735613        0.972451
     373        0.000100        1.725163        0.968461
     374        0.000100        1.720282        0.965573
     375        0.000100        1.691249        0.961932
     376        0.000100        1.687936        0.957748
     377        0.000100        1.680308        0.954465
     378        0.000100        1.671425        0.951187
     379        0.000100        1.653720        0.948225
     380        0.000100        1.645143        0.944256
     381        0.000100        1.634104        0.941024
     382        0.000100        1.623198        0.937798
     383        0.000100        1.619936        0.934578
     384        0.000100        1.602768        0.931630
     385        0.000100        1.600375        0.928496
     386        0.000100        1.591154        0.925590
     387        0.000100        1.579665        0.922350
     388        0.000100        1.576175        0.919730
     389        0.000100        1.559201        0.916291
     390        0.000100        1.549153        0.913349
     391        0.000100        1.540572        0.909872
     392        0.000100        1.537122        0.907001
     393        0.000100        1.528949        0.903953
     394        0.000100        1.527496        0.901938
     395        0.000100        1.511206        0.898699
     396        0.000100        1.505961        0.896270
     397        0.000100        1.489873        0.894201
     398        0.000100        1.486442        0.890054
     399        0.000100        1.474839        0.887439
     400        0.000100        1.470854        0.884852
     401        0.000100        1.468027        0.882290
     402        0.000100        1.453184        0.879357
     403        0.000100        1.452247        0.876345
     404        0.000100        1.441411        0.873622
     405        0.000100        1.455400        0.873641
     406        0.000100        1.423632        0.869346
     407        0.000100        1.429521        0.866797
     408        0.000100        1.408539        0.865301
     409        0.000100        1.404317        0.861679
     410        0.000100        1.396669        0.858998
     411        0.000100        1.394548        0.855884
     412        0.000100        1.397667        0.854059
     413        0.000100        1.378336        0.851135
     414        0.000100        1.370174        0.849644
     415        0.000100        1.389258        0.848424
     416        0.000100        1.369529        0.843726
     417        0.000100        1.367807        0.842242
     418        0.000100        1.349718        0.839583
     419        0.000100        1.354691        0.837001
     420        0.000100        1.356630        0.835791
     421        0.000100        1.328364        0.832668
     422        0.000100        1.335227        0.829549
     423        0.000100        1.319376        0.827015
     424        0.000100        1.329725        0.825614
     425        0.000100        1.313116        0.821632
     426        0.000100        1.305614        0.819189
     427        0.000100        1.308061        0.817455
     428        0.000100        1.299201        0.814709
     429        0.000100        1.292847        0.812192
     430        0.000100        1.283075        0.809992
     431        0.000100        1.294536        0.809510
     432        0.000100        1.276409        0.805099
     433        0.000100        1.285970        0.805211
     434        0.000100        1.256649        0.801107
     435        0.000100        1.254175        0.797963
     436        0.000100        1.253854        0.795236
     437        0.000100        1.250165        0.793177
     438        0.000100        1.260863        0.793792
     439        0.000100        1.244399        0.789149
     440        0.000100        1.224153        0.785394
     441        0.000100        1.216386        0.787037
     442        0.000100        1.240761        0.784791
     443        0.000100        1.209374        0.778243
     444        0.000100        1.208339        0.775699
     445        0.000100        1.212608        0.774875
     446        0.000100        1.200622        0.771163
     447        0.000100        1.184836        0.768682
     448        0.000100        1.201030        0.768589
     449        0.000100        1.179117        0.762899
     450        0.000100        1.169161        0.761116
     451        0.000100        1.175621        0.758718
     452        0.000100        1.175987        0.757558
     453        0.000100        1.160691        0.753100
     454        0.000100        1.160143        0.751266
     455        0.000100        1.151563        0.748177
     456        0.000100        1.145447        0.746125
     457        0.000100        1.140712        0.743522
     458        0.000100        1.163390        0.747508
     459        0.000100        1.129551        0.739397
     460        0.000100        1.125402        0.737194
     461        0.000100        1.118585        0.738816
     462        0.000100        1.146476        0.738912
     463        0.000100        1.122868        0.731775
     464        0.000100        1.124036        0.731308
     465        0.000100        1.109515        0.727147
     466        0.000100        1.108902        0.725265
     467        0.000100        1.095219        0.723292
     468        0.000100        1.105791        0.722835
     469        0.000100        1.095889        0.719515
     470        0.000100        1.102259        0.719588
     471        0.000100        1.087607        0.715294
     472        0.000100        1.105515        0.718301
     473        0.000100        1.098049        0.715560
     474        0.000100        1.083446        0.710654
     475        0.000100        1.071886        0.707706
     476        0.000100        1.071319        0.706296
     477        0.000100        1.063155        0.704423
     478        0.000100        1.077892        0.705794
     479        0.000100        1.068856        0.702480
     480        0.000100        1.076553        0.703416
     481        0.000100        1.052252        0.697273
     482        0.000100        1.069698        0.700246
     483        0.000100        1.043304        0.694774
     484        0.000100        1.051756        0.693782
     485        0.000100        1.051638        0.692699
     486        0.000100        1.035482        0.689278
     487        0.000100        1.037132        0.688036
     488        0.000100        1.027976        0.686709
     489        0.000100        1.024533        0.686107
     490        0.000100        1.022055        0.685213
     491        0.000100        1.023891        0.681778
     492        0.000100        1.038478        0.684209
     493        0.000100        1.026400        0.680259
     494        0.000100        1.021196        0.677691
     495        0.000100        1.011727        0.675512
     496        0.000100        1.014881        0.674723
     497        0.000100        1.012225        0.673620
     498        0.000100        1.005086        0.671176
     499        0.000100        1.003514        0.669694
     500        0.000100        0.999373        0.668024
     501        0.000100        0.991397        0.666606
     502        0.000100        0.986023        0.665156
     503        0.000100        0.997229        0.665651
     504        0.000100        0.983060        0.661694
     505        0.000100        0.992404        0.662960
     506        0.000100        0.986989        0.660960
     507        0.000100        0.974157        0.657389
     508        0.000100        0.966948        0.659790
     509        0.000100        0.969956        0.655061
     510        0.000100        0.965737        0.653825
     511        0.000100        0.958778        0.652090
     512        0.000100        0.960138        0.650558
     513        0.000100        0.956054        0.649335
     514        0.000100        0.947849        0.648397
     515        0.000100        0.958307        0.649256
     516        0.000100        0.948704        0.646035
     517        0.000100        0.944976        0.644667
     518        0.000100        0.947085        0.645386
     519        0.000100        0.951309        0.646322
     520        0.000100        0.929902        0.640297
     521        0.000100        0.933203        0.640368
     522        0.000100        0.923304        0.637811
     523        0.000100        0.915909        0.637158
     524        0.000100        0.919965        0.635919
     525        0.000100        0.909541        0.634238
     526        0.000100        0.922174        0.635858
     527        0.000100        0.913076        0.633353
     528        0.000100        0.901951        0.630757
     529        0.000100        0.904484        0.630817
     530        0.000100        0.896753        0.628439
     531        0.000100        0.899432        0.629055
     532        0.000100        0.890356        0.626178
     533        0.000100        0.880102        0.624940
     534        0.000100        0.909362        0.633198
     535        0.000100        0.892470        0.626516
     536        0.000100        0.872515        0.621458
     537        0.000100        0.880057        0.622305
     538        0.000100        0.864205        0.618978
     539        0.000100        0.864673        0.618056
     540        0.000100        0.865110        0.617543
     541        0.000100        0.854484        0.615916
     542        0.000100        0.852302        0.614612
     543        0.000100        0.850787        0.619323
     544        0.000100        0.844718        0.613048
     545        0.000100        0.847231        0.611847
     546        0.000100        0.840426        0.610030
     547        0.000100        0.838001        0.609316
     548        0.000100        0.836055        0.608449
     549        0.000100        0.826976        0.608061
     550        0.000100        0.825995        0.606048
     551        0.000100        0.828755        0.606401
     552        0.000100        0.823530        0.604679
     553        0.000100        0.819819        0.603531
     554        0.000100        0.813170        0.602048
     555        0.000100        0.809534        0.600988
     556        0.000100        0.816713        0.602428
     557        0.000100        0.803543        0.599511
     558        0.000100        0.803084        0.598371
     559        0.000100        0.805811        0.598920
     560        0.000100        0.795199        0.596594
     561        0.000100        0.799536        0.596766
     562        0.000100        0.789867        0.594074
     563        0.000100        0.788136        0.596396
     564        0.000100        0.784030        0.593094
     565        0.000100        0.786439        0.592717
     566        0.000100        0.785741        0.592411
     567        0.000100        0.777169        0.590500
     568        0.000100        0.779951        0.591340
     569        0.000100        0.768904        0.588385
     570        0.000100        0.764571        0.587957
     571        0.000100        0.763508        0.586349
     572        0.000100        0.764022        0.586073
     573        0.000100        0.766084        0.586872
     574        0.000100        0.756384        0.584398
     575        0.000100        0.757373        0.584504
     576        0.000100        0.750453        0.582814
     577        0.000100        0.744371        0.582043
     578        0.000100        0.747544        0.581613
     579        0.000100        0.739404        0.580364
     580        0.000100        0.741981        0.580786
     581        0.000100        0.733702        0.578647
     582        0.000100        0.740828        0.579298
     583        0.000100        0.732003        0.577796
     584        0.000100        0.732414        0.577546
     585        0.000100        0.726649        0.575747
     586        0.000100        0.726050        0.575452
     587        0.000100        0.719332        0.574226
     588        0.000100        0.720095        0.573794
     589        0.000100        0.718044        0.572986
     590        0.000100        0.717708        0.572477
     591        0.000100        0.712216        0.571168
     592        0.000100        0.710942        0.570645
     593        0.000100        0.711326        0.570125
     594        0.000100        0.707733        0.572932
     595        0.000100        0.710825        0.569983
     596        0.000100        0.701033        0.567654
     597        0.000100        0.702153        0.567545
     598        0.000100        0.697915        0.566683
     599        0.000100        0.694993        0.566913
     600        0.000100        0.693289        0.567335
     601        0.000100        0.693605        0.564396
     602        0.000100        0.690560        0.564956
     603        0.000100        0.687375        0.563804
     604        0.000100        0.699879        0.566514
     605        0.000100        0.686700        0.562014
     606        0.000100        0.682812        0.560930
     607        0.000100        0.682144        0.560767
     608        0.000100        0.693705        0.566763
     609        0.000100        0.682558        0.562565
     610        0.000100        0.675930        0.560170
     611        0.000100        0.673023        0.558770
     612        0.000100        0.668834        0.557631
     613        0.000100        0.672447        0.557979
     614        0.000100        0.674217        0.558352
     615        0.000100        0.667215        0.555825
     616        0.000100        0.672258        0.557349
     617        0.000100        0.665317        0.555084
     618        0.000100        0.661018        0.554231
     619        0.000100        0.669812        0.557447
     620        0.000100        0.658398        0.553143
     621        0.000100        0.664095        0.555229
     622        0.000100        0.652157        0.553076
     623        0.000100        0.650723        0.551419
     624        0.000100        0.650268        0.551867
     625        0.000100        0.652559        0.551933
     626        0.000100        0.644833        0.550230
     627        0.000100        0.646224        0.550165
     628        0.000100        0.647136        0.549899
     629        0.000100        0.638596        0.549543
     630        0.000100        0.637255        0.547786
     631        0.000100        0.641687        0.547892
     632        0.000100        0.640014        0.547238
     633        0.000100        0.637476        0.549284
     634        0.000100        0.635842        0.546881
     635        0.000100        0.632629        0.546554
     636        0.000100        0.632974        0.545192
     637        0.000100        0.632590        0.544947
     638        0.000100        0.632878        0.544452
     639        0.000100        0.628925        0.543910
     640        0.000100        0.622829        0.543812
     641        0.000100        0.623223        0.543648
     642        0.000100        0.624848        0.542858
     643        0.000100        0.624554        0.545636
     644        0.000100        0.617984        0.541796
     645        0.000100        0.615727        0.541046
     646        0.000100        0.616820        0.541131
     647        0.000100        0.630973        0.546691
     648        0.000100        0.614662        0.540456
     649        0.000100        0.611431        0.545519
     650        0.000100        0.619770        0.543522
     651        0.000100        0.611362        0.540629
     652        0.000100        0.612738        0.540902
     653        0.000100        0.605270        0.538281
     654        0.000100        0.602553        0.537670
     655        0.000100        0.603674        0.539841
     656        0.000100        0.601968        0.537091
     657        0.000100        0.606460        0.539148
     658        0.000100        0.598437        0.537155
     659        0.000100        0.597566        0.536264
     660        0.000100        0.593951        0.536452
     661        0.000100        0.594884        0.535548
     662        0.000100        0.595523        0.536420
     663        0.000100        0.600842        0.535777
     664        0.000100        0.591677        0.535881
     665        0.000100        0.588514        0.534473
     666        0.000100        0.589619        0.534422
     667        0.000100        0.586538        0.534019
     668        0.000100        0.587926        0.533599
     669        0.000100        0.585644        0.532847
     670        0.000100        0.586182        0.532975
     671        0.000100        0.583895        0.532200
     672        0.000100        0.583138        0.532030
     673        0.000100        0.580124        0.532274
     674        0.000100        0.583513        0.532617
     675        0.000100        0.575660        0.530328
     676        0.000100        0.578431        0.531374
     677        0.000100        0.577213        0.532391
     678        0.000100        0.577967        0.530559
     679        0.000100        0.576364        0.532884
     680        0.000100        0.580057        0.531836
     681        0.000100        0.571126        0.530928
     682        0.000100        0.576360        0.529971
     683        0.000100        0.572408        0.528925
     684        0.000100        0.572518        0.528487
     685        0.000100        0.575108        0.530018
     686        0.000100        0.566578        0.527569
     687        0.000100        0.568744        0.527833
     688        0.000100        0.570974        0.527633
     689        0.000100        0.570720        0.527924
     690        0.000100        0.568960        0.527300
     691        0.000100        0.568595        0.527449
     692        0.000100        0.571886        0.530289
     693        0.000100        0.572474        0.527330
     694        0.000100        0.573997        0.528454
     695        0.000100        0.568683        0.526207
     696        0.000100        0.574466        0.532751
     697        0.000100        0.567828        0.526019
     698        0.000100        0.569272        0.526387
     699        0.000100        0.565575        0.525935
     700        0.000100        0.566334        0.525560
     701        0.000100        0.570292        0.532340
     702        0.000100        0.564835        0.525099
     703        0.000100        0.567251        0.528815
     704        0.000100        0.564308        0.524387
     705        0.000100        0.574145        0.528420
     706        0.000100        0.565123        0.524461
     707        0.000100        0.565781        0.525648
     708        0.000100        0.566418        0.524386
     709        0.000100        0.568800        0.525631
     710        0.000100        0.566001        0.524231
     711        0.000100        0.566867        0.525582
     712        0.000100        0.567929        0.524183
     713        0.000100        0.568446        0.524637
     714        0.000100        0.569577        0.524274
     715        0.000100        0.571852        0.524061
     716        0.000100        0.570621        0.524351
     717        0.000100        0.569473        0.524204
     718        0.000100        0.570906        0.524530
     719        0.000100        0.569282        0.523288
     720        0.000100        0.577482        0.527454
     721        0.000100        0.569139        0.523307
     722        0.000100        0.572687        0.526701
     723        0.000100        0.571522        0.523614
     724        0.000100        0.575423        0.525068
     725        0.000100        0.576944        0.528153
     726        0.000100        0.572272        0.522768
     727        0.000100        0.572186        0.522897
     728        0.000100        0.576376        0.526183
     729        0.000100        0.572563        0.522817
     730        0.000100        0.572723        0.522721
     731        0.000100        0.573247        0.523202
     732        0.000100        0.574379        0.522838
     733        0.000100        0.573607        0.522379
     734        0.000100        0.574815        0.522149
     735        0.000100        0.577253        0.522669
     736        0.000100        0.585215        0.526509
     737        0.000100        0.579341        0.522465
     738        0.000100        0.583581        0.525396
     739        0.000100        0.581113        0.522549
     740        0.000100        0.583139        0.524230
     741        0.000100        0.581740        0.522750
     742        0.000100        0.582768        0.522807
     743        0.000100        0.582713        0.522912
     744        0.000100        0.583982        0.522687
     745        0.000100        0.584282        0.523490
     746        0.000100        0.583963        0.522002
     747        0.000100        0.586725        0.523719
     748        0.000100        0.585114        0.522135
     749        0.000100        0.588262        0.524947
     750        0.000100        0.586111        0.523052
     751        0.000100        0.587341        0.523272
     752        0.000100        0.587355        0.522189
     753        0.000100        0.591924        0.525688
     754        0.000100        0.588797        0.521989
     755        0.000100        0.590662        0.522260
     756        0.000100        0.591752        0.522116
     757        0.000100        0.593513        0.522662
     758        0.000100        0.595119        0.523039
     759        0.000100        0.594761        0.522521
     760        0.000100        0.597375        0.524310
     761        0.000100        0.596960        0.523646
     762        0.000100        0.596944        0.522422
     763        0.000100        0.598083        0.522456
     764        0.000100        0.600048        0.523355
     765        0.000100        0.600612        0.522425
     766        0.000100        0.601588        0.522726
     767        0.000100        0.602797        0.523044
     768        0.000100        0.602847        0.522678
     769        0.000100        0.604151        0.523065
     770        0.000100        0.616647        0.531665
     771        0.000100        0.602849        0.522354
     772        0.000100        0.604208        0.522832
     773        0.000100        0.603994        0.522455
     774        0.000100        0.605728        0.522432
     775        0.000100        0.608171        0.522631
     776        0.000100        0.610256        0.523574
     777        0.000100        0.609017        0.522765
     778        0.000100        0.612476        0.524986
     779        0.000100        0.612412        0.523413
     780        0.000100        0.616550        0.525529
     781        0.000100        0.616046        0.524257
     782        0.000100        0.615300        0.522921
     783        0.000100        0.616515        0.522961
     784        0.000100        0.614759        0.522496
     785        0.000100        0.616218        0.523162
     786        0.000100        0.617317        0.523788
     787        0.000100        0.617555        0.522850
     788        0.000100        0.618083        0.523167
     789        0.000100        0.620030        0.523984
     790        0.000100        0.618840        0.522592
     791        0.000100        0.619373        0.522453
     792        0.000100        0.623577        0.524864
     793        0.000100        0.623924        0.525077
     794        0.000100        0.624658        0.523411
     795        0.000100        0.625079        0.523040
     796        0.000100        0.627775        0.524246
     797        0.000100        0.626651        0.522799
     798        0.000100        0.627430        0.522926
     799        0.000100        0.630881        0.524914
     800        0.000100        0.629670        0.523588
     801        0.000100        0.628434        0.522741
     802        0.000100        0.630559        0.524853
     803        0.000100        0.629500        0.523761
     804        0.000100        0.634922        0.527067
     805        0.000100        0.630194        0.522835
     806        0.000100        0.636470        0.524851
     807        0.000100        0.637766        0.525018
     808        0.000100        0.635078        0.523654
     809        0.000100        0.638359        0.525487
     810        0.000100        0.635677        0.523346
     811        0.000100        0.635879        0.523202
     812        0.000100        0.637739        0.523762
     813        0.000100        0.642297        0.525807
     814        0.000100        0.641506        0.523536
     815        0.000100        0.644089        0.524031
     816        0.000100        0.644298        0.524286
     817        0.000100        0.647518        0.523615
     818        0.000100        0.648621        0.524039
     819        0.000100        0.661269        0.530266
     820        0.000100        0.651304        0.524413
     821        0.000100        0.657142        0.527171
     822        0.000100        0.652595        0.524392
     823        0.000100        0.652005        0.525349
     824        0.000100        0.651603        0.523836
     825        0.000100        0.656212        0.525854
     826        0.000100        0.654956        0.525833
     827        0.000100        0.655312        0.524515
     828        0.000100        0.660214        0.525756
     829        0.000100        0.659949        0.524759
     830        0.000100        0.661416        0.525822
     831        0.000100        0.660563        0.525157
     832        0.000100        0.664718        0.526568
     833        0.000100        0.664437        0.525636
     834        0.000100        0.668398        0.526139
     835        0.000100        0.668259        0.525968
     836        0.000100        0.667411        0.525548
     837        0.000100        0.667300        0.525126
     838        0.000100        0.667051        0.525098
     839        0.000100        0.670350        0.526533
     840        0.000100        0.667166        0.525150
     841        0.000100        0.669234        0.525311
     842        0.000100        0.669958        0.525617
     843        0.000100        0.677463        0.528481
     844        0.000100        0.675458        0.526456
     845        0.000100        0.675738        0.526175
     846        0.000100        0.673596        0.525916
     847        0.000100        0.679774        0.527925
     848        0.000100        0.678911        0.525839
     849        0.000100        0.682036        0.527208
     850        0.000100        0.683465        0.526980
     851        0.000100        0.681483        0.526580
     852        0.000100        0.681886        0.526140
     853        0.000100        0.680416        0.526177
     854        0.000100        0.679358        0.525965
     855        0.000100        0.689723        0.531517
     856        0.000100        0.685818        0.528099
     857        0.000100        0.686126        0.529477
     858        0.000100        0.686403        0.527602
     859        0.000100        0.685609        0.527489
     860        0.000100        0.694707        0.531605
     861        0.000100        0.688749        0.528829
     862        0.000100        0.687916        0.528270
     863        0.000100        0.691690        0.528302
     864        0.000100        0.688528        0.526943
     865        0.000100        0.689867        0.527130
     866        0.000100        0.692495        0.530234
     867        0.000100        0.695143        0.527615
     868        0.000100        0.696294        0.528359
     869        0.000100        0.694745        0.527332
     870        0.000100        0.700126        0.528325
     871        0.000100        0.701976        0.528709
     872        0.000100        0.702028        0.528091
     873        0.000100        0.699077        0.527973
     874        0.000100        0.703891        0.528786
     875        0.000100        0.705795        0.528013
     876        0.000100        0.708108        0.528579
     877        0.000100        0.701831        0.527913
     878        0.000100        0.709448        0.530620
     879        0.000100        0.700718        0.528172
     880        0.000100        0.704444        0.528618
     881        0.000100        0.709776        0.531756
     882        0.000100        0.705929        0.528999
     883        0.000100        0.705431        0.529452
     884        0.000100        0.715546        0.532899
     885        0.000100        0.709580        0.530295
     886        0.000100        0.709174        0.529419
     887        0.000100        0.711480        0.529401
     888        0.000100        0.715382        0.530222
     889        0.000100        0.713460        0.529407
     890        0.000100        0.713666        0.530653
     891        0.000100        0.714276        0.529625
     892        0.000100        0.714918        0.529568
     893        0.000100        0.721319        0.532186
     894        0.000100        0.716861        0.530170
     895        0.000100        0.717450        0.529922
     896        0.000100        0.718710        0.529542
     897        0.000100        0.718944        0.529653
     898        0.000100        0.723956        0.531031
     899        0.000100        0.724759        0.532136
     900        0.000100        0.722848        0.530635
     901        0.000100        0.723326        0.530469
     902        0.000100        0.721033        0.531190
     903        0.000100        0.718683        0.530081
     904        0.000100        0.728471        0.533543
     905        0.000100        0.723357        0.530403
     906        0.000100        0.727925        0.531062
     907        0.000100        0.727459        0.531146
     908        0.000100        0.738255        0.535778
     909        0.000100        0.730891        0.531328
     910        0.000100        0.733133        0.531869
     911        0.000100        0.737246        0.532487
     912        0.000100        0.733772        0.533281
     913        0.000100        0.737252        0.531235
     914        0.000100        0.733912        0.531375
     915        0.000100        0.739649        0.532394
     916        0.000100        0.737588        0.531558
     917        0.000100        0.739767        0.532029
     918        0.000100        0.741572        0.531957
     919        0.000100        0.743642        0.532966
     920        0.000100        0.741483        0.532968
     921        0.000100        0.740996        0.532546
     922        0.000100        0.741709        0.531846
     923        0.000100        0.741365        0.532466
     924        0.000100        0.746073        0.532662
     925        0.000100        0.743337        0.532460
     926        0.000100        0.746423        0.532882
     927        0.000100        0.745207        0.532897
     928        0.000100        0.744311        0.532852
     929        0.000100        0.744763        0.534288
     930        0.000100        0.749717        0.534018
     931        0.000100        0.746824        0.533167
     932        0.000100        0.752181        0.534654
     933        0.000100        0.753521        0.534686
     934        0.000100        0.752472        0.533472
     935        0.000100        0.751600        0.533386
     936        0.000100        0.755614        0.534555
     937        0.000100        0.758758        0.538814
     938        0.000100        0.750816        0.533696
     939        0.000100        0.751946        0.535467
     940        0.000100        0.755771        0.534677
     941        0.000100        0.752467        0.534450
     942        0.000100        0.758333        0.537383
     943        0.000100        0.754328        0.535106
     944        0.000100        0.750931        0.534165
     945        0.000100        0.754601        0.534886
     946        0.000100        0.757361        0.534772
     947        0.000100        0.756011        0.535088
     948        0.000100        0.755715        0.534581
     949        0.000100        0.756875        0.534874
     950        0.000100        0.757337        0.534548
     951        0.000100        0.760211        0.535156
     952        0.000100        0.762349        0.534991
     953        0.000100        0.763002        0.535769
     954        0.000100        0.765523        0.535995
     955        0.000100        0.763301        0.535336
     956        0.000100        0.762936        0.535069
     957        0.000100        0.772434        0.535600
     958        0.000100        0.773461        0.535880
     959        0.000100        0.768519        0.537375
     960        0.000100        0.763926        0.535200
     961        0.000100        0.759556        0.535956
     962        0.000100        0.765524        0.537030
     963        0.000100        0.767813        0.536574
     964        0.000100        0.765236        0.535986
     965        0.000100        0.767235        0.539756
     966        0.000100        0.766448        0.536365
     967        0.000100        0.767440        0.536382
     968        0.000100        0.766332        0.536325
     969        0.000100        0.771125        0.536678
     970        0.000100        0.768238        0.536536
     971        0.000100        0.770348        0.537264
     972        0.000100        0.775030        0.537853
     973        0.000100        0.772043        0.537999
     974        0.000100        0.775258        0.537557
     975        0.000100        0.778240        0.538365
     976        0.000100        0.773965        0.536819
     977        0.000100        0.779537        0.538926
     978        0.000100        0.775044        0.537357
     979        0.000100        0.779141        0.537768
     980        0.000100        0.777459        0.538183
     981        0.000100        0.778128        0.537803
     982        0.000100        0.784809        0.540190
     983        0.000100        0.780628        0.538339
     984        0.000100        0.783826        0.540222
     985        0.000100        0.780188        0.538029
     986        0.000100        0.789734        0.542067
     987        0.000100        0.799008        0.544417
     988        0.000100        0.788461        0.538710
     989        0.000100        0.796823        0.544351
     990        0.000100        0.782066        0.538038
     991        0.000100        0.784910        0.538297
     992        0.000100        0.783908        0.538482
     993        0.000100        0.794919        0.542701
     994        0.000100        0.781833        0.538085
     995        0.000100        0.787551        0.538987
     996        0.000100        0.794434        0.539658
     997        0.000100        0.789327        0.539669
     998        0.000100        0.791153        0.539573
     999        0.000100        0.790472        0.539226
    1000        0.000100        0.795608        0.539635
    1001        0.000100        0.794318        0.539102
    1002        0.000100        0.799504        0.540777
    1003        0.000100        0.799503        0.540264
    1004        0.000100        0.802865        0.543086
    1005        0.000100        0.796045        0.539423
    1006        0.000100        0.791518        0.539025
    1007        0.000100        0.791562        0.539712
    1008        0.000100        0.798287        0.540596
    1009        0.000100        0.802691        0.540839
    1010        0.000100        0.800488        0.540383
    1011        0.000100        0.814484        0.545540
    1012        0.000100        0.807354        0.541639
    1013        0.000100        0.806871        0.540766
    1014        0.000100        0.808464        0.543941
    1015        0.000100        0.805067        0.541246
    1016        0.000100        0.805474        0.541510
    1017        0.000100        0.803482        0.540538
    1018        0.000100        0.809368        0.542294
    1019        0.000100        0.802709        0.540473
    1020        0.000100        0.803719        0.540496
    1021        0.000100        0.805966        0.540816
    1022        0.000100        0.810852        0.542268
    1023        0.000100        0.816933        0.544562
    1024        0.000100        0.810560        0.542590
    1025        0.000100        0.806368        0.541560
    1026        0.000100        0.808637        0.541407
    1027        0.000100        0.816660        0.545448
    1028        0.000100        0.811607        0.543120
    1029        0.000100        0.812544        0.542246
    1030        0.000100        0.819467        0.544781
    1031        0.000100        0.817979        0.542968
    1032        0.000100        0.816103        0.542365
    1033        0.000100        0.815427        0.543955
    1034        0.000100        0.819253        0.543067
    1035        0.000100        0.816298        0.544459
    1036        0.000100        0.825557        0.545518
    1037        0.000100        0.834208        0.550075
    1038        0.000100        0.821210        0.544029
    1039        0.000100        0.824048        0.543506
    1040        0.000100        0.825244        0.543979
    1041        0.000100        0.822786        0.545099
    1042        0.000100        0.819445        0.543885
    1043        0.000100        0.821114        0.543538
    1044        0.000100        0.822930        0.546554
    1045        0.000100        0.827756        0.547233
    1046        0.000100        0.813513        0.543899
    1047        0.000050        0.817990        0.544224
    1048        0.000050        0.820825        0.544533
    1049        0.000050        0.820620        0.544156
    1050        0.000050        0.826861        0.546559
    1051        0.000050        0.822944        0.544305
    1052        0.000050        0.826444        0.545421
    1053        0.000050        0.825155        0.545038
    1054        0.000050        0.824512        0.544469
    1055        0.000050        0.827093        0.545143
    1056        0.000050        0.827259        0.544947
    1057        0.000050        0.825326        0.544548
    1058        0.000050        0.830149        0.546255
    1059        0.000050        0.829451        0.545828
    1060        0.000050        0.827066        0.545003
    1061        0.000050        0.827218        0.544585
    1062        0.000050        0.829079        0.544896
    1063        0.000050        0.828444        0.545090
    1064        0.000050        0.826903        0.544730
    1065        0.000050        0.835044        0.547947
    1066        0.000050        0.830749        0.546340
    1067        0.000050        0.825472        0.544919
    1068        0.000050        0.831145        0.545598
    1069        0.000050        0.827731        0.544840
    1070        0.000050        0.831439        0.546433
    1071        0.000050        0.827938        0.545108
    1072        0.000050        0.831198        0.546249
    1073        0.000050        0.833910        0.547172
    1074        0.000050        0.830488        0.546822
    1075        0.000050        0.831361        0.546088
    1076        0.000050        0.827555        0.545801
    1077        0.000050        0.831990        0.545974
    1078        0.000050        0.830865        0.545723
    1079        0.000050        0.833971        0.546472
    1080        0.000050        0.829798        0.545712
    1081        0.000050        0.831371        0.545585
    1082        0.000050        0.829895        0.545756
    1083        0.000050        0.834680        0.546857
    1084        0.000050        0.834001        0.546258
    1085        0.000050        0.835466        0.546887
    1086        0.000050        0.829229        0.545567
    1087        0.000050        0.831558        0.546084
    1088        0.000050        0.831180        0.545875
    1089        0.000050        0.834129        0.546882
    1090        0.000050        0.831307        0.546009
    1091        0.000050        0.831643        0.546413
    1092        0.000050        0.836972        0.547275
    1093        0.000050        0.832499        0.546558
    1094        0.000050        0.836860        0.548916
    1095        0.000050        0.831584        0.546474
    1096        0.000050        0.831089        0.546765
    1097        0.000050        0.833934        0.546765
    1098        0.000050        0.835494        0.547239
    1099        0.000050        0.838065        0.547949
    1100        0.000050        0.834209        0.546674
    1101        0.000050        0.834367        0.546904
    1102        0.000050        0.832886        0.546687
    1103        0.000050        0.833889        0.546722
    1104        0.000050        0.833798        0.546578
    1105        0.000050        0.841030        0.549682
    1106        0.000050        0.830505        0.546817
    1107        0.000050        0.834166        0.546742
    1108        0.000050        0.835356        0.547070
    1109        0.000050        0.834846        0.547047
    1110        0.000050        0.835698        0.547074
    1111        0.000050        0.838691        0.547829
    1112        0.000050        0.836208        0.547310
    1113        0.000050        0.835093        0.547029
    1114        0.000050        0.835237        0.547202
    1115        0.000050        0.837593        0.547634
    1116        0.000050        0.834541        0.547242
    1117        0.000050        0.835399        0.547646
    1118        0.000050        0.840302        0.548805
    1119        0.000050        0.838046        0.547615
    1120        0.000050        0.838266        0.548141
    1121        0.000050        0.836433        0.547374
    1122        0.000050        0.838338        0.548054
    1123        0.000050        0.842135        0.548262
    1124        0.000050        0.838944        0.547891
    1125        0.000050        0.845914        0.549388
    1126        0.000050        0.841240        0.547891
    1127        0.000050        0.844497        0.548487
    1128        0.000050        0.846452        0.549080
    1129        0.000050        0.845365        0.549320
    1130        0.000050        0.842869        0.548656
    1131        0.000050        0.842129        0.548048
    1132        0.000050        0.843764        0.548848
    1133        0.000050        0.846530        0.549405
    1134        0.000050        0.845232        0.549083
    1135        0.000050        0.841854        0.548929
    1136        0.000050        0.842320        0.548383
    1137        0.000050        0.839641        0.548322
    1138        0.000050        0.846218        0.550769
    1139        0.000050        0.845825        0.549949
    1140        0.000050        0.842594        0.548862
    1141        0.000050        0.842009        0.549137
    1142        0.000050        0.842119        0.548699
    1143        0.000050        0.844996        0.549217
    1144        0.000050        0.847040        0.550665
    1145        0.000050        0.843379        0.548815
    1146        0.000050        0.845664        0.549293
    1147        0.000050        0.846422        0.549893
    1148        0.000050        0.842140        0.549100
    1149        0.000050        0.845725        0.549027
    1150        0.000050        0.842828        0.549047
    1151        0.000050        0.844470        0.550297
    1152        0.000050        0.843429        0.549802
    1153        0.000050        0.844239        0.549317
    1154        0.000050        0.840915        0.549162
    1155        0.000050        0.845095        0.549596
    1156        0.000050        0.850343        0.551350
    1157        0.000050        0.846953        0.549914
    1158        0.000050        0.847459        0.549837
    1159        0.000050        0.849159        0.549908
    1160        0.000050        0.849135        0.550298
    1161        0.000050        0.846975        0.549923
    1162        0.000050        0.847922        0.550386
    1163        0.000050        0.849642        0.550545
    1164        0.000050        0.847377        0.550384
    1165        0.000050        0.851584        0.552190
    1166        0.000050        0.849276        0.550183
    1167        0.000050        0.849512        0.550642
    1168        0.000050        0.849889        0.550841
    1169        0.000050        0.851454        0.551060
    1170        0.000050        0.849427        0.550384
    1171        0.000050        0.849630        0.551303
    1172        0.000050        0.848453        0.550312
    1173        0.000050        0.852376        0.551747
    1174        0.000050        0.847771        0.550665
    1175        0.000050        0.850935        0.551356
    1176        0.000050        0.849416        0.550640
    1177        0.000050        0.850417        0.550802
    1178        0.000050        0.850007        0.550758
    1179        0.000050        0.850917        0.550753
    1180        0.000050        0.859263        0.554351
    1181        0.000050        0.851239        0.551341
    1182        0.000050        0.849306        0.550334
    1183        0.000050        0.855071        0.552146
    1184        0.000050        0.856703        0.552592
    1185        0.000050        0.850375        0.550754
    1186        0.000050        0.849822        0.550659
    1187        0.000050        0.851770        0.551670
    1188        0.000050        0.849052        0.550997
    1189        0.000050        0.851121        0.551252
    1190        0.000050        0.846460        0.550840
    1191        0.000050        0.851068        0.551249
    1192        0.000050        0.849794        0.551269
    1193        0.000050        0.850328        0.551891
    1194        0.000050        0.847317        0.551131
    1195        0.000050        0.849559        0.551477
    1196        0.000050        0.848165        0.551189
    1197        0.000050        0.855239        0.553673
    1198        0.000050        0.847529        0.551002
    1199        0.000050        0.846714        0.550921
    1200        0.000050        0.848647        0.551683
    1201        0.000050        0.850241        0.551498
    1202        0.000050        0.852814        0.552732
    1203        0.000050        0.852245        0.552052
    1204        0.000050        0.852036        0.552344
