       0        0.000100     4130.353408       63.875446
       1        0.000100     4076.845301       63.458458
       2        0.000100     4025.597930       63.056889
       3        0.000100     3974.128522       62.650143
       4        0.000100     3918.690378       62.208832
       5        0.000100     3859.994494       61.737621
       6        0.000100     3798.161463       61.236832
       7        0.000100     3732.763234       60.702717
       8        0.000100     3663.814447       60.134514
       9        0.000100     3591.518746       59.532681
      10        0.000100     3516.093641       58.898186
      11        0.000100     3437.534786       58.229900
      12        0.000100     3356.467054       57.532146
      13        0.000100     3272.416044       56.799519
      14        0.000100     3186.367852       56.039627
      15        0.000100     3098.574581       55.253082
      16        0.000100     3007.739850       54.427551
      17        0.000100     2915.321709       53.574352
      18        0.000100     2820.639276       52.685783
      19        0.000100     2724.515242       51.767967
      20        0.000100     2627.300542       50.822453
      21        0.000100     2528.467876       49.842659
      22        0.000100     2428.613506       48.832653
      23        0.000100     2327.947446       47.792446
      24        0.000100     2225.924906       46.714500
      25        0.000100     2124.302469       45.614803
      26        0.000100     2022.475547       44.485138
      27        0.000100     1920.696734       43.326248
      28        0.000100     1819.874676       42.146427
      29        0.000100     1719.168984       40.933811
      30        0.000100     1620.111863       39.703758
      31        0.000100     1522.705440       38.455364
      32        0.000100     1426.860151       37.185631
      33        0.000100     1333.047598       35.898743
      34        0.000100     1242.342904       34.607395
      35        0.000100     1154.424919       33.307320
      36        0.000100     1068.477656       31.984909
      37        0.000100      986.449988       30.668308
      38        0.000100      907.496910       29.344486
      39        0.000100      832.568152       28.029198
      40        0.000100      761.486009       26.721012
      41        0.000100      694.114580       25.417692
      42        0.000100      631.221840       24.137775
      43        0.000100      571.882029       22.864426
      44        0.000100      517.134019       21.622442
      45        0.000100      466.217557       20.399357
      46        0.000100      419.332495       19.204096
      47        0.000100      376.167809       18.038506
      48        0.000100      337.806839       16.942650
      49        0.000100      302.417366       15.876779
      50        0.000100      270.504765       14.861272
      51        0.000100      241.982683       13.902146
      52        0.000100      216.802437       13.012935
      53        0.000100      194.284072       12.181278
      54        0.000100      174.278301       11.415092
      55        0.000100      157.417306       10.746247
      56        0.000100      142.513352       10.134125
      57        0.000100      129.943683        9.606311
      58        0.000100      118.710262        9.121883
      59        0.000100      109.149353        8.696664
      60        0.000100      101.026636        8.324395
      61        0.000100       94.004502        7.996690
      62        0.000100       88.213437        7.720065
      63        0.000100       83.334322        7.482051
      64        0.000100       79.035066        7.266570
      65        0.000100       75.454365        7.082696
      66        0.000100       72.510799        6.928910
      67        0.000100       70.055919        6.798340
      68        0.000100       67.968406        6.685099
      69        0.000100       66.069176        6.579873
      70        0.000100       64.476891        6.490951
      71        0.000100       62.962550        6.404579
      72        0.000100       61.706299        6.331822
      73        0.000100       60.608213        6.268365
      74        0.000100       59.513608        6.204073
      75        0.000100       58.500840        6.144018
      76        0.000100       57.559563        6.088105
      77        0.000100       56.720222        6.038862
      78        0.000100       55.901668        5.990722
      79        0.000100       55.120246        5.944642
      80        0.000100       54.345252        5.898948
      81        0.000100       53.608904        5.856098
      82        0.000100       52.858639        5.810266
      83        0.000100       52.160298        5.769891
      84        0.000100       51.449753        5.727063
      85        0.000100       50.753997        5.686072
      86        0.000100       50.094545        5.647085
      87        0.000100       49.437193        5.607089
      88        0.000100       48.786304        5.568292
      89        0.000100       48.108280        5.526964
      90        0.000100       47.469071        5.487664
      91        0.000100       46.822503        5.448578
      92        0.000100       46.172975        5.409416
      93        0.000100       45.541284        5.371323
      94        0.000100       44.915676        5.331455
      95        0.000100       44.308302        5.294136
      96        0.000100       43.682775        5.256363
      97        0.000100       43.079702        5.218832
      98        0.000100       42.454755        5.178385
      99        0.000100       41.831347        5.139041
     100        0.000100       41.216930        5.098467
     101        0.000100       40.611352        5.057836
     102        0.000100       40.007856        5.018774
     103        0.000100       39.420273        4.978872
     104        0.000100       38.839733        4.940550
     105        0.000100       38.261418        4.903326
     106        0.000100       37.683203        4.863780
     107        0.000100       37.105566        4.825030
     108        0.000100       36.547810        4.786308
     109        0.000100       35.991345        4.748470
     110        0.000100       35.441909        4.709574
     111        0.000100       34.907464        4.674390
     112        0.000100       34.361879        4.635549
     113        0.000100       33.835465        4.599135
     114        0.000100       33.307651        4.561425
     115        0.000100       32.774440        4.522004
     116        0.000100       32.270133        4.486076
     117        0.000100       31.762657        4.449601
     118        0.000100       31.239455        4.409333
     119        0.000100       30.741719        4.372316
     120        0.000100       30.245840        4.336549
     121        0.000100       29.755177        4.299430
     122        0.000100       29.254063        4.260257
     123        0.000100       28.771179        4.223677
     124        0.000100       28.304915        4.187908
     125        0.000100       27.825828        4.152457
     126        0.000100       27.358568        4.113061
     127        0.000100       26.901552        4.078202
     128        0.000100       26.439365        4.039976
     129        0.000100       26.007910        4.004107
     130        0.000100       25.568442        3.969037
     131        0.000100       25.139430        3.934428
     132        0.000100       24.712156        3.900082
     133        0.000100       24.302187        3.865505
     134        0.000100       23.899582        3.830121
     135        0.000100       23.487272        3.795703
     136        0.000100       23.081651        3.760490
     137        0.000100       22.682056        3.727973
     138        0.000100       22.287818        3.695680
     139        0.000100       21.920001        3.661315
     140        0.000100       21.524972        3.628464
     141        0.000100       21.149289        3.596320
     142        0.000100       20.774253        3.563122
     143        0.000100       20.400665        3.528373
     144        0.000100       20.038190        3.495070
     145        0.000100       19.694633        3.463031
     146        0.000100       19.340851        3.433175
     147        0.000100       19.004583        3.397922
     148        0.000100       18.667708        3.369203
     149        0.000100       18.326875        3.337212
     150        0.000100       18.000536        3.304962
     151        0.000100       17.664840        3.275309
     152        0.000100       17.342555        3.241673
     153        0.000100       17.035870        3.211687
     154        0.000100       16.723999        3.179285
     155        0.000100       16.410404        3.149729
     156        0.000100       16.121983        3.118436
     157        0.000100       15.820496        3.088958
     158        0.000100       15.537836        3.059501
     159        0.000100       15.253422        3.028363
     160        0.000100       14.971273        3.000643
     161        0.000100       14.695372        2.972548
     162        0.000100       14.427408        2.941711
     163        0.000100       14.158996        2.915178
     164        0.000100       13.904110        2.885244
     165        0.000100       13.632840        2.857904
     166        0.000100       13.387919        2.828231
     167        0.000100       13.147388        2.800080
     168        0.000100       12.896329        2.773691
     169        0.000100       12.649018        2.747647
     170        0.000100       12.431492        2.719292
     171        0.000100       12.186463        2.694704
     172        0.000100       11.952507        2.667602
     173        0.000100       11.735960        2.641412
     174        0.000100       11.528927        2.613469
     175        0.000100       11.288989        2.590884
     176        0.000100       11.078569        2.564571
     177        0.000100       10.865453        2.539948
     178        0.000100       10.670354        2.514399
     179        0.000100       10.479941        2.488197
     180        0.000100       10.269883        2.465115
     181        0.000100       10.077837        2.441483
     182        0.000100        9.880929        2.418132
     183        0.000100        9.693890        2.392896
     184        0.000100        9.508728        2.366597
     185        0.000100        9.337784        2.342535
     186        0.000100        9.143923        2.322392
     187        0.000100        8.985491        2.297731
     188        0.000100        8.815773        2.274922
     189        0.000100        8.648598        2.252495
     190        0.000100        8.479881        2.230684
     191        0.000100        8.314627        2.208748
     192        0.000100        8.158974        2.186014
     193        0.000100        8.003641        2.164249
     194        0.000100        7.858757        2.140257
     195        0.000100        7.707227        2.120065
     196        0.000100        7.558495        2.099648
     197        0.000100        7.420230        2.078405
     198        0.000100        7.280634        2.057052
     199        0.000100        7.141410        2.037083
     200        0.000100        6.997694        2.018227
     201        0.000100        6.874888        1.997113
     202        0.000100        6.737164        1.977370
     203        0.000100        6.612296        1.958002
     204        0.000100        6.482343        1.937967
     205        0.000100        6.371822        1.917280
     206        0.000100        6.244515        1.898881
     207        0.000100        6.137764        1.880159
     208        0.000100        6.014204        1.862648
     209        0.000100        5.906624        1.843478
     210        0.000100        5.800574        1.825761
     211        0.000100        5.695841        1.807813
     212        0.000100        5.587964        1.790157
     213        0.000100        5.479832        1.772881
     214        0.000100        5.384194        1.755674
     215        0.000100        5.288996        1.739250
     216        0.000100        5.187638        1.723440
     217        0.000100        5.101483        1.705941
     218        0.000100        5.004145        1.690355
     219        0.000100        4.917012        1.674477
     220        0.000100        4.825762        1.658723
     221        0.000100        4.751593        1.643457
     222        0.000100        4.667328        1.628931
     223        0.000100        4.577442        1.614909
     224        0.000100        4.515142        1.598635
     225        0.000100        4.415268        1.584849
     226        0.000100        4.352276        1.570541
     227        0.000100        4.265864        1.557868
     228        0.000100        4.200038        1.543094
     229        0.000100        4.130585        1.529444
     230        0.000100        4.056573        1.516010
     231        0.000100        3.996823        1.502645
     232        0.000100        3.928451        1.489839
     233        0.000100        3.859902        1.477593
     234        0.000100        3.797504        1.464549
     235        0.000100        3.747368        1.451717
     236        0.000100        3.682860        1.439318
     237        0.000100        3.621321        1.427696
     238        0.000100        3.560670        1.415885
     239        0.000100        3.503004        1.404701
     240        0.000100        3.455978        1.392928
     241        0.000100        3.393028        1.381728
     242        0.000100        3.344411        1.370118
     243        0.000100        3.292645        1.359555
     244        0.000100        3.244891        1.348659
     245        0.000100        3.197602        1.338052
     246        0.000100        3.149155        1.327542
     247        0.000100        3.099944        1.317262
     248        0.000100        3.059199        1.307500
     249        0.000100        2.999948        1.297762
     250        0.000100        2.965215        1.287995
     251        0.000100        2.928699        1.278730
     252        0.000100        2.883117        1.269211
     253        0.000100        2.844051        1.259887
     254        0.000100        2.803391        1.250682
     255        0.000100        2.761317        1.241273
     256        0.000100        2.725288        1.232333
     257        0.000100        2.684458        1.223311
     258        0.000100        2.646568        1.214109
     259        0.000100        2.604381        1.205233
     260        0.000100        2.566589        1.197809
     261        0.000100        2.539819        1.189218
     262        0.000100        2.505930        1.180917
     263        0.000100        2.482763        1.173847
     264        0.000100        2.439120        1.165405
     265        0.000100        2.404675        1.157149
     266        0.000100        2.378002        1.149996
     267        0.000100        2.351872        1.142648
     268        0.000100        2.318332        1.134795
     269        0.000100        2.286995        1.127112
     270        0.000100        2.252609        1.120043
     271        0.000100        2.226499        1.112701
     272        0.000100        2.203367        1.105817
     273        0.000100        2.174723        1.098702
     274        0.000100        2.164048        1.093190
     275        0.000100        2.118271        1.085383
     276        0.000100        2.099516        1.078966
     277        0.000100        2.076220        1.072189
     278        0.000100        2.043757        1.065805
     279        0.000100        2.025146        1.059205
     280        0.000100        1.998018        1.052629
     281        0.000100        1.972131        1.046642
     282        0.000100        1.953988        1.040197
     283        0.000100        1.931788        1.034034
     284        0.000100        1.911787        1.027870
     285        0.000100        1.885750        1.022160
     286        0.000100        1.871413        1.016680
     287        0.000100        1.843059        1.011017
     288        0.000100        1.833628        1.005549
     289        0.000100        1.807406        0.999482
     290        0.000100        1.784193        0.993807
     291        0.000100        1.770193        0.988705
     292        0.000100        1.749888        0.983007
     293        0.000100        1.737816        0.978217
     294        0.000100        1.712952        0.972753
     295        0.000100        1.694057        0.967127
     296        0.000100        1.677024        0.962281
     297        0.000100        1.656969        0.957355
     298        0.000100        1.652737        0.952763
     299        0.000100        1.626408        0.947610
     300        0.000100        1.615298        0.942561
     301        0.000100        1.595195        0.937577
     302        0.000100        1.576204        0.934138
     303        0.000100        1.565011        0.928162
     304        0.000100        1.554774        0.923424
     305        0.000100        1.539489        0.919128
     306        0.000100        1.524543        0.914676
     307        0.000100        1.508570        0.909814
     308        0.000100        1.499958        0.905885
     309        0.000100        1.478705        0.901255
     310        0.000100        1.470474        0.896891
     311        0.000100        1.458404        0.892672
     312        0.000100        1.436201        0.888415
     313        0.000100        1.426740        0.883981
     314        0.000100        1.412949        0.880074
     315        0.000100        1.402676        0.876128
     316        0.000100        1.387073        0.872176
     317        0.000100        1.386051        0.868424
     318        0.000100        1.366770        0.864591
     319        0.000100        1.358769        0.860076
     320        0.000100        1.344031        0.856665
     321        0.000100        1.330877        0.853327
     322        0.000100        1.318853        0.849256
     323        0.000100        1.309702        0.845478
     324        0.000100        1.305478        0.841460
     325        0.000100        1.289569        0.838122
     326        0.000100        1.280382        0.834214
     327        0.000100        1.275514        0.831301
     328        0.000100        1.262479        0.827675
     329        0.000100        1.250026        0.825094
     330        0.000100        1.248420        0.821393
     331        0.000100        1.231515        0.818531
     332        0.000100        1.220635        0.814935
     333        0.000100        1.219318        0.811098
     334        0.000100        1.206387        0.807662
     335        0.000100        1.195765        0.804842
     336        0.000100        1.201201        0.803147
     337        0.000100        1.177657        0.799049
     338        0.000100        1.168354        0.797457
     339        0.000100        1.177037        0.794172
     340        0.000100        1.154467        0.789795
     341        0.000100        1.148959        0.786646
     342        0.000100        1.142057        0.784140
     343        0.000100        1.133602        0.781079
     344        0.000100        1.120746        0.778877
     345        0.000100        1.115785        0.775491
     346        0.000100        1.118739        0.773881
     347        0.000100        1.100437        0.771428
     348        0.000100        1.095914        0.767907
     349        0.000100        1.086091        0.765884
     350        0.000100        1.084412        0.762881
     351        0.000100        1.074945        0.760269
     352        0.000100        1.069786        0.757927
     353        0.000100        1.067123        0.756026
     354        0.000100        1.055245        0.752865
     355        0.000100        1.047829        0.750470
     356        0.000100        1.050598        0.749689
     357        0.000100        1.035846        0.746066
     358        0.000100        1.028499        0.744559
     359        0.000100        1.027790        0.741902
     360        0.000100        1.014559        0.740559
     361        0.000100        1.011838        0.737133
     362        0.000100        1.013367        0.735765
     363        0.000100        0.997996        0.733484
     364        0.000100        0.996076        0.731006
     365        0.000100        0.998072        0.729818
     366        0.000100        0.982812        0.727727
     367        0.000100        0.978856        0.724636
     368        0.000100        0.979867        0.723277
     369        0.000100        0.965963        0.721209
     370        0.000100        0.984978        0.723489
     371        0.000100        0.955887        0.716529
     372        0.000100        0.949505        0.715954
     373        0.000100        0.952981        0.713332
     374        0.000100        0.940077        0.712673
     375        0.000100        0.943398        0.709762
     376        0.000100        0.933381        0.707207
     377        0.000100        0.932345        0.705746
     378        0.000100        0.923835        0.703393
     379        0.000100        0.925092        0.702566
     380        0.000100        0.913568        0.702050
     381        0.000100        0.911065        0.698622
     382        0.000100        0.905589        0.697660
     383        0.000100        0.900246        0.696579
     384        0.000100        0.898865        0.693616
     385        0.000100        0.896018        0.692082
     386        0.000100        0.892543        0.690441
     387        0.000100        0.885390        0.688842
     388        0.000100        0.886480        0.687792
     389        0.000100        0.880004        0.685750
     390        0.000100        0.872603        0.685388
     391        0.000100        0.868802        0.683549
     392        0.000100        0.870358        0.681702
     393        0.000100        0.861593        0.680413
     394        0.000100        0.858503        0.679313
     395        0.000100        0.856895        0.676895
     396        0.000100        0.851921        0.675792
     397        0.000100        0.855640        0.675304
     398        0.000100        0.848673        0.673160
     399        0.000100        0.843626        0.671419
     400        0.000100        0.839371        0.670114
     401        0.000100        0.846936        0.681217
     402        0.000100        0.831789        0.667653
     403        0.000100        0.831942        0.666265
     404        0.000100        0.831543        0.665561
     405        0.000100        0.823235        0.663262
     406        0.000100        0.821629        0.662081
     407        0.000100        0.816503        0.660677
     408        0.000100        0.816494        0.659523
     409        0.000100        0.808690        0.658571
     410        0.000100        0.812710        0.664924
     411        0.000100        0.803232        0.655705
     412        0.000100        0.801343        0.657684
     413        0.000100        0.796720        0.653490
     414        0.000100        0.794538        0.651981
     415        0.000100        0.791364        0.652932
     416        0.000100        0.788597        0.653040
     417        0.000100        0.784733        0.649808
     418        0.000100        0.784052        0.647298
     419        0.000100        0.779936        0.646171
     420        0.000100        0.776266        0.645710
     421        0.000100        0.776568        0.643812
     422        0.000100        0.776939        0.643198
     423        0.000100        0.774318        0.642099
     424        0.000100        0.766502        0.640500
     425        0.000100        0.771816        0.640257
     426        0.000100        0.761326        0.638338
     427        0.000100        0.765804        0.637880
     428        0.000100        0.758144        0.635829
     429        0.000100        0.760474        0.635765
     430        0.000100        0.755138        0.633956
     431        0.000100        0.747233        0.633214
     432        0.000100        0.745375        0.632672
     433        0.000100        0.743687        0.631057
     434        0.000100        0.740390        0.630233
     435        0.000100        0.744605        0.629164
     436        0.000100        0.737683        0.627410
     437        0.000100        0.750586        0.630547
     438        0.000100        0.735705        0.625483
     439        0.000100        0.731553        0.628528
     440        0.000100        0.729218        0.623239
     441        0.000100        0.724389        0.622828
     442        0.000100        0.722297        0.621525
     443        0.000100        0.720102        0.621006
     444        0.000100        0.716566        0.620610
     445        0.000100        0.718954        0.618841
     446        0.000100        0.713963        0.621408
     447        0.000100        0.712359        0.620364
     448        0.000100        0.727070        0.620842
     449        0.000100        0.713546        0.615713
     450        0.000100        0.708614        0.614159
     451        0.000100        0.701966        0.613211
     452        0.000100        0.698910        0.613122
     453        0.000100        0.697302        0.612295
     454        0.000100        0.695418        0.609605
     455        0.000100        0.704768        0.611436
     456        0.000100        0.691246        0.608189
     457        0.000100        0.688281        0.608629
     458        0.000100        0.691442        0.606794
     459        0.000100        0.687269        0.605610
     460        0.000100        0.692650        0.605716
     461        0.000100        0.684218        0.603915
     462        0.000100        0.688370        0.604053
     463        0.000100        0.678530        0.602898
     464        0.000100        0.679173        0.601327
     465        0.000100        0.673832        0.600808
     466        0.000100        0.674775        0.599647
     467        0.000100        0.671757        0.598735
     468        0.000100        0.669153        0.599305
     469        0.000100        0.667561        0.597577
     470        0.000100        0.668161        0.596607
     471        0.000100        0.663756        0.595798
     472        0.000100        0.661691        0.597273
     473        0.000100        0.664322        0.594414
     474        0.000100        0.685691        0.602905
     475        0.000100        0.657910        0.596075
     476        0.000100        0.660826        0.592821
     477        0.000100        0.655030        0.594034
     478        0.000100        0.654643        0.590497
     479        0.000100        0.652302        0.589777
     480        0.000100        0.652387        0.589334
     481        0.000100        0.647661        0.587945
     482        0.000100        0.646395        0.589390
     483        0.000100        0.646834        0.586755
     484        0.000100        0.642192        0.585674
     485        0.000100        0.641196        0.585939
     486        0.000100        0.644035        0.584946
     487        0.000100        0.642753        0.584423
     488        0.000100        0.637820        0.583109
     489        0.000100        0.639141        0.582575
     490        0.000100        0.634496        0.581465
     491        0.000100        0.638181        0.582039
     492        0.000100        0.637717        0.581529
     493        0.000100        0.631652        0.579374
     494        0.000100        0.633972        0.584781
     495        0.000100        0.627198        0.580552
     496        0.000100        0.625987        0.579152
     497        0.000100        0.638103        0.581072
     498        0.000100        0.624560        0.576401
     499        0.000100        0.626153        0.576389
     500        0.000100        0.623641        0.578361
     501        0.000100        0.620786        0.574308
     502        0.000100        0.621554        0.573983
     503        0.000100        0.618242        0.573106
     504        0.000100        0.618757        0.572604
     505        0.000100        0.617339        0.572143
     506        0.000100        0.616136        0.571651
     507        0.000100        0.614244        0.571487
     508        0.000100        0.613341        0.571001
     509        0.000100        0.614873        0.573095
     510        0.000100        0.612241        0.569405
     511        0.000100        0.633277        0.577632
     512        0.000100        0.620050        0.570741
     513        0.000100        0.609618        0.567919
     514        0.000100        0.613183        0.567906
     515        0.000100        0.608950        0.566451
     516        0.000100        0.608951        0.568251
     517        0.000100        0.607457        0.568242
     518        0.000100        0.605965        0.564719
     519        0.000100        0.606901        0.567450
     520        0.000100        0.604734        0.565183
     521        0.000100        0.603738        0.563198
     522        0.000100        0.607645        0.563979
     523        0.000100        0.603427        0.562514
     524        0.000100        0.602007        0.563072
     525        0.000100        0.601802        0.561412
     526        0.000100        0.601622        0.560937
     527        0.000100        0.599909        0.560440
     528        0.000100        0.600299        0.560173
     529        0.000100        0.604803        0.560652
     530        0.000100        0.602972        0.563735
     531        0.000100        0.597176        0.558760
     532        0.000100        0.596171        0.558085
     533        0.000100        0.597128        0.558198
     534        0.000100        0.603343        0.559177
     535        0.000100        0.595997        0.557196
     536        0.000100        0.598859        0.556751
     537        0.000100        0.597404        0.556107
     538        0.000100        0.594340        0.555320
     539        0.000100        0.596301        0.555242
     540        0.000100        0.595206        0.555634
     541        0.000100        0.595501        0.555275
     542        0.000100        0.596493        0.555928
     543        0.000100        0.594731        0.553801
     544        0.000100        0.594859        0.553141
     545        0.000100        0.597274        0.553384
     546        0.000100        0.594241        0.552992
     547        0.000100        0.596163        0.552162
     548        0.000100        0.596166        0.551840
     549        0.000100        0.593859        0.551171
     550        0.000100        0.593726        0.551284
     551        0.000100        0.597079        0.550782
     552        0.000100        0.603493        0.553492
     553        0.000100        0.598588        0.550771
     554        0.000100        0.592604        0.548545
     555        0.000100        0.595350        0.548695
     556        0.000100        0.595642        0.548451
     557        0.000100        0.593913        0.547929
     558        0.000100        0.595653        0.547435
     559        0.000100        0.593574        0.546885
     560        0.000100        0.593925        0.546182
     561        0.000100        0.593395        0.545950
     562        0.000100        0.593294        0.545351
     563        0.000100        0.598162        0.545992
     564        0.000100        0.594770        0.544593
     565        0.000100        0.594250        0.544189
     566        0.000100        0.593191        0.544092
     567        0.000100        0.594118        0.543880
     568        0.000100        0.594542        0.543016
     569        0.000100        0.595084        0.542522
     570        0.000100        0.594211        0.541998
     571        0.000100        0.595157        0.541886
     572        0.000100        0.594484        0.541089
     573        0.000100        0.595267        0.540634
     574        0.000100        0.601503        0.546391
     575        0.000100        0.594288        0.539712
     576        0.000100        0.596138        0.539382
     577        0.000100        0.595655        0.538906
     578        0.000100        0.600474        0.539764
     579        0.000100        0.597239        0.539043
     580        0.000100        0.602239        0.539459
     581        0.000100        0.596654        0.536875
     582        0.000100        0.597048        0.536722
     583        0.000100        0.598023        0.536081
     584        0.000100        0.602682        0.541134
     585        0.000100        0.599483        0.536214
     586        0.000100        0.602204        0.535158
     587        0.000100        0.615798        0.546112
     588        0.000100        0.601386        0.534649
     589        0.000100        0.600114        0.534085
     590        0.000100        0.601504        0.535575
     591        0.000100        0.601172        0.534886
     592        0.000100        0.599700        0.532418
     593        0.000100        0.600118        0.532623
     594        0.000100        0.600240        0.531875
     595        0.000100        0.599930        0.532539
     596        0.000100        0.605029        0.533378
     597        0.000100        0.601733        0.531765
     598        0.000100        0.601526        0.530914
     599        0.000100        0.601654        0.530921
     600        0.000100        0.605776        0.531392
     601        0.000100        0.602411        0.529750
     602        0.000100        0.602450        0.530133
     603        0.000100        0.603704        0.529588
     604        0.000100        0.602934        0.528831
     605        0.000100        0.606292        0.528851
     606        0.000100        0.604610        0.529106
     607        0.000100        0.603742        0.528023
     608        0.000100        0.607570        0.528959
     609        0.000100        0.606520        0.527703
     610        0.000100        0.608945        0.529497
     611        0.000100        0.612637        0.531124
     612        0.000100        0.618176        0.532099
     613        0.000100        0.609900        0.526149
     614        0.000100        0.612691        0.528063
     615        0.000100        0.609049        0.525641
     616        0.000100        0.610791        0.525733
     617        0.000100        0.610454        0.524956
     618        0.000100        0.612828        0.526476
     619        0.000100        0.611632        0.524771
     620        0.000100        0.613990        0.525189
     621        0.000100        0.615173        0.524572
     622        0.000100        0.614613        0.524196
     623        0.000100        0.619812        0.526173
     624        0.000100        0.625016        0.528345
     625        0.000100        0.618395        0.524880
     626        0.000100        0.625769        0.527128
     627        0.000100        0.623072        0.523330
     628        0.000100        0.623618        0.523396
     629        0.000100        0.625239        0.524770
     630        0.000100        0.624580        0.523080
     631        0.000100        0.625658        0.524656
     632        0.000100        0.623674        0.521922
     633        0.000100        0.624119        0.521837
     634        0.000100        0.625388        0.521571
     635        0.000100        0.628206        0.522190
     636        0.000100        0.632442        0.525359
     637        0.000100        0.628013        0.520831
     638        0.000100        0.630352        0.521662
     639        0.000100        0.632490        0.522161
     640        0.000100        0.633353        0.522771
     641        0.000100        0.629839        0.520851
     642        0.000100        0.631670        0.520396
     643        0.000100        0.633414        0.521049
     644        0.000100        0.632480        0.519759
     645        0.000100        0.641791        0.526227
     646        0.000100        0.636015        0.519718
     647        0.000100        0.641138        0.520477
     648        0.000100        0.644651        0.522208
     649        0.000100        0.641444        0.519839
     650        0.000100        0.642386        0.520536
     651        0.000100        0.643037        0.519321
     652        0.000100        0.645011        0.520054
     653        0.000100        0.646362        0.519704
     654        0.000100        0.645847        0.519281
     655        0.000100        0.645017        0.519300
     656        0.000100        0.648280        0.521005
     657        0.000100        0.648312        0.518524
     658        0.000100        0.648428        0.518498
     659        0.000100        0.649050        0.518242
     660        0.000100        0.652304        0.518696
     661        0.000100        0.653104        0.518243
     662        0.000100        0.656147        0.519267
     663        0.000100        0.660815        0.520531
     664        0.000100        0.659302        0.518815
     665        0.000100        0.660289        0.517746
     666        0.000100        0.661658        0.517912
     667        0.000100        0.663949        0.517944
     668        0.000100        0.668734        0.520734
     669        0.000100        0.668594        0.519270
     670        0.000100        0.667721        0.518777
     671        0.000100        0.669310        0.520401
     672        0.000100        0.664881        0.517423
     673        0.000100        0.667042        0.517698
     674        0.000100        0.667703        0.517176
     675        0.000100        0.668352        0.517158
     676        0.000100        0.668930        0.517031
     677        0.000100        0.672678        0.517492
     678        0.000100        0.679105        0.518865
     679        0.000100        0.677995        0.517668
     680        0.000100        0.676581        0.517272
     681        0.000100        0.679878        0.518223
     682        0.000100        0.676576        0.516465
     683        0.000100        0.677886        0.516841
     684        0.000100        0.680132        0.516967
     685        0.000100        0.684265        0.517429
     686        0.000100        0.685206        0.517217
     687        0.000100        0.686115        0.517251
     688        0.000100        0.686427        0.516991
     689        0.000100        0.688310        0.517384
     690        0.000100        0.688652        0.516494
     691        0.000100        0.692245        0.516494
     692        0.000100        0.697396        0.519503
     693        0.000100        0.702261        0.520486
     694        0.000100        0.694086        0.517045
     695        0.000100        0.699403        0.517107
     696        0.000100        0.702655        0.518369
     697        0.000100        0.703298        0.516325
     698        0.000100        0.706782        0.517008
     699        0.000100        0.708351        0.516427
     700        0.000100        0.714570        0.516359
     701        0.000100        0.716684        0.521049
     702        0.000100        0.713391        0.517076
     703        0.000100        0.716463        0.516669
     704        0.000100        0.717852        0.516578
     705        0.000100        0.718798        0.515672
     706        0.000100        0.726585        0.517210
     707        0.000100        0.725826        0.516522
     708        0.000100        0.729281        0.516647
     709        0.000100        0.737409        0.520338
     710        0.000100        0.727775        0.518023
     711        0.000100        0.728059        0.516050
     712        0.000100        0.731828        0.516790
     713        0.000100        0.731994        0.516184
     714        0.000100        0.733940        0.515932
     715        0.000100        0.735533        0.515699
     716        0.000100        0.737136        0.515905
     717        0.000100        0.740321        0.517199
     718        0.000100        0.742138        0.516161
     719        0.000100        0.741473        0.515925
     720        0.000100        0.746667        0.517683
     721        0.000100        0.751559        0.518417
     722        0.000100        0.749048        0.515655
     723        0.000100        0.752591        0.517743
     724        0.000100        0.752407        0.515891
     725        0.000100        0.750929        0.516519
     726        0.000100        0.757024        0.516340
     727        0.000100        0.761384        0.518975
     728        0.000100        0.759821        0.515813
     729        0.000100        0.762499        0.517072
     730        0.000100        0.760331        0.515393
     731        0.000100        0.762906        0.515496
     732        0.000100        0.765600        0.517021
     733        0.000100        0.763938        0.515863
     734        0.000100        0.765034        0.515866
     735        0.000100        0.768489        0.515652
     736        0.000100        0.768737        0.516168
     737        0.000100        0.770049        0.515803
     738        0.000100        0.775896        0.517551
     739        0.000100        0.779192        0.518524
     740        0.000100        0.777775        0.515658
     741        0.000100        0.779563        0.516249
     742        0.000100        0.780523        0.516279
     743        0.000100        0.781823        0.516804
     744        0.000100        0.784930        0.516258
     745        0.000100        0.780159        0.516097
     746        0.000100        0.787427        0.518755
     747        0.000100        0.782085        0.516140
     748        0.000100        0.789212        0.516667
     749        0.000100        0.790874        0.519067
     750        0.000100        0.789849        0.517904
     751        0.000100        0.792494        0.517579
     752        0.000100        0.800295        0.517079
     753        0.000100        0.798261        0.516584
     754        0.000100        0.800587        0.518133
     755        0.000100        0.800084        0.517221
     756        0.000100        0.804579        0.517151
     757        0.000100        0.807338        0.517618
     758        0.000100        0.803778        0.517757
     759        0.000100        0.801553        0.516934
     760        0.000100        0.808599        0.517324
     761        0.000100        0.809870        0.517078
     762        0.000100        0.809652        0.517717
     763        0.000100        0.810707        0.516894
     764        0.000100        0.809506        0.517821
     765        0.000100        0.811558        0.517285
     766        0.000100        0.811871        0.518720
     767        0.000100        0.809964        0.517610
     768        0.000100        0.809610        0.517756
     769        0.000100        0.827228        0.519259
     770        0.000100        0.833352        0.518931
     771        0.000100        0.827279        0.517225
     772        0.000100        0.825114        0.517783
     773        0.000100        0.828809        0.517875
     774        0.000100        0.827557        0.517347
     775        0.000100        0.829231        0.517591
     776        0.000100        0.837259        0.517914
     777        0.000100        0.829119        0.517846
     778        0.000100        0.832583        0.519947
     779        0.000100        0.830213        0.518955
     780        0.000100        0.829330        0.517896
     781        0.000100        0.836125        0.518099
     782        0.000100        0.836914        0.518731
     783        0.000100        0.846282        0.518619
     784        0.000100        0.847080        0.518310
     785        0.000100        0.856473        0.519558
     786        0.000100        0.850877        0.519482
     787        0.000100        0.856238        0.521793
     788        0.000100        0.852545        0.519295
     789        0.000100        0.855280        0.518682
     790        0.000100        0.856786        0.519137
     791        0.000100        0.853877        0.518928
     792        0.000100        0.855315        0.518835
     793        0.000100        0.856960        0.518818
     794        0.000100        0.863714        0.520162
     795        0.000100        0.867417        0.520746
     796        0.000100        0.862308        0.519561
     797        0.000100        0.866400        0.520738
     798        0.000100        0.866955        0.520289
     799        0.000100        0.867287        0.519397
     800        0.000100        0.866218        0.519440
     801        0.000100        0.872777        0.521779
     802        0.000100        0.871648        0.521650
     803        0.000100        0.876185        0.521208
     804        0.000100        0.874981        0.520130
     805        0.000100        0.875773        0.520433
     806        0.000100        0.880122        0.520296
     807        0.000100        0.878903        0.520306
     808        0.000100        0.886573        0.520954
     809        0.000100        0.886695        0.520469
     810        0.000100        0.889476        0.522753
     811        0.000100        0.910176        0.532481
     812        0.000100        0.892334        0.521337
     813        0.000100        0.894378        0.521187
     814        0.000100        0.898364        0.522019
     815        0.000100        0.899560        0.521109
     816        0.000100        0.902398        0.521282
     817        0.000100        0.907106        0.522304
     818        0.000100        0.905841        0.522250
     819        0.000100        0.907151        0.521924
     820        0.000100        0.906506        0.522037
     821        0.000100        0.912988        0.522521
     822        0.000100        0.913288        0.521917
     823        0.000100        0.923001        0.522763
     824        0.000100        0.918727        0.522076
     825        0.000100        0.907639        0.521906
     826        0.000100        0.913620        0.522129
     827        0.000100        0.914777        0.522336
     828        0.000100        0.918182        0.522190
     829        0.000100        0.918653        0.522217
     830        0.000100        0.921896        0.523876
     831        0.000100        0.926176        0.524265
     832        0.000100        0.923254        0.522693
     833        0.000100        0.922768        0.522875
     834        0.000100        0.931752        0.522944
     835        0.000100        0.932624        0.523140
     836        0.000100        0.934546        0.523516
     837        0.000100        0.933476        0.525992
     838        0.000100        0.925229        0.523027
     839        0.000100        0.925659        0.522962
     840        0.000100        0.938300        0.527947
     841        0.000100        0.932286        0.524087
     842        0.000100        0.935088        0.523098
     843        0.000100        0.939128        0.523731
     844        0.000100        0.945480        0.526943
     845        0.000100        0.939342        0.523848
     846        0.000100        0.930272        0.523373
     847        0.000100        0.949326        0.533720
     848        0.000100        0.939383        0.527453
     849        0.000100        0.940240        0.523517
     850        0.000100        0.948772        0.524578
     851        0.000100        0.947058        0.524193
     852        0.000100        0.951078        0.524558
     853        0.000100        0.948775        0.524498
     854        0.000100        0.948721        0.525165
     855        0.000100        0.945471        0.524569
     856        0.000100        0.946426        0.524968
     857        0.000100        0.949286        0.524556
     858        0.000100        0.950892        0.524984
     859        0.000100        0.951354        0.525665
     860        0.000100        0.949661        0.525094
     861        0.000100        0.956720        0.525472
     862        0.000100        0.957189        0.525326
     863        0.000100        0.958542        0.527839
     864        0.000100        0.959276        0.525710
     865        0.000100        0.963967        0.526862
     866        0.000100        0.971705        0.530282
     867        0.000100        0.975068        0.527157
     868        0.000100        0.972633        0.526271
     869        0.000100        0.976025        0.527410
     870        0.000100        0.975766        0.525944
     871        0.000100        0.980425        0.526846
     872        0.000100        0.975173        0.525502
     873        0.000100        0.985274        0.529156
     874        0.000100        0.984660        0.527221
     875        0.000100        0.994497        0.530737
     876        0.000100        0.983896        0.527018
     877        0.000100        0.984055        0.527899
     878        0.000100        0.983850        0.527312
     879        0.000100        0.989939        0.529045
     880        0.000100        0.988409        0.527027
     881        0.000100        0.996523        0.527918
     882        0.000100        0.993983        0.527688
     883        0.000100        1.002690        0.528849
     884        0.000100        1.008023        0.530778
     885        0.000100        1.003280        0.527688
     886        0.000100        1.010043        0.527647
     887        0.000100        1.007752        0.528118
     888        0.000100        1.007620        0.528104
     889        0.000100        1.012644        0.528550
     890        0.000100        1.014159        0.529072
     891        0.000100        1.014700        0.528563
     892        0.000100        1.012068        0.528353
     893        0.000100        1.019880        0.530216
     894        0.000100        1.019344        0.529052
     895        0.000100        1.024372        0.529120
     896        0.000100        1.024619        0.530095
     897        0.000100        1.033087        0.531319
     898        0.000100        1.031411        0.530723
     899        0.000100        1.029349        0.529492
     900        0.000100        1.031220        0.531940
     901        0.000100        1.021881        0.529384
     902        0.000100        1.022102        0.529593
     903        0.000100        1.031243        0.529900
     904        0.000100        1.031111        0.529686
     905        0.000100        1.029764        0.530135
     906        0.000100        1.037214        0.532226
     907        0.000100        1.034073        0.530205
     908        0.000100        1.039604        0.530326
     909        0.000100        1.037438        0.531133
     910        0.000100        1.040601        0.530329
     911        0.000100        1.044148        0.530547
     912        0.000100        1.054470        0.533337
     913        0.000100        1.053511        0.531123
     914        0.000100        1.061742        0.533256
     915        0.000100        1.061341        0.530877
     916        0.000100        1.064276        0.531218
     917        0.000100        1.068055        0.531849
     918        0.000100        1.067675        0.531581
     919        0.000100        1.061693        0.531772
     920        0.000100        1.060609        0.531847
     921        0.000100        1.060767        0.532546
     922        0.000100        1.058276        0.532519
     923        0.000100        1.062470        0.533427
     924        0.000100        1.063637        0.532545
     925        0.000100        1.071119        0.534131
     926        0.000100        1.071793        0.533971
     927        0.000100        1.077321        0.534771
     928        0.000100        1.075492        0.532778
     929        0.000100        1.084959        0.536108
     930        0.000100        1.079369        0.535000
     931        0.000100        1.079935        0.533608
     932        0.000100        1.084715        0.534989
     933        0.000100        1.091058        0.537139
     934        0.000100        1.084861        0.535239
     935        0.000100        1.086479        0.533663
     936        0.000100        1.102197        0.534111
     937        0.000100        1.104478        0.535195
     938        0.000100        1.108322        0.535304
     939        0.000100        1.119415        0.537134
     940        0.000100        1.113321        0.535102
     941        0.000100        1.108480        0.535221
     942        0.000100        1.115447        0.535488
     943        0.000100        1.118339        0.535045
     944        0.000100        1.120015        0.535688
     945        0.000100        1.126034        0.535976
     946        0.000100        1.129906        0.535695
     947        0.000100        1.139867        0.537548
     948        0.000100        1.136574        0.535577
     949        0.000100        1.139902        0.537452
     950        0.000100        1.133797        0.536239
     951        0.000100        1.138525        0.536142
     952        0.000100        1.134500        0.535450
     953        0.000100        1.149061        0.536824
     954        0.000100        1.136922        0.536032
     955        0.000100        1.137996        0.536182
     956        0.000100        1.141934        0.537570
     957        0.000100        1.142167        0.537222
     958        0.000100        1.147569        0.537178
     959        0.000100        1.159591        0.539984
     960        0.000100        1.164842        0.543064
     961        0.000100        1.152988        0.537321
     962        0.000100        1.156400        0.537577
     963        0.000100        1.158150        0.538180
     964        0.000100        1.162547        0.538806
     965        0.000100        1.171260        0.539363
     966        0.000100        1.167737        0.538073
     967        0.000100        1.165935        0.538594
     968        0.000100        1.173473        0.538267
     969        0.000100        1.171290        0.538502
     970        0.000100        1.178221        0.541087
     971        0.000100        1.189424        0.543331
     972        0.000100        1.180337        0.539523
     973        0.000100        1.182427        0.538724
     974        0.000100        1.183952        0.539495
     975        0.000100        1.185058        0.539892
     976        0.000100        1.187913        0.540527
     977        0.000100        1.189098        0.541353
     978        0.000100        1.193205        0.540292
     979        0.000100        1.194406        0.539786
     980        0.000100        1.195121        0.539987
     981        0.000100        1.203953        0.539703
     982        0.000100        1.199563        0.540248
     983        0.000100        1.203107        0.540641
     984        0.000100        1.204971        0.540290
     985        0.000100        1.208813        0.540475
     986        0.000100        1.206519        0.541130
     987        0.000100        1.209176        0.543297
     988        0.000100        1.204928        0.541555
     989        0.000100        1.206793        0.540926
     990        0.000100        1.214558        0.541860
     991        0.000100        1.223924        0.545737
     992        0.000100        1.206751        0.541671
     993        0.000100        1.211977        0.541638
     994        0.000100        1.220342        0.541177
     995        0.000100        1.228663        0.541933
     996        0.000100        1.231043        0.544877
     997        0.000100        1.226005        0.541868
     998        0.000100        1.226537        0.541858
     999        0.000100        1.232801        0.542806
    1000        0.000100        1.231570        0.543114
    1001        0.000100        1.234422        0.543076
    1002        0.000100        1.235676        0.542732
    1003        0.000100        1.237887        0.542919
    1004        0.000100        1.239363        0.544051
    1005        0.000100        1.243474        0.543303
    1006        0.000100        1.244012        0.543587
    1007        0.000100        1.232898        0.543119
    1008        0.000100        1.234650        0.543361
    1009        0.000100        1.238944        0.544151
    1010        0.000100        1.240996        0.543396
    1011        0.000100        1.237419        0.544066
    1012        0.000100        1.248851        0.544290
    1013        0.000100        1.257730        0.543822
    1014        0.000100        1.267695        0.546731
    1015        0.000100        1.262337        0.544381
    1016        0.000100        1.275804        0.547979
    1017        0.000100        1.269215        0.544663
    1018        0.000100        1.264869        0.544891
    1019        0.000100        1.263027        0.544541
    1020        0.000100        1.265283        0.545555
    1021        0.000100        1.270077        0.545702
    1022        0.000100        1.267733        0.544888
    1023        0.000100        1.277591        0.546479
    1024        0.000100        1.280147        0.546857
    1025        0.000100        1.272536        0.544949
    1026        0.000100        1.273793        0.546099
    1027        0.000100        1.276294        0.545179
    1028        0.000100        1.278707        0.545791
    1029        0.000100        1.286658        0.546058
    1030        0.000100        1.283845        0.545837
    1031        0.000050        1.296681        0.547431
    1032        0.000050        1.292842        0.546096
    1033        0.000050        1.293961        0.547007
    1034        0.000050        1.291528        0.546227
    1035        0.000050        1.298198        0.547188
    1036        0.000050        1.298217        0.547003
    1037        0.000050        1.295325        0.546426
    1038        0.000050        1.297843        0.546745
    1039        0.000050        1.300396        0.547103
    1040        0.000050        1.306627        0.549705
    1041        0.000050        1.299503        0.546882
    1042        0.000050        1.300959        0.547338
    1043        0.000050        1.304283        0.548536
    1044        0.000050        1.300244        0.547139
    1045        0.000050        1.301645        0.547748
    1046        0.000050        1.299864        0.546395
    1047        0.000050        1.304624        0.547702
    1048        0.000050        1.305516        0.548187
    1049        0.000050        1.306930        0.547942
    1050        0.000050        1.308037        0.548666
    1051        0.000050        1.307633        0.547661
    1052        0.000050        1.310327        0.548308
    1053        0.000050        1.313264        0.549855
    1054        0.000050        1.308608        0.547395
