90	4.13
90	1.67
89	2.67
89	1.9
89	1.63
89	3.21
88	2.78
88	4.3
88	3.5
88	1.8
88	1.23
87	2.2
87	2.52
86	3.39
86	1.44
86	2.42
86	2.6
86	1.05
85	3.5
85	0.9
85	3.66
85	4.35
85	2.86
85	1.25
84	2.04
84	2.5
84	0.75
84	1.82
83	1.84
83	3.35
83	3.23
83	2.51
83	2.6
83	3.5
83	1.91
82	2.41
82	2.8
82	2.09
82	3.36
82	2.1
81	3.19
81	2.4
81	2.55
81	2.37
81	3.2
81	1.73
81	2.2
81	2.71
81	1.38
81	1.88
81	2.9
80	2.27
80	2.2
80	2.7
80	1.4
80	2.7
80	3
80	3.3
80	3.7
79	2.58
79	2.9
79	2.7
79	3.99
78	2.6
78	3.27
78	1.99
78	3.3
77	2.87
77	3.38
77	2.51
77	4.49
77	2.06
77	3.05
77	3.45
77	3.3
77	2.86
77	3.5
77	2.23
77	3.14
77	2.6
77	2.8
77	3.61
76	2.32
76	0.42
76	3.44
76	2.63
76	2.76
76	2.11
76	3.99
76	2.7
76	0.29
76	1.6
76	3.6
76	2.35
76	3.9
76	2.4
76	3.97
76	2.75
76	3.08
76	3.1
76	1.83
76	2.89
75	1.64
75	2.89
75	2.11
75	1.68
75	2.48
75	1.37
75	3
75	2.47
75	2.2
75	4.01
75	2.9
75	0.3
75	2.2
75	4.2
75	3.21
74	1.8
74	-0.4
74	2.61
74	2.54
74	2.6
74	3.58
74	3.4
74	2.4
74	2.6
74	1.08
74	-0.25
74	2.31
74	0.91
74	1.28
74	2.34
74	3.4
74	2.69
74	2.89
73	3.3
73	3
73	2.9
73	3.02
73	1.9
73	2.52
73	1.31
73	2.39
73	1.4
73	2.11
73	3.8
73	2
73	3.5
73	3.3
73	3.8
73	1.94
72	2.28
72	4.2
72	1.98
72	3.12
72	4
72	2.93
72	3.7
72	3.04
72	3.7
72	3.86
72	3.04
72	1.33
72	1.96
72	4.25
72	2.26
72	2.2
72	3.31
72	3.43
71	4.3
71	2.08
71	2.61
71	4
71	2
71	0.8
71	1.65
71	1.93
71	1.45
71	2.63
71	2.84
71	2.9
71	3
71	4.2
71	2.79
71	2.21
71	2.64
71	2.12
71	1.23
71	1.89
71	2.72
71	2.51
71	3.5
71	2.3
71	2.12
71	1.94
71	2.98
71	2.39
71	1.9
71	4.1
71	1.55
71	1.47
71	2
71	1.61
71	1.91
71	3.9
71	3.3
70	2.51
70	3.5
70	2.85
70	3.67
70	2.88
70	3.02
70	0.66
70	1.32
70	3.49
70	0.22
70	3.9
70	3.18
70	2.94
70	3.9
70	0.12
70	1.8
70	2.06
70	2.19
70	0.9
70	3.4
70	0.15
70	2.73
70	2.05
70	3
70	1.6
70	2.93
70	3.28
70	2.7
69	3.7
69	3.57
69	3.13
69	2.75
69	1.93
69	2.7
69	1.99
69	2.87
69	3.2
69	3.8
69	2.38
69	2.2
69	0.91
69	1.18
69	0.8
69	2.32
69	3.6
69	2.7
69	2.03
69	2.77
69	0.78
69	2.3
69	2.1
69	2.8
69	3.31
69	1.3
69	2.47
69	0.25
69	1.13
69	3.44
69	3.58
69	0.93
69	2.15
69	3
69	1.54
69	2.93
69	2.31
69	3.2
69	2.19
69	2.4
69	3.5
69	1.8
69	1.3
69	1.97
68	1.07
68	1.65
68	-0.11
68	1.34
68	2.61
68	1.61
68	1.7
68	2.54
68	3.7
68	1.8
68	1.73
68	1.88
68	3
68	0.77
68	1.74
68	2.06
68	2.75
68	2.54
68	3.65
68	3.01
68	2.12
68	2.5
68	2.49
68	2.84
68	3.4
68	1.69
68	2.2
68	3.47
68	1.81
68	3.2
68	2.53
68	2.43
68	2.59
68	2.01
68	1.93
68	1.72
68	3.3
68	3.9
68	1.03
68	3.15
68	2.3
68	1.7
68	3.6
67	3.12
67	3.3
67	2.31
67	2.75
67	0.81
67	3.13
67	3.6
67	1.46
67	2.83
67	3.2
67	3.6
67	3.88
67	2.43
67	3.5
67	1.29
67	1.46
67	2.4
67	0.5
67	1.85
67	2.6
67	0.87
67	1.2
67	0.84
67	2.42
67	3.37
67	2.5
67	1.16
67	1.75
67	2.7
67	1.72
67	2.32
67	0.78
67	4
67	2.74
67	3.97
67	-0.07
67	1.91
67	1
67	2.12
67	1.61
67	3.06
67	3.3
67	3.7
67	3.47
67	2.8
66	-0.72
66	2.92
66	2
66	2.82
66	2
66	1.39
66	2.28
66	2.75
66	4.1
66	1.14
66	3.65
66	1.61
66	2.23
66	0.97
66	3.27
66	3.5
66	3.9
66	4.24
66	1.56
66	2.12
66	2.23
66	3.28
66	0.82
66	0.68
66	0.35
66	2.57
66	2.26
66	4.49
66	2.77
66	1.75
66	1.9
66	0.91
66	1.79
66	3.6
66	0.64
66	2.46
66	-0.55
66	3.37
66	3.8
66	1.72
66	2.19
66	1.5
66	0.41
66	4.14
66	2.3
66	0.8
66	1.25
66	2.2
66	1.52
66	0.51
66	1.77
66	1.34
66	2.15
66	0.25
66	2.7
66	-0.04
66	2.65
66	1.53
66	-0.76
66	4.48
66	3.32
66	1.44
66	2.33
66	3.09
66	0.6
66	3.23
66	2.17
66	2.24
66	0.61
66	0.5
66	1.13
66	2.93
65	4.33
65	1.55
65	3.34
65	2.53
65	2.5
65	2.41
65	2.5
65	3.29
65	2.82
65	1.49
65	2.98
65	2.61
65	1.4
65	1.84
65	1.49
65	1.86
65	2.98
65	0.66
65	2.68
65	0.83
65	2.5
65	2.62
65	0.49
65	1.41
65	1.18
65	2.5
65	1.9
65	3.5
65	2.32
65	3.7
65	4.17
65	3.97
65	0.52
65	3.18
65	0.29
65	1.79
65	0.4
65	-0.51
65	1.48
65	2.58
65	0.86
65	2.15
65	2.6
65	3.57
65	3
65	1.7
65	1.98
65	3.1
65	1.26
65	1
65	2.45
65	2.07
65	2.06
65	3.2
65	3.25
65	2.35
65	1.13
65	3.85
65	-0.14
65	1.11
65	1.81
65	1.69
65	3.87
65	2
65	3
65	2.86
65	1.4
65	2.6
65	2.93
65	3.08
65	3.1
65	3.85
65	1.41
65	3.1
64	0.32
64	2.28
64	0.06
64	1.98
64	0.82
64	0.78
64	1.4
64	0.96
64	1.39
64	2.1
64	1.3
64	4.07
64	0.37
64	4.02
64	-0.04
64	2.88
64	2.67
64	0.89
64	0.01
64	0.63
64	4.4
64	2.55
64	2.63
64	2.84
64	1.28
64	1.2
64	4.27
64	3
64	1.72
64	2.16
64	2.6
64	2.41
64	0.9
64	2.5
64	4.14
64	2.64
64	2.59
64	2.81
64	1.37
64	2.13
64	3.3
64	4.1
64	2.34
64	3.86
64	2.1
64	2.83
64	2.24
64	2.16
64	2.41
64	2.36
64	2.15
64	1.74
64	2.8
64	3.6
64	2.45
64	0.81
64	1.05
64	0.76
64	2.41
64	2.02
64	3.33
64	1.94
64	1.95
64	2.56
64	2.52
64	2.6
64	1.87
64	2.3
64	1.69
64	3.12
64	1.65
64	1.03
63	1.43
63	3.59
63	3.2
63	1.52
63	1.9
63	2.35
63	3.05
63	0.78
63	1.6
63	1.68
63	2.9
63	1.84
63	3.84
63	4.36
63	2.76
63	3.1
63	2.5
63	0.91
63	3.3
63	0.22
63	2
63	2.86
63	2
63	1.2
63	0.77
63	3.47
63	1.21
63	2.87
63	0.39
63	3.71
63	2.32
63	3.1
63	3.61
63	1.57
63	1.91
63	2.9
63	2.78
63	2.54
63	2.35
63	2.9
63	2.47
63	1.6
63	1.31
63	0.75
63	1.24
63	1.99
63	1.44
63	3.4
63	3.92
63	2.12
63	1.99
63	2.41
63	3.3
63	3.15
63	2.84
63	3.05
63	0.87
63	1.37
63	0.9
63	1.92
63	2.48
63	1.84
63	2.4
63	2.13
63	0.37
63	3.32
63	1.71
63	3.98
63	1.99
63	3.2
63	3.2
63	3
63	4.13
63	2.33
63	2.09
63	1.78
63	3.6
63	4.3
63	2.35
63	0.22
63	0.5
63	3.25
63	2.17
63	2.69
63	0.15
63	3.62
63	3.2
63	0.96
63	0.86
63	3.07
63	3.5
63	1.2
63	2.66
63	2.94
63	1.82
63	2.3
63	1.33
63	1.86
62	2
62	1.83
62	1.58
62	2.15
62	1.92
62	2.7
62	3.22
62	2.79
62	2.74
62	3.5
62	1.21
62	0.53
62	2.17
62	3.18
62	1.3
62	2.22
62	1.21
62	1.26
62	3.5
62	2.2
62	2.4
62	2.73
62	2.82
62	2.14
62	3.5
62	1.5
62	0.07
62	3.85
62	2.48
62	1.46
62	0.83
62	1.11
62	1.57
62	1.64
62	3.67
62	1.37
62	1.1
62	1.2
62	2.02
62	3.9
62	2.53
62	1.71
62	3.56
62	0.6
62	2.14
62	1.1
62	2.18
62	1.77
62	1.58
62	2.19
62	3.53
62	2.63
62	2.8
62	2.3
62	1.32
62	3.15
62	1.79
62	1.98
62	-0.41
62	3.1
62	1.38
62	3.62
62	0.68
62	0.57
62	3.53
62	1.69
62	0.97
62	2.57
62	2.74
62	2.22
62	2.79
62	1.59
62	0.8
62	3.1
62	2.81
62	2.26
62	1.44
62	2.9
62	3.6
62	2.15
62	4.13
62	3.2
62	2.01
62	1.09
62	3.7
62	1.06
62	3.1
62	4.36
62	2.1
62	2.6
62	0.02
62	1.63
62	1.46
62	4.13
62	0.93
62	2.68
62	1.16
62	2.16
62	2.45
62	0.4
62	3.96
62	1.69
62	1.78
61	1.34
61	1.49
61	2.8
61	3.9
61	3.55
61	1.46
61	3.32
61	3.99
61	3.81
61	3.72
61	4.18
61	3.49
61	0.83
61	2.02
61	3.09
61	3.1
61	3
61	2.68
61	2.48
61	1.5
61	1.11
61	3.61
61	3.9
61	1.45
61	0.9
61	4.4
61	1.9
61	-0.07
61	2.23
61	3.7
61	2.9
61	2.84
61	0.45
61	0.2
61	4.21
61	0.11
61	2.39
61	2.05
61	2.75
61	3.42
61	2.59
61	3.3
61	1.47
61	4.26
61	2.24
61	1.7
61	3.4
61	2.55
61	3.15
61	2.26
61	1.68
61	3.47
61	3.63
61	0.02
61	2.4
61	3.2
61	2.01
61	3.68
61	3.24
61	2.44
61	2.87
61	4.1
61	3.99
61	3.51
61	1.42
61	2.04
61	2.95
61	2.49
61	2.31
61	2.42
61	2.5
61	0.45
61	1.5
61	1.22
61	2.55
61	1.81
61	1.21
61	2.1
61	4.29
61	3.8
61	2.89
61	3.3
61	1.14
61	2.25
61	1.5
61	1.78
61	3.56
61	4.1
61	3.27
61	2.8
61	3.33
61	1.33
61	3.93
61	4.06
61	-0.65
61	-0.25
61	3.3
61	3
61	0.46
61	1.88
61	4.1
61	2.49
61	2.27
61	3.66
61	2.19
61	2.96
61	2.4
61	3.4
61	1.68
61	2.41
60	2.55
60	2.8
60	3.16
60	2
60	4
60	3.67
60	2.62
60	1.61
60	1.79
60	-0.38
60	0.52
60	0.23
60	2.87
60	3.75
60	2.04
60	3.2
60	1.84
60	2.52
60	1.8
60	-0.3
60	0.9
60	3.2
60	3.58
60	1.56
60	3.37
60	2.16
60	1.96
60	2.21
60	2
60	3.97
60	1.46
60	3.15
60	2.9
60	2.71
60	1.77
60	-0.26
60	2.26
60	-0.34
60	3.2
60	1.78
60	-0.14
60	0.66
60	2.61
60	1.87
60	-0.82
60	2.62
60	3.6
60	1.07
60	2.8
60	1.74
60	3.15
60	1.5
60	3.22
60	1.81
60	3.41
60	-0.63
60	1.71
60	1.53
60	1.29
60	1.93
60	1.44
60	2.81
60	2.59
60	1.15
60	1.56
60	0.8
60	3.13
60	3.1
60	1.5
60	2.14
60	0.33
60	3.4
60	2.1
60	0.7
60	3.4
60	1.35
60	1.03
60	1.52
60	2.05
59	-1.18
59	0.34
59	2.17
59	3.3
59	1.33
59	3.89
59	3.27
59	0.12
59	1.74
59	-0.2
59	2.1
59	2.18
59	0.99
59	2.03
59	0.95
59	3.44
59	2.4
59	3.84
59	3.8
59	3.16
59	2.1
59	1.8
59	2.8
59	3.44
59	2.82
59	1.19
59	3
59	-0.03
59	0.9
59	1.26
59	1.72
59	1.94
59	2.1
59	3.3
59	-0.04
59	3.7
59	2.2
59	-0.41
59	2.23
59	1.39
59	0.93
59	1.2
59	2.7
59	2.56
59	1.36
59	0.98
59	3.09
59	3.02
59	3
59	3.1
59	2.35
59	2.8
59	2.7
59	4.12
59	3.12
59	3.4
59	2.56
59	3.25
59	4.3
59	2.8
59	2.67
59	2.85
59	2.22
59	1.6
59	2.3
59	0.16
59	1.83
59	2.19
59	2.39
59	2.2
59	3.24
59	0.4
59	1.04
59	3.53
59	3
59	0.6
59	1.85
59	2.83
59	0.69
59	1.03
59	2.5
59	0.9
59	1.06
59	0.92
59	4.01
59	2.87
59	4
59	2.46
59	3.58
59	3.21
59	0.8
59	2.31
59	0.08
59	0.83
58	3.17
58	2.34
58	2.06
58	2.2
58	3.4
58	3.97
58	2.27
58	2.07
58	3.16
58	2
58	3.2
58	2.8
58	3.67
58	0.31
58	2.8
58	3.5
58	4.1
58	4.2
58	2.21
58	0.54
58	1.9
58	1.02
58	0.18
58	0.67
58	3.46
58	4.26
58	2.7
58	2.54
58	1.9
58	1.23
58	2.99
58	2.4
58	3.25
58	1.71
58	1.4
58	3.75
58	1.8
58	1.73
58	3.2
58	4.26
58	3.15
58	2.76
58	4.05
58	1.66
58	2.74
58	3.2
58	2.76
58	3.45
58	2.41
58	1.56
58	2.1
58	2.76
58	1.09
58	-0.18
58	3.7
58	2.69
58	2.68
58	0.99
58	2.72
58	2.3
58	2.41
58	1.6
58	1.58
58	2.77
58	3.42
58	2.36
58	0.8
58	2.6
58	3.94
58	3.48
58	2.3
58	3.14
58	2.69
58	1.9
58	1.8
58	3.93
58	0.51
58	4.2
58	3.7
58	1.96
58	3.07
58	2.17
58	2
58	-0.8
58	2
58	3
58	4.34
58	2.55
58	2.73
58	4.2
58	2.18
58	2.11
58	3.3
58	3.12
58	1
58	2.17
58	4.1
58	2.37
58	2.56
58	3
58	3.1
58	3.17
58	-0.87
58	0.7
58	2.63
58	2.5
58	1.79
58	2.43
58	2.54
58	2.4
58	3.37
58	2.1
58	3
58	2.95
58	2.4
58	0.57
58	3.65
58	4.06
58	2.4
58	2.93
57	3.77
57	1.7
57	0.65
57	2.1
57	3.01
57	2.9
57	2.94
57	3.02
57	2.7
57	3.08
57	0.66
57	1.66
57	3.3
57	3.8
57	0.79
57	-1.03
57	2.7
57	1.9
57	0.77
57	2.4
57	2.87
57	2.96
57	3.5
57	4.24
57	0.6
57	3.6
57	3.82
57	3.38
57	3.3
57	2.24
57	1.47
57	2.89
57	-1.28
57	-0.53
57	2.98
57	3.57
57	3.3
57	0.7
57	2.05
57	3.4
57	1.83
57	0.9
57	-0.55
57	3.54
57	2.4
57	1.87
57	1.87
57	1.75
57	2
57	1.9
57	0.2
57	3.05
57	3.72
57	4.1
57	2.41
57	2.38
57	3.02
57	4.09
57	-1.04
57	2.51
57	3.3
57	2.86
57	3.6
57	0.42
57	3.65
57	3.69
57	2.6
57	0.54
57	3.74
57	4.42
57	3.4
57	3.5
57	0.69
57	1.62
57	1.5
57	1.9
57	1.62
57	3.1
57	2.58
57	3.8
57	1
57	2.12
57	2.49
57	3.33
57	1.15
57	1.77
57	3.39
57	2.81
57	3.5
57	-0.87
57	-1.02
57	2.26
57	3.25
57	1.5
57	2.36
56	3.1
56	1.6
56	3
56	-0.54
56	2.48
56	2.5
56	3.17
56	3.13
56	-0.9
56	2.23
56	2.37
56	3.9
56	3.73
56	2.16
56	0.01
56	4.46
56	-0.28
56	3.92
56	2.71
56	1.52
56	2.48
56	1.99
56	-0.62
56	2.36
56	1.99
56	1.4
56	0.59
56	1.39
56	3.33
56	2.8
56	4.13
56	2
56	0.46
56	1.62
56	3.3
56	2.09
56	-0.05
56	1.6
56	2.51
56	-0.42
56	2.74
56	2.4
56	2.12
56	3.1
56	2.65
56	0.78
56	1.4
56	0.27
56	1.58
56	1.03
56	3.8
56	3.8
56	3.8
56	3.8
56	3.91
56	2.86
56	1.77
56	3.34
56	3.49
56	-0.31
56	2.26
56	1.15
56	-0.22
56	3.2
56	2.75
56	-0.04
56	3.07
56	0.75
56	3
56	2.67
56	2.76
56	2.5
56	2.57
56	3.28
56	0.6
56	0.16
56	2.67
56	2.2
56	1.5
56	2.66
56	1.4
56	3.89
56	1.7
56	4.01
56	1.92
56	-0.15
56	3.19
56	2.63
56	2.6
56	1.79
56	3.27
56	2.7
56	2.9
56	3.15
56	3.88
56	3.78
56	0.74
56	3.04
56	3.67
56	3.8
56	2.1
56	3.44
55	1.2
55	1.49
55	2.81
55	3.39
55	1.01
55	3.02
55	3.72
55	1.7
55	4
55	3.4
55	2.95
55	3.02
55	3.02
55	1.9
55	2.41
55	3.13
55	2.35
55	2.88
55	3.62
55	3.7
55	3.65
55	1.32
55	3.57
55	3.6
55	3.2
55	2.46
55	3
55	3.66
55	3.2
55	2.21
55	2.66
55	2.12
55	3.6
55	2.63
55	3.59
55	3.1
55	3.17
55	3.1
55	2.66
55	2.65
55	1.38
55	3.57
55	0.44
55	3.01
55	3.3
55	3.1
55	0.37
55	2.56
55	2.29
55	2.56
55	2.71
55	1.33
55	3.17
55	1.64
55	1.41
55	2.36
55	2.74
55	1.6
55	2.62
55	3.07
55	1.6
55	3.27
55	2.55
55	1.77
55	2.91
55	3
55	3.1
55	1.99
55	2.4
55	3.81
55	3.4
55	1.5
55	3.33
55	3.03
55	1.98
55	2.1
55	2.86
55	3.5
55	3.14
55	3.8
55	3.71
55	-0.27
55	3.4
55	2.91
55	2.5
55	2.99
55	2.99
55	-0.87
55	3.14
55	1.4
55	1.55
55	2.77
55	2.19
55	3.46
55	2.48
55	0.85
55	2.84
55	2.3
55	3.09
55	-0.71
55	3.24
55	1.8
55	4.09
55	0.91
55	3.54
55	2.32
55	3.17
55	3.3
54	2.6
54	-0.54
54	3.13
54	0.18
54	4.49
54	3.09
54	2.18
54	0.1
54	3.11
54	1.2
54	1.77
54	3.5
54	4.23
54	3.4
54	0.81
54	3.8
54	2.13
54	3.01
54	3.65
54	1.2
54	1.09
54	1.9
54	1.75
54	3.23
54	1.21
54	1.1
54	2.78
54	2.82
54	1.4
54	3.56
54	1
54	1.54
54	2.44
54	1.47
54	2.2
54	3.23
54	2.46
54	3.42
54	3.45
54	3.4
54	2.98
54	2.68
54	2.83
54	2.37
54	3.6
54	0.46
54	1.12
54	4.29
54	0.31
54	3.8
54	0.24
54	1.01
54	2.13
54	3.6
54	3.12
54	1.12
54	2.4
54	2.66
54	2.61
54	1.2
54	2.82
54	2.9
54	3.11
54	0.27
54	1.91
54	0.79
54	2.32
54	3.25
54	4.14
54	1.6
54	0.8
54	4.42
54	3.37
54	4.31
54	3.45
54	1.5
54	2.32
54	0.3
54	1.94
54	2.59
54	3.4
54	3.2
54	3.42
54	3.38
54	1.4
54	1.33
54	4.1
54	0.82
54	2.3
54	2.73
54	2.64
54	3.1
54	3.04
54	4.23
54	2
54	3.5
54	2.7
54	3.02
54	1.86
54	2.74
54	0.78
54	1.22
54	2.78
54	2.63
54	2.4
54	0.64
54	3.68
53	3.94
53	1.91
53	2.83
53	1.17
53	3.1
53	2.1
53	1.7
53	1.2
53	3.45
53	2.6
53	2.73
53	2.49
53	3.46
53	1.3
53	2.25
53	1.82
53	3.6
53	2.35
53	3.19
53	1.74
53	3.41
53	0.9
53	2.7
53	2.33
53	2.71
53	3.76
53	3.53
53	2.48
53	1.36
53	0.95
53	1.2
53	2.36
53	2.6
53	2.82
53	1.3
53	4.48
53	2.09
53	2.03
53	2.77
53	-0.85
53	3.2
53	2.63
53	3.7
53	2.86
53	2.68
53	3.93
53	2.37
53	3.41
53	3.56
53	1.48
53	0.83
53	1.49
53	3.08
53	3.88
53	2.4
53	3.3
53	2.55
53	-0.48
53	1.69
53	3.3
53	2.8
53	1.3
53	2.9
53	2.66
53	3.52
53	3.32
53	0.7
53	2.5
53	1.3
53	1.6
53	2.81
53	2.5
53	2
53	3.06
53	2.34
53	1.78
53	2.14
53	1.58
53	2.5
53	1.33
53	-0.5
53	1.79
53	2.7
53	1.71
53	-0.18
53	3.48
53	2.39
53	3.74
53	2.7
53	3.63
53	1.35
53	1.66
53	2.3
53	-0.27
53	2.54
53	3.38
53	0.64
52	2.77
52	1.3
52	1.72
52	1.65
52	2.5
52	3.19
52	1.56
52	2.43
52	0.4
52	0.84
52	3.5
52	2.32
52	2.46
52	3.37
52	1.2
52	3.4
52	2.71
52	2.42
52	1.93
52	2.58
52	3.6
52	4.05
52	1.99
52	3.04
52	1.86
52	3.89
52	2.91
52	2.14
52	2.24
52	2.08
52	1.72
52	1.6
52	2.97
52	2.85
52	4.2
52	1.93
52	3
52	3.2
52	3.6
52	1.72
52	0.47
52	2.18
52	2.6
52	2.1
52	2.58
52	-0.34
52	2
52	3.8
52	3.35
52	2.68
52	2.86
52	2.65
52	1.2
52	1.92
52	2.9
52	2.49
52	2.17
52	2.55
52	2.3
52	2.23
52	3.34
52	2.1
52	1.69
52	3.6
52	1.88
52	1.7
52	2.48
52	2.47
52	2.9
52	2.65
52	0.69
52	1.97
52	1.01
52	3.8
52	1.54
52	2.46
52	0.31
52	1.9
52	3.5
52	3.51
52	2.21
52	0.22
52	3.9
52	3
52	1.18
52	2.87
52	2.51
52	2.45
52	3.7
52	0.7
52	4.3
52	2.05
52	4.4
52	1.97
52	2.35
52	3.14
52	2.7
52	2.87
52	1.6
52	1.8
52	3
52	2.9
52	1.27
52	3.64
52	2.5
52	2.74
52	1.49
52	2.44
52	3.59
52	3.15
52	2.2
52	3.8
52	3.29
52	-0.27
52	1.75
52	3.78
52	0.33
52	4.31
52	2.64
52	2.35
52	2.4
51	1.51
51	3.15
51	3.21
51	2.5
51	3.3
51	2.83
51	3.87
51	1.98
51	3.9
51	2.78
51	2.77
51	4.04
51	1.91
51	2.9
51	3.2
51	3.76
51	2.23
51	2.4
51	3.36
51	3.27
51	0.68
51	4.05
51	4.3
51	2
51	1.6
51	3.11
51	3.83
51	3.3
51	2.41
51	2.7
51	3.91
51	1.45
51	2.79
51	1.33
51	0.85
51	4.06
51	2.67
51	3.58
51	4.41
51	2.1
51	-0.88
51	1.19
51	1.11
51	2.08
51	3.58
51	2.63
51	2.3
51	2.72
51	0.63
51	2.17
51	2.8
51	2.3
51	1
51	3.4
51	3.95
51	3.35
51	3.28
51	1.6
51	2.63
51	1.2
51	1.65
51	3.76
51	2.84
51	2.61
51	2.46
51	3.9
51	1.1
51	3.98
51	2.68
51	3.1
51	3.6
51	3.57
51	3.39
51	2.5
51	-0.62
51	-0.79
50	0.36
50	4.48
50	2.51
50	4.5
50	3.57
50	3.28
50	3.92
50	3.61
50	2.3
50	2.5
50	1.22
50	2.3
50	1.66
50	3.07
50	3.1
50	2.7
50	-0.15
50	2.1
50	4.2
50	3.48
50	2.79
50	1.1
50	1.84
50	2.88
50	2.97
50	3
50	3.42
50	2.28
50	0.63
50	0.98
50	2.1
50	2.63
50	2.39
50	3.56
50	1.18
50	2.9
50	-0.34
50	1.75
50	3.3
50	1.2
50	3.18
50	2
50	3.51
50	4.21
50	1.01
50	2.39
50	0.76
50	2.26
50	1.82
50	-0.25
50	0.31
50	2.8
50	2.6
50	3
50	1.5
50	2.1
50	2.44
50	3.45
50	2
50	2.27
50	3.38
50	3.44
50	1.82
50	0.28
50	3.41
50	2.6
50	2.93
50	3.45
50	3.17
50	3.6
50	2.96
50	3.86
50	3.23
50	3.1
50	2.9
50	2.2
50	0.85
50	2.38
50	1.61
50	3.14
50	3.23
50	2.82
50	1.86
50	3.96
50	3.42
50	4.5
50	3.01
50	1.3
50	1.24
50	1.78
50	0.48
50	3.1
50	3.7
50	3.05
50	2.14
50	3.04
49	1.95
49	2.14
49	1
49	2.4
49	3.52
49	2.36
49	2.6
49	1.69
49	3.65
49	1.6
49	2.4
49	1.24
49	2.8
49	3.37
49	2.63
49	3.89
49	3.4
49	0.77
49	2.7
49	1.58
49	1.6
49	3.6
49	1.61
49	2.26
49	2.6
49	1.9
49	3.78
49	0.67
49	3.11
49	1.86
49	1.5
49	-0.5
49	2.38
49	2.72
49	3.36
49	2.1
49	2.8
49	3.65
49	2.77
49	2.9
49	2.22
49	-0.51
49	-0.82
49	2.99
49	2.67
49	3.07
49	3.7
49	0.91
49	1.75
49	1.81
49	3.1
49	3.21
49	-0.98
49	0.49
49	1.24
49	1.03
49	2.58
49	2.28
49	0.99
49	3.3
49	2.41
49	3.01
49	2.94
49	3.31
49	2.66
49	1.95
49	2.95
49	3.3
49	0.42
49	3.4
49	2.9
49	2.36
49	0.29
49	2.85
49	1.5
49	1.9
49	3.07
49	2.81
49	3.77
49	1.81
49	1.78
49	0.92
49	2.27
49	3
49	3.6
49	1.1
49	2
49	3.92
49	0.1
49	3.6
49	3.56
49	1.76
49	1.42
49	3.55
49	0.57
49	2.5
49	2.27
49	3.52
49	2.69
49	1.1
49	3.24
49	1.5
49	3.95
49	3.7
49	4
49	2.1
49	3.41
48	1.92
48	-0.99
48	1.19
48	1.64
48	2.88
48	2.2
48	2.16
48	3.46
48	1.35
48	2.95
48	2.67
48	4.2
48	1.22
48	1.49
48	1.13
48	2
48	4.37
48	2.79
48	2.3
48	3.9
48	1.34
48	0.49
48	1.7
48	1.79
48	3
48	0.2
48	3.4
48	3.75
48	3.24
48	1.83
48	1.02
48	3.22
48	3.44
48	2.6
48	3.83
48	3.88
48	1.6
48	2.26
48	3.99
48	3.12
48	2.6
48	1.39
48	0.48
48	2.49
48	1.74
48	2.21
48	2.2
48	2.21
48	1.85
48	4.28
48	3.7
48	1.85
48	3.86
48	-0.29
48	3.1
48	1.64
48	3.01
48	1.59
48	1.25
48	1.23
48	3.6
48	0.64
48	1.06
48	1.26
48	1.71
48	4.2
48	4.17
48	2.93
48	1.71
48	3.49
48	3.77
48	2.33
48	3.19
48	2.49
48	2.37
48	3.97
48	0.26
48	2.08
48	1.51
48	3.6
48	1.25
48	3.4
48	1.75
48	4.25
48	3.21
48	1.4
48	0.14
48	2.79
48	3.42
47	3.37
47	-0.4
47	3.52
47	2.49
47	1.78
47	1.5
47	2.43
47	3.3
47	1.89
47	2.41
47	2.65
47	2.24
47	3.3
47	1.55
47	2.65
47	2.65
47	-0.83
47	2.94
47	1.25
47	3.51
47	3.25
47	1.3
47	2.15
47	1.24
47	0.22
47	2.03
47	3.3
47	1.05
47	2.46
47	-0.01
47	1.34
47	2.61
47	1.56
47	3.26
47	2.5
47	3.03
47	3.2
47	2.61
47	4.39
47	1.91
47	3.57
47	1.1
47	4.43
47	3.7
47	3.17
47	2.88
47	3.6
47	2.9
47	1.3
47	1.64
47	3.27
47	3.27
47	1.27
47	3.43
47	2.55
47	3.26
47	0.99
47	1.78
47	3.1
47	3.8
47	2.4
47	2
47	0.79
47	2.6
47	2.64
47	2.9
47	3.82
47	-0.49
47	1.66
47	0.67
47	3.6
47	2.8
47	2.88
47	2.9
47	2.99
47	3.26
47	3.3
47	3.8
47	2.1
47	2.83
47	0.92
47	3.47
47	1.78
47	3.16
47	4
47	1.29
47	2.4
47	3.22
47	1.38
47	1.9
47	-0.48
46	3.54
46	3.93
46	-0.45
46	2.01
46	0.22
46	2
46	3.37
46	3.2
46	0.55
46	2.8
46	3.47
46	-0.35
46	2.94
46	1.51
46	2.19
46	-0.35
46	2.53
46	0.95
46	-0.59
46	2.8
46	3.11
46	3.21
46	3.8
46	1.7
46	1.7
46	1
46	3.58
46	2.39
46	3.6
46	3.7
46	1.5
46	0.07
46	2.6
46	4.28
46	1.6
46	2.88
46	1.3
46	3.6
46	4.03
46	1.7
46	1.94
46	1.83
46	3.43
46	1.5
46	1.69
46	2.7
46	1.5
46	2.17
46	2.81
46	3.9
46	2.04
46	3.1
46	2.01
46	3.05
46	2.76
46	2.7
46	3.49
46	3.75
46	2.45
46	1.3
46	2.78
46	2.41
46	2.99
46	-0.42
46	3.68
46	2.4
46	3.29
46	3.41
46	1.97
46	2.14
46	2.6
46	1.67
46	2.3
46	3
46	1.42
46	3.1
46	1.91
46	2.16
46	3.15
46	3.78
46	-0.22
46	4
46	-0.84
46	1.4
46	0.61
46	1.3
46	3.5
46	0.66
46	2.76
46	0.4
46	2.62
46	3.6
46	-0.9
46	1.07
46	-0.08
46	2.8
46	3.56
46	1.1
46	2.98
46	-0.69
46	1.79
46	2.8
46	3.2
46	2.06
46	3.8
46	3.5
46	4
46	3.8
46	3.6
46	3.14
46	3.02
46	0.72
46	3.15
46	2.47
46	1.7
46	3.89
46	0.76
46	2.4
46	3.5
46	-1.2
46	3.4
46	2.6
45	3.53
45	0.21
45	2.36
45	-0.15
45	1.32
45	1.92
45	2.49
45	1.9
45	4.5
45	2.6
45	2.99
45	3.45
45	1.68
45	2.8
45	1.2
45	2.75
45	2.25
45	2.77
45	2.74
45	2.75
45	2.83
45	0.97
45	2.92
45	0.3
45	0.77
45	2.65
45	-0.54
45	2.92
45	3.44
45	0.52
45	-0.1
45	3.7
45	3.22
45	4.23
45	1.04
45	3.75
45	3
45	0.66
45	3.82
45	0.56
45	2.69
45	3.11
45	1.18
45	3.18
45	1.15
45	2.64
45	2.83
45	3.98
45	3
45	1.95
45	3.3
45	3.63
45	1.86
45	2.9
45	3.03
45	3
45	1.76
45	-0.44
45	1
45	1.5
45	3
45	3.69
45	3.21
45	2.74
45	0.03
45	3.4
45	2.87
45	3.36
45	1.1
45	1.97
45	1.16
45	2.18
45	2.7
45	1.16
45	2.17
45	2.7
45	0
45	3.36
45	1.56
45	2.4
45	2.7
45	3.29
45	2.9
45	3.72
45	1.27
45	-0.98
45	2.5
45	1.92
45	1.73
45	2.78
45	3.6
45	2.63
45	3.2
45	3.8
45	2.4
45	2.64
45	2.66
45	2.27
45	3.2
45	1.48
45	0.86
45	3.54
45	0.87
45	-0.3
45	0.68
45	3.1
44	3.14
44	1.95
44	0.89
44	1.26
44	2.31
44	1.59
44	0.2
44	2.3
44	2.62
44	3.5
44	2.3
44	0.53
44	1.27
44	3.38
44	2.55
44	2.9
44	3.72
44	0.67
44	3.85
44	1.54
44	1.57
44	-1.3
44	1.01
44	3.79
44	2.5
44	2.1
44	3.9
44	0.79
44	2.06
44	2.47
44	2.41
44	3.31
44	-1.41
44	2.72
44	2.63
44	1.1
44	2.84
44	3.16
44	1.39
44	1.74
44	3.38
44	3.73
44	2.8
44	0.3
44	3.2
44	0.31
44	3.4
44	-0.45
44	3.4
44	3.17
44	3.37
44	2.3
44	1.78
44	2.96
44	3.36
44	3.47
44	3.04
44	2.4
44	-1.1
44	0.14
44	0.3
44	3.37
44	3.27
44	2.83
44	2.99
44	-0.06
44	3.26
44	2.82
44	-0.89
44	3.7
44	3.2
44	2.8
44	3.1
44	3.4
44	2.81
44	2.6
44	3.18
44	3.34
44	-0.66
44	-0.09
44	2.2
44	1.61
44	1.51
44	2.29
44	3.1
44	2.18
43	2.61
43	-0.95
43	1.55
43	3.62
43	0.7
43	2.96
43	3.56
43	0.47
43	3.13
43	2.55
43	3.27
43	0.79
43	0.45
43	3.2
43	2.79
43	-0.81
43	3.52
43	4.5
43	0.8
43	1.9
43	3.34
43	1.1
43	2.8
43	1.47
43	1.06
43	0.54
43	3.59
43	1.98
43	2
43	1.26
43	2.33
43	3.22
43	0.76
43	3.7
43	1.06
43	3.08
43	2.83
43	1.17
43	2.1
43	3.62
43	0.95
43	3.09
43	2
43	0.9
43	2.91
43	2.75
43	0.9
43	1.88
43	2.63
43	1
43	2.47
43	4.1
43	1.06
43	4.05
43	4.21
43	2.61
43	1.67
43	3.17
43	0.17
43	3.59
43	2.43
43	3.4
43	2.29
43	-0.06
43	3.16
43	1.74
43	2.11
43	3.46
43	0.58
43	-0.94
43	1.77
43	4.3
43	3.32
43	2.99
43	3.55
43	2.62
43	1.79
43	2
43	3.6
43	3.66
43	3.5
43	3.14
43	1.55
43	3.29
43	3
43	3.05
43	3.4
43	2.06
43	2.19
43	1.1
43	1.05
43	3.06
43	2.87
43	1.71
43	4.37
43	3.5
42	3.62
42	2.91
42	2.47
42	2.6
42	3.08
42	3.07
42	1.09
42	1.73
42	3.2
42	2.55
42	2.97
42	3
42	0.2
42	3.58
42	2.8
42	2.42
42	3.01
42	3.4
42	1.41
42	0.7
42	1.92
42	3.76
42	3.8
42	2.4
42	4.03
42	3.3
42	1.38
42	3.14
42	2.83
42	1.24
42	0.79
42	-0.2
42	2.5
42	2.7
42	0.08
42	-0.86
42	2
42	0.49
42	0.06
42	0.7
42	3.22
42	3.1
42	2.75
42	0.4
42	2.01
42	2.48
42	1.8
42	2.3
42	0.49
42	0.87
42	1.69
42	0.14
42	3.65
42	1.4
42	3.62
42	1.5
42	1.38
42	3.3
42	2.7
42	2.36
42	4.2
42	3.29
42	2.1
42	2.89
42	1.17
42	3.66
42	2.6
42	1.07
42	-0.27
42	3.7
42	-0.58
42	2.72
42	3.2
42	1.85
42	0.67
42	2.18
42	3.36
42	3.5
42	2.9
42	-0.01
42	0.34
42	2.7
42	1.63
42	0.6
42	-0.96
42	1.27
42	3.16
42	1.94
42	3.2
42	2.97
42	0.01
42	3.29
42	2.66
42	1.1
42	3.5
42	1.2
42	2.7
42	2.97
42	2.15
42	3.2
42	2.8
42	2.99
42	-0.49
42	2.86
42	0.02
42	3.1
42	1.38
42	3.45
42	0.8
41	3.6
41	1.65
41	1.29
41	2.4
41	1.78
41	2.53
41	2.82
41	0.7
41	3.1
41	2.95
41	4.21
41	3.3
41	1.2
41	2
41	3.6
41	1.75
41	2.59
41	3.3
41	3.24
41	3.9
41	3.97
41	1.6
41	0.99
41	3.5
41	3.2
41	3.8
41	3.12
41	4.1
41	0.62
41	2.9
41	2.81
41	3.22
41	0.5
41	-0.66
41	1.95
41	2.84
41	3
41	-0.65
41	3.1
41	1.6
41	2.9
41	2.89
41	3.31
41	2.9
41	2.82
41	0.74
41	0.05
41	1.3
41	1.48
41	3.49
41	1.73
41	2.17
41	1.25
41	-0.96
41	2
41	2.85
41	1.6
41	2.09
41	3.11
41	3.4
41	3.42
41	0.52
41	3.4
41	-0.87
41	1.85
41	1.4
41	2.55
41	3.24
41	3.12
41	2.24
41	3.22
41	-1.29
41	3.3
41	2.03
41	2.1
41	2.9
41	1.58
41	2.67
41	3.8
41	3.07
41	0.9
41	1.6
41	3.29
41	2.27
41	2.5
41	0.22
41	0.2
41	2.68
41	-1.27
41	2.34
41	2.71
41	0.4
41	1.76
41	1.6
40	1.2
40	2.57
40	1.11
40	1.89
40	3.56
40	3.69
40	1.96
40	2.28
40	3.41
40	3.95
40	2.72
40	0.99
40	1.64
40	2.18
40	-1.1
40	2.57
40	2.42
40	2.78
40	1.92
40	3.26
40	1.21
40	2
40	2.9
40	1
40	-1.45
40	1.99
40	2.75
40	1.74
40	2.5
40	0.8
40	0.51
40	3.27
40	3.7
40	1.51
40	1.6
40	3.9
40	2.54
40	0.72
40	2.23
40	1.85
40	1.7
40	3.58
40	-0.83
40	0.78
40	2.83
40	2.8
40	2.39
40	2.51
40	3.9
40	2.96
40	2.18
40	3.7
40	2.26
40	3.15
40	2.12
40	2.87
40	1.13
40	3.38
40	4.3
40	1.3
40	1.28
40	3.5
40	1.71
40	3.49
40	1.4
40	1.87
40	2.56
40	-0.91
40	2.53
40	2.79
40	3.37
40	1.3
40	3.46
40	2.2
40	2
40	2.67
40	1.5
40	2.7
40	1
40	1.83
40	4.16
40	2.5
40	3.1
40	-1.17
40	0.56
40	3.01
40	2.65
39	3.05
39	1.71
39	3.72
39	0.35
39	2.82
39	2.7
39	4.02
39	0.9
39	1.78
39	0.51
39	1.6
39	1.52
39	0.86
39	2.41
39	1.71
39	1.4
39	1.02
39	3.12
39	2.53
39	2.97
39	0.8
39	-0.16
39	3.25
39	2.7
39	3.42
39	0.8
39	3.68
39	2.63
39	2.09
39	2.44
39	2.9
39	2.7
39	3.5
39	0.22
39	2.5
39	1.73
39	4.15
39	1.73
39	2.86
39	2.23
39	3.7
39	1.86
39	1.54
39	1.63
39	-0.82
39	0.99
39	3.8
39	3.71
39	1.96
39	0.7
39	1.5
39	1.62
39	0.48
39	0.75
39	2.3
39	3.53
39	2.2
39	1.61
39	1.29
39	1.94
39	3.05
39	0.2
39	3.29
39	2.52
39	0.63
39	-0.12
39	2.1
39	3
39	0.94
39	2.6
39	2.22
39	2.98
39	2.8
39	2.07
39	1.33
39	3
39	1.8
39	3.52
39	3.26
38	3.69
38	3.07
38	0.73
38	2.72
38	3.31
38	0.5
38	0.67
38	3.18
38	1.15
38	-0.12
38	1.85
38	3.7
38	3.38
38	1.58
38	3.14
38	-0.92
38	0.9
38	2.28
38	3.8
38	1.47
38	2.34
38	1.2
38	-0.87
38	2.7
38	-1.1
38	2.2
38	-1.42
38	2.22
38	2.5
38	1.97
38	3
38	2.73
38	2.8
38	2.4
38	2.79
38	-0.92
38	0.92
38	0.78
38	2.7
38	2.15
38	1.79
38	1.05
38	3.37
38	-0.88
38	2.5
38	0.87
38	-0.43
38	2.89
38	0.03
38	-0.52
38	2.72
38	2.86
38	2.25
38	1.67
38	2.15
38	-0.87
38	0.61
38	2.2
38	2.28
38	3.2
38	2.68
38	2.93
38	1.95
38	3.36
38	-0.78
38	1.6
38	2.08
38	1.91
38	2.7
37	1.14
37	3.2
37	1.6
37	1.13
37	2.74
37	2.8
37	1.73
37	3.16
37	0.87
37	2.87
37	0.06
37	3.15
37	3
37	1.59
37	3.3
37	0.12
37	1.84
37	3.83
37	2.98
37	3.8
37	0
37	1.66
37	-0.58
37	2.94
37	1.29
37	1.97
37	1.44
37	1.82
37	3.35
37	1.52
37	3.9
37	3
37	2.61
37	0.39
37	2.04
37	1.62
37	1.5
37	2
37	0.3
37	2.6
37	3.4
37	4.07
37	3.25
37	3.7
37	2.37
37	3.96
37	2.81
37	1.1
37	2.86
37	0.4
37	1.22
37	1.8
37	2.73
37	1.2
37	2.14
37	2.51
37	3.5
37	3.3
37	1.26
37	0
37	2.15
37	3.22
37	2.4
37	2
37	2.85
37	1.1
37	3.2
37	-0.1
37	2.8
37	3.85
36	1.1
36	3.47
36	2.1
36	3.19
36	1.1
36	3.3
36	0.8
36	0.92
36	3.83
36	2.26
36	2.61
36	2
36	0.44
36	3.01
36	-0.6
36	0.99
36	3.37
36	0.88
36	2.08
36	3.4
36	3.17
36	2.68
36	1.56
36	3.04
36	2.21
36	-0.16
36	0.2
36	0.16
36	1.86
36	3.3
36	1.44
36	0.15
36	1.51
36	3.67
36	2.11
36	3.2
36	3.1
36	0.29
36	2.12
36	4.24
36	1.1
36	2.9
36	2.62
36	-0.16
36	-0.71
36	-0.38
36	0.27
36	3.5
36	2.69
36	3.07
36	2.78
36	3.21
36	2.1
36	1.32
36	2.11
36	1.52
36	0.48
36	2.37
36	1.7
36	-1.01
36	2.34
35	0.2
35	-0.56
35	0.82
35	-0.84
35	-0.75
35	1.11
35	0.76
35	2.41
35	1.63
35	2.37
35	1.37
35	0.68
35	2.22
35	1.38
35	0.44
35	2.94
35	2.3
35	-0.84
35	1.69
35	-0.73
35	1.19
35	2.4
35	3.4
35	1.52
35	2.22
35	3.4
35	1.89
35	1.7
35	2.74
35	1.82
35	2.34
35	2.1
35	2.71
35	-0.51
35	3.9
35	0.8
35	1.7
35	0.77
35	2.6
35	1.98
35	0.6
35	-1
35	1.97
35	-1.02
35	3.3
35	3.69
35	2.52
35	2.08
35	4.13
35	0.4
35	3.31
35	1.69
35	3.8
35	0.91
35	0.9
35	0.93
35	1.16
35	3.3
35	1.18
35	1.26
35	1.79
35	0.94
35	2.41
35	2.19
35	2.9
35	0.58
35	2.43
34	3.4
34	1.7
34	0.61
34	2.5
34	2.11
34	0.29
34	2.9
34	2.47
34	0.29
34	0.38
34	2.53
34	-0.2
34	1.7
34	2.09
34	1.18
34	0.3
34	0.78
34	1.26
34	0.62
34	2.2
34	1.96
34	3.71
34	1.01
34	-0.05
34	3.3
34	1.64
34	1.12
34	1.91
34	3.2
34	2.12
34	0.6
34	0.51
34	2.2
34	2.8
34	0.5
34	0.9
34	2.31
34	3
34	3.64
34	2.92
34	2.8
34	0.96
34	0.06
34	3.1
34	3.29
34	3.1
34	2.01
34	2.8
34	2.34
34	4.19
34	4.06
34	2.87
34	2.7
34	2.65
34	0.51
34	2.2
34	1.92
34	2.7
34	1.89
34	2.84
34	3.3
33	-0.16
33	3.8
33	3.8
33	3
33	3.5
33	4.28
33	3.28
33	2
33	1.69
33	3
33	1.89
33	1.09
33	3.1
33	1.02
33	2.33
33	3.8
33	4.1
33	3.24
33	3.06
33	1.14
33	0.4
33	3.19
33	2.71
33	0.79
33	1.52
33	-1.25
33	0.6
33	1.65
33	3.96
33	3.41
33	0.78
33	2.04
33	0.58
33	0.97
33	0.24
33	2.62
33	-0.12
33	3.4
33	0.05
33	-0.3
33	2.9
33	4.05
33	3.61
33	2.44
33	1.35
33	-0.84
33	-0.2
33	2.91
33	3.1
33	1.19
33	2.71
33	2.69
33	3
33	2.07
33	-0.49
33	1.5
33	2.8
33	-0.06
33	1.7
33	1.3
33	2.29
33	0.6
33	1.8
33	1.7
33	3.1
33	2.57
33	-0.93
33	2.72
33	2.19
32	4.4
32	2.71
32	3.07
32	3.2
32	2.96
32	3.15
32	1.7
32	2.3
32	2.9
32	2.7
32	2
32	1.41
32	2.3
32	3.15
32	3.01
32	1.6
32	0.75
32	-0.21
32	3.62
32	3.4
32	2.55
32	0.6
32	2.86
32	3.29
32	1.15
32	0.9
32	2.9
32	2.3
32	0.84
32	-0.37
32	-0.9
32	1
32	3.53
32	1.7
32	0.36
32	3.1
32	0.8
32	2.89
32	2.08
32	2.88
32	3.3
32	0.58
32	3.72
32	0.68
32	2.8
32	1.65
32	3.05
32	2.01
32	2.13
32	0.6
32	1.52
32	1.48
32	0.71
32	2.6
32	0.7
32	2.11
32	0.7
32	3.1
32	1.34
32	1.1
32	3.46
32	3.5
32	3.6
32	2.59
32	2.54
32	1.74
31	1.9
31	3.33
31	1
31	2.21
31	0.74
31	3
31	0.75
31	2.3
31	1.28
31	2.45
31	2.4
31	3.7
31	3.24
31	2.58
31	2.85
31	2.07
31	0.23
31	1.9
31	2
31	-0.97
31	0.13
31	0.85
31	3.18
31	-0.1
31	2.92
31	1.45
31	2.38
31	2.39
31	3.26
31	2.3
31	-0.03
31	1.95
31	2.16
31	4.09
31	1.94
31	3
31	2.71
31	1.27
31	3.5
31	2.21
31	3.21
31	-0.69
31	2.79
31	2.03
31	0.68
31	-0.65
31	0.74
31	3.1
31	3.32
31	0.02
31	2.13
31	2.95
31	2.4
31	1.5
31	3.18
31	0.9
31	1.2
31	2.41
31	2.42
31	-0.12
31	0.36
31	3.1
31	3.21
31	2.69
30	0.2
30	1.3
30	3.77
30	2.5
30	1.16
30	2.33
30	3.11
30	2.3
30	4
30	-1.4
30	2.06
30	1.72
30	2.11
30	-0.15
30	3.2
30	2.54
30	1.3
30	0.7
30	0.87
30	3.37
30	3.8
30	3.06
30	-0.7
30	3.5
30	3.63
30	-0.7
30	-0.51
30	-0.33
30	1.56
30	1.88
30	-0.7
30	1
30	1.13
30	2.76
30	3.86
30	1.4
30	1.32
30	1.86
30	3.46
30	2.99
30	2.42
30	2.31
30	0.6
30	2.01
30	1.59
30	2.48
30	-0.25
30	3.3
30	3.1
30	2.8
30	1.08
30	0.77
30	2.5
30	0.62
30	2.43
30	0.74
30	0.6
30	2.38
30	-1.08
30	0.69
30	2.64
30	1
30	1.65
30	2.67
30	1.49
30	3.35
30	-0.51
29	2.91
29	1.6
29	1.2
29	3.2
29	1.6
29	-0.8
29	2.9
29	1.37
29	3.44
29	0.98
29	2.9
29	1.17
29	2.78
29	2.46
29	2.05
29	2.5
29	3.6
29	0.05
29	3.09
29	3.42
29	0.47
29	0.38
29	2.9
29	2.29
29	-1.5
29	3.1
29	1
29	1.1
29	2.7
29	3.08
29	2.9
29	2.8
29	0.88
29	0.93
29	3.83
29	0.53
29	-0.84
29	2.2
29	3.1
29	0.2
29	3.6
29	1
29	3.8
29	1.4
29	3.02
29	2.34
29	1.53
29	3.3
29	2.49
29	1.7
29	2.36
29	3.1
29	1.55
29	0.73
29	3.63
29	3.47
29	1.42
29	1
29	0.9
29	-0.1
29	2.7
29	3.37
29	2.41
28	3.2
28	2.87
28	2.49
28	1.3
28	2.49
28	1.94
28	-0.98
28	4.2
28	3.9
28	2
28	-0.2
28	3.12
28	-0.2
28	2.74
28	1.5
28	3.22
28	1.33
28	2.54
28	3.1
28	0.37
28	2.59
28	1.84
28	1.21
28	2.71
28	1.87
28	0.24
28	1.19
28	1.62
28	1.72
28	4.12
28	3
28	1.71
28	2.9
28	-1.42
28	1.95
28	2.1
28	0.7
28	3.92
28	3.6
28	1.53
28	2.1
28	1.91
28	-0.8
28	3.9
28	-0.56
28	0.91
28	2.41
28	1.8
28	1.61
28	3.1
28	-1.33
28	0.48
28	3.98
28	1.59
28	1.86
28	2.94
28	2.13
28	2.3
28	-0.01
28	2.2
28	1.7
28	0.62
27	-1.17
27	2.75
27	3.3
27	2.16
27	1.2
27	3.65
27	1.4
27	0.82
27	-1.15
27	1.87
27	2.67
27	-0.92
27	1.49
27	2.9
27	1.99
27	2.71
27	3.22
27	4.1
27	0.19
27	1.85
27	3.6
27	1
27	3.22
27	3.6
27	2.23
27	3.31
27	1.2
27	1
27	3
27	1.57
27	2.08
27	2
27	4.31
27	2.9
27	3.7
27	0.54
27	3.84
27	1.94
27	2.46
27	4
27	1.52
27	-1.08
27	2.2
27	2.3
27	2.48
27	2.54
27	0.31
26	-0.37
26	1.43
26	2.4
26	2.33
26	3.99
26	0.5
26	0.59
26	2.23
26	1.2
26	0.81
26	0.11
26	1.38
26	2.08
26	2.55
26	4.1
26	2.31
26	1.63
26	2.26
26	1.5
26	0.59
26	0.44
26	3.4
26	1.69
26	-1.01
26	0.84
26	3.6
26	2.39
26	2.8
26	1.75
26	2.01
26	0.3
26	3.5
26	0.6
26	2.36
26	3.3
26	3.3
26	2.5
26	0.33
26	2.96
26	1.53
26	2.7
26	2.56
26	1.68
26	2.8
26	1.84
26	1.13
26	1.48
26	1.81
26	-0.49
26	2.42
26	1.3
26	2.95
26	2.6
25	1.3
25	0.87
25	-1.34
25	0.97
25	0.56
25	0.36
25	2.3
25	1.13
25	3.4
25	0.33
25	-0.22
25	2.7
25	3.1
25	2.8
25	1.25
25	-0.09
25	3.64
25	4
25	1.97
25	1.23
25	2.2
25	3.39
25	3.1
25	0.71
25	1.96
25	0.68
25	2.98
25	1.67
25	0.74
25	1.72
25	2.21
25	-0.03
25	2.9
25	3.31
25	2.07
25	3.79
25	1.46
24	0.79
24	1.14
24	0.91
24	2.03
24	1.97
24	2.6
24	2.4
24	2.5
24	3.2
24	2.66
24	2.88
24	1.68
24	1.1
24	0.91
24	2.35
24	1.54
24	2.77
24	0.54
24	-1.2
24	2.2
24	0.8
24	2.8
24	2.23
24	0.89
24	-0.21
24	1.69
24	1.05
24	0.23
24	2.75
24	2.09
24	2.9
24	3.8
23	2.25
23	1.38
23	-0.58
23	1.86
23	2.18
23	0.92
23	2.34
23	1.07
23	1.88
23	1.83
23	2.43
23	2.3
23	-1.31
23	1.4
23	0.3
23	-0.28
23	-0.12
23	2.25
23	1.97
23	2.58
23	2.1
23	-1.06
23	2.12
23	0.87
22	2
22	1.06
22	0.9
22	0.92
22	0.6
22	3.7
22	-0.11
22	2.5
22	1.91
22	2.25
22	0.55
22	1
22	1.1
22	2.35
22	-0.45
22	1.02
22	-0.01
21	2.43
21	1.39
21	1.28
21	-0.4
21	0.44
21	0.95
21	3.3
21	0.7
21	0.23
21	3.31
21	0.44
21	1.9
21	-1.08
21	2.23
21	-0.09
21	1.52
21	1.05
21	-1.08
21	3.34
21	1.91
21	2.58
20	1.35
20	1.02
20	0.4
20	-0.78
20	1.8
20	2.2
20	0.81
20	1.91
20	0.21
20	1.75
20	0.25
19	-0.08
19	1.33
19	2.5
19	1.7
19	-0.31
19	0.3
19	1.21
19	3.22
19	1.81
19	0.85
19	1.5
19	2.1
18	2.02
18	2.68
18	1.32
18	3.29
18	0.5
18	1.26
18	2.97
18	0.8
17	1.37
17	2.2
17	1.7
17	0.2
17	1
17	2
17	2.2
17	1.09
17	1.92
17	2.09
17	1.4
17	1.5
17	1.6
17	-0.57
17	0.52
16	1.19
16	1
16	-1.36
16	1.78
16	3.28
16	0.89
16	-0.96
15	2.33
15	2.16
15	1.31
15	2.3
15	2.44
15	1.9
15	2.5
15	2.35
15	-1.48
15	1.5
14	-0.42
13	-0.4
13	-0.42
13	3.58
