       0        0.000100     5312.661213       72.384834
       1        0.000100     3922.689926       62.125278
       2        0.000100     2419.638603       48.652790
       3        0.000100     1171.058680       33.578377
       4        0.000100      420.117842       19.561625
       5        0.000100      118.418068        9.438776
       6        0.000100       41.846595        5.182759
       7        0.000100       27.411799        4.229114
       8        0.000100       22.701656        3.869663
       9        0.000100       19.110419        3.556679
      10        0.000100       15.890750        3.243793
      11        0.000100       13.044544        2.935267
      12        0.000100       10.594130        2.639328
      13        0.000100        8.539131        2.363208
      14        0.000100        6.857711        2.113273
      15        0.000100        5.511273        1.890607
      16        0.000100        4.450885        1.698388
      17        0.000100        3.624120        1.530444
      18        0.000100        2.981234        1.383671
      19        0.000100        2.479295        1.254266
      20        0.000100        2.084004        1.140674
      21        0.000100        1.769389        1.041716
      22        0.000100        1.516359        0.957018
      23        0.000100        1.310835        0.883840
      24        0.000100        1.142246        0.819642
      25        0.000100        1.002453        0.763322
      26        0.000100        0.885078        0.713172
      27        0.000100        0.785121        0.668043
      28        0.000100        0.698704        0.627009
      29        0.000100        0.622901        0.588939
      30        0.000100        0.555580        0.553329
      31        0.000100        0.495262        0.519700
      32        0.000100        0.440973        0.487754
      33        0.000100        0.392080        0.457355
      34        0.000100        0.348179        0.428515
      35        0.000100        0.308977        0.401279
      36        0.000100        0.274185        0.375772
      37        0.000100        0.243464        0.351780
      38        0.000100        0.216409        0.329419
      39        0.000100        0.192603        0.308719
      40        0.000100        0.171685        0.289641
      41        0.000100        0.153341        0.272179
      42        0.000100        0.137256        0.256152
      43        0.000100        0.123094        0.241442
      44        0.000100        0.110543        0.227920
      45        0.000100        0.099410        0.215632
      46        0.000100        0.089647        0.204802
      47        0.000100        0.081195        0.195160
      48        0.000100        0.073797        0.186372
      49        0.000100        0.067096        0.177828
      50        0.000100        0.060895        0.169211
      51        0.000100        0.055191        0.160649
      52        0.000100        0.050028        0.152499
      53        0.000100        0.045403        0.144878
      54        0.000100        0.041272        0.137793
      55        0.000100        0.037577        0.131219
      56        0.000100        0.034288        0.125123
      57        0.000100        0.031396        0.119621
      58        0.000100        0.028828        0.114639
      59        0.000100        0.026480        0.109926
      60        0.000100        0.024323        0.105426
      61        0.000100        0.022402        0.101268
      62        0.000100        0.020739        0.097603
      63        0.000100        0.019300        0.094321
      64        0.000100        0.018042        0.091298
      65        0.000100        0.016932        0.088497
      66        0.000100        0.015936        0.085822
      67        0.000100        0.015029        0.083214
      68        0.000100        0.014205        0.080671
      69        0.000100        0.013468        0.078251
      70        0.000100        0.012810        0.075976
      71        0.000100        0.012224        0.073859
      72        0.000100        0.011703        0.071918
      73        0.000100        0.011239        0.070121
      74        0.000100        0.010826        0.068468
      75        0.000100        0.010454        0.066952
      76        0.000100        0.010121        0.065579
      77        0.000100        0.009821        0.064339
      78        0.000100        0.009549        0.063224
      79        0.000100        0.009302        0.062210
      80        0.000100        0.009078        0.061290
      81        0.000100        0.008874        0.060457
      82        0.000100        0.008688        0.059695
      83        0.000100        0.008517        0.058999
      84        0.000100        0.008360        0.058357
      85        0.000100        0.008214        0.057766
      86        0.000100        0.008077        0.057221
      87        0.000100        0.007948        0.056695
      88        0.000100        0.007827        0.056196
      89        0.000100        0.007712        0.055720
      90        0.000100        0.007605        0.055269
      91        0.000100        0.007502        0.054823
      92        0.000100        0.007405        0.054404
      93        0.000100        0.007313        0.054000
      94        0.000100        0.007226        0.053604
      95        0.000100        0.007142        0.053218
      96        0.000100        0.007064        0.052864
      97        0.000100        0.006988        0.052507
      98        0.000100        0.006915        0.052164
      99        0.000100        0.006847        0.051837
     100        0.000100        0.006781        0.051517
     101        0.000100        0.006717        0.051200
     102        0.000100        0.006656        0.050896
     103        0.000100        0.006597        0.050595
     104        0.000100        0.006541        0.050305
     105        0.000100        0.006486        0.050017
     106        0.000100        0.006433        0.049725
     107        0.000100        0.006383        0.049454
     108        0.000100        0.006334        0.049179
     109        0.000100        0.006287        0.048914
     110        0.000100        0.006240        0.048640
     111        0.000100        0.006196        0.048381
     112        0.000100        0.006153        0.048117
     113        0.000100        0.006111        0.047861
     114        0.000100        0.006070        0.047609
     115        0.000100        0.006032        0.047373
     116        0.000100        0.005995        0.047131
     117        0.000100        0.005959        0.046906
     118        0.000100        0.005924        0.046670
     119        0.000100        0.005890        0.046453
     120        0.000100        0.005859        0.046243
     121        0.000100        0.005827        0.046028
     122        0.000100        0.005797        0.045821
     123        0.000100        0.005768        0.045610
     124        0.000100        0.005740        0.045414
     125        0.000100        0.005712        0.045212
     126        0.000100        0.005686        0.045017
     127        0.000100        0.005662        0.044838
     128        0.000100        0.005634        0.044632
     129        0.000100        0.005612        0.044459
     130        0.000100        0.005592        0.044319
     131        0.000100        0.005568        0.044145
     132        0.000100        0.005547        0.043980
     133        0.000100        0.005525        0.043807
     134        0.000100        0.005505        0.043644
     135        0.000100        0.005484        0.043475
     136        0.000100        0.005466        0.043326
     137        0.000100        0.005447        0.043172
     138        0.000100        0.005428        0.043011
     139        0.000100        0.005409        0.042873
     140        0.000100        0.005389        0.042692
     141        0.000100        0.005375        0.042583
     142        0.000100        0.005357        0.042471
     143        0.000100        0.005340        0.042338
     144        0.000100        0.005324        0.042206
     145        0.000100        0.005308        0.042071
     146        0.000100        0.005292        0.041944
     147        0.000100        0.005277        0.041821
     148        0.000100        0.005262        0.041692
     149        0.000100        0.005247        0.041569
     150        0.000100        0.005232        0.041457
     151        0.000100        0.005218        0.041328
     152        0.000100        0.005206        0.041222
     153        0.000100        0.005188        0.041120
     154        0.000100        0.005171        0.040964
     155        0.000100        0.005159        0.040884
     156        0.000100        0.005144        0.040772
     157        0.000100        0.005132        0.040681
     158        0.000100        0.005117        0.040566
     159        0.000100        0.005104        0.040463
     160        0.000100        0.005092        0.040365
     161        0.000100        0.005079        0.040263
     162        0.000100        0.005065        0.040159
     163        0.000100        0.005054        0.040068
     164        0.000100        0.005040        0.039961
     165        0.000100        0.005026        0.039896
     166        0.000100        0.005007        0.039728
     167        0.000100        0.004998        0.039672
     168        0.000100        0.004985        0.039570
     169        0.000100        0.004974        0.039486
     170        0.000100        0.004961        0.039391
     171        0.000100        0.004950        0.039306
     172        0.000100        0.004938        0.039211
     173        0.000100        0.004927        0.039131
     174        0.000100        0.004914        0.039027
     175        0.000100        0.004903        0.038939
     176        0.000100        0.004892        0.038862
     177        0.000100        0.004880        0.038766
     178        0.000100        0.004866        0.038634
     179        0.000100        0.004861        0.038644
     180        0.000100        0.004844        0.038494
     181        0.000100        0.004833        0.038429
     182        0.000100        0.004821        0.038344
     183        0.000100        0.004811        0.038270
     184        0.000100        0.004799        0.038189
     185        0.000100        0.004788        0.038109
     186        0.000100        0.004777        0.038037
     187        0.000100        0.004766        0.037948
     188        0.000100        0.004760        0.037885
     189        0.000100        0.004748        0.037831
     190        0.000100        0.004734        0.037721
     191        0.000100        0.004724        0.037668
     192        0.000100        0.004712        0.037576
     193        0.000100        0.004700        0.037508
     194        0.000100        0.004689        0.037426
     195        0.000100        0.004679        0.037362
     196        0.000100        0.004669        0.037296
     197        0.000100        0.004659        0.037225
     198        0.000100        0.004649        0.037147
     199        0.000100        0.004640        0.037102
     200        0.000100        0.004626        0.037004
     201        0.000100        0.004613        0.036925
     202        0.000100        0.004605        0.036877
     203        0.000100        0.004595        0.036805
     204        0.000100        0.004585        0.036739
     205        0.000100        0.004575        0.036672
     206        0.000100        0.004565        0.036596
     207        0.000100        0.004554        0.036529
     208        0.000100        0.004542        0.036429
     209        0.000100        0.004533        0.036385
     210        0.000100        0.004519        0.036272
     211        0.000100        0.004509        0.036184
     212        0.000100        0.004502        0.036145
     213        0.000100        0.004491        0.036048
     214        0.000100        0.004482        0.035986
     215        0.000100        0.004474        0.035924
     216        0.000100        0.004466        0.035859
     217        0.000100        0.004459        0.035802
     218        0.000100        0.004451        0.035746
     219        0.000100        0.004444        0.035700
     220        0.000100        0.004437        0.035631
     221        0.000100        0.004432        0.035613
     222        0.000100        0.004425        0.035555
     223        0.000100        0.004416        0.035494
     224        0.000100        0.004407        0.035461
     225        0.000100        0.004400        0.035406
     226        0.000100        0.004391        0.035359
     227        0.000100        0.004383        0.035317
     228        0.000100        0.004374        0.035269
     229        0.000100        0.004367        0.035233
     230        0.000100        0.004359        0.035191
     231        0.000100        0.004354        0.035148
     232        0.000100        0.004347        0.035110
     233        0.000100        0.004342        0.035083
     234        0.000100        0.004331        0.035010
     235        0.000100        0.004323        0.034995
     236        0.000100        0.004313        0.034946
     237        0.000100        0.004307        0.034913
     238        0.000100        0.004299        0.034871
     239        0.000100        0.004293        0.034834
     240        0.000100        0.004285        0.034795
     241        0.000100        0.004279        0.034763
     242        0.000100        0.004271        0.034724
     243        0.000100        0.004267        0.034691
     244        0.000100        0.004259        0.034651
     245        0.000100        0.004257        0.034622
     246        0.000100        0.004251        0.034575
     247        0.000100        0.004246        0.034560
     248        0.000100        0.004236        0.034502
     249        0.000100        0.004230        0.034486
     250        0.000100        0.004223        0.034451
     251        0.000100        0.004218        0.034424
     252        0.000100        0.004212        0.034390
     253        0.000100        0.004206        0.034357
     254        0.000100        0.004201        0.034331
     255        0.000100        0.004195        0.034289
     256        0.000100        0.004189        0.034275
     257        0.000100        0.004184        0.034236
     258        0.000100        0.004176        0.034211
     259        0.000100        0.004171        0.034182
     260        0.000100        0.004164        0.034150
     261        0.000100        0.004160        0.034129
     262        0.000100        0.004155        0.034094
     263        0.000100        0.004150        0.034075
     264        0.000100        0.004143        0.034037
     265        0.000100        0.004136        0.034011
     266        0.000100        0.004131        0.033993
     267        0.000100        0.004127        0.033962
     268        0.000100        0.004120        0.033940
     269        0.000100        0.004115        0.033915
     270        0.000100        0.004109        0.033887
     271        0.000100        0.004104        0.033862
     272        0.000100        0.004098        0.033833
     273        0.000100        0.004092        0.033810
     274        0.000100        0.004083        0.033783
     275        0.000100        0.004079        0.033765
     276        0.000100        0.004074        0.033749
     277        0.000100        0.004072        0.033722
     278        0.000100        0.004064        0.033699
     279        0.000100        0.004057        0.033682
     280        0.000100        0.004050        0.033649
     281        0.000100        0.004045        0.033628
     282        0.000100        0.004039        0.033604
     283        0.000100        0.004034        0.033586
     284        0.000100        0.004027        0.033560
     285        0.000100        0.004021        0.033541
     286        0.000100        0.004016        0.033517
     287        0.000100        0.004014        0.033497
     288        0.000100        0.004011        0.033472
     289        0.000100        0.004007        0.033449
     290        0.000100        0.003997        0.033419
     291        0.000100        0.003989        0.033395
     292        0.000100        0.003985        0.033379
     293        0.000100        0.003983        0.033371
     294        0.000100        0.003977        0.033334
     295        0.000100        0.003972        0.033317
     296        0.000100        0.003967        0.033301
     297        0.000100        0.003963        0.033272
     298        0.000100        0.003958        0.033253
     299        0.000100        0.003955        0.033235
     300        0.000100        0.003949        0.033213
     301        0.000100        0.003945        0.033195
     302        0.000100        0.003940        0.033165
     303        0.000100        0.003939        0.033158
     304        0.000100        0.003936        0.033126
     305        0.000100        0.003930        0.033095
     306        0.000100        0.003924        0.033091
     307        0.000100        0.003918        0.033061
     308        0.000100        0.003911        0.033030
     309        0.000100        0.003907        0.033011
     310        0.000100        0.003900        0.032987
     311        0.000100        0.003895        0.032968
     312        0.000100        0.003889        0.032948
     313        0.000100        0.003884        0.032930
     314        0.000100        0.003880        0.032916
     315        0.000100        0.003872        0.032890
     316        0.000100        0.003875        0.032903
     317        0.000100        0.003868        0.032863
     318        0.000100        0.003861        0.032833
     319        0.000100        0.003858        0.032825
     320        0.000100        0.003852        0.032800
     321        0.000100        0.003848        0.032785
     322        0.000100        0.003843        0.032762
     323        0.000100        0.003841        0.032752
     324        0.000100        0.003831        0.032725
     325        0.000100        0.003832        0.032724
     326        0.000100        0.003830        0.032708
     327        0.000100        0.003822        0.032676
     328        0.000100        0.003821        0.032669
     329        0.000100        0.003819        0.032661
     330        0.000100        0.003812        0.032631
     331        0.000100        0.003808        0.032617
     332        0.000100        0.003800        0.032591
     333        0.000100        0.003801        0.032588
     334        0.000100        0.003791        0.032563
     335        0.000100        0.003796        0.032562
     336        0.000100        0.003790        0.032550
     337        0.000100        0.003784        0.032519
     338        0.000100        0.003786        0.032522
     339        0.000100        0.003777        0.032490
     340        0.000100        0.003775        0.032472
     341        0.000100        0.003772        0.032460
     342        0.000100        0.003766        0.032438
     343        0.000100        0.003770        0.032442
     344        0.000100        0.003761        0.032415
     345        0.000100        0.003763        0.032406
     346        0.000100        0.003760        0.032394
     347        0.000100        0.003755        0.032373
     348        0.000100        0.003758        0.032376
     349        0.000100        0.003751        0.032351
     350        0.000100        0.003752        0.032344
     351        0.000100        0.003750        0.032334
     352        0.000100        0.003745        0.032307
     353        0.000100        0.003749        0.032314
     354        0.000100        0.003741        0.032291
     355        0.000100        0.003745        0.032290
     356        0.000100        0.003742        0.032281
     357        0.000100        0.003737        0.032262
     358        0.000100        0.003740        0.032263
     359        0.000100        0.003734        0.032239
     360        0.000100        0.003736        0.032219
     361        0.000100        0.003734        0.032214
     362        0.000100        0.003729        0.032195
     363        0.000100        0.003733        0.032203
     364        0.000100        0.003726        0.032185
     365        0.000100        0.003730        0.032181
     366        0.000100        0.003728        0.032177
     367        0.000100        0.003723        0.032153
     368        0.000100        0.003727        0.032158
     369        0.000100        0.003722        0.032150
     370        0.000100        0.003724        0.032146
     371        0.000100        0.003724        0.032147
     372        0.000100        0.003719        0.032125
     373        0.000100        0.003724        0.032128
     374        0.000100        0.003718        0.032111
     375        0.000100        0.003723        0.032121
     376        0.000100        0.003722        0.032124
     377        0.000100        0.003721        0.032118
     378        0.000100        0.003724        0.032123
     379        0.000100        0.003722        0.032116
     380        0.000100        0.003726        0.032111
     381        0.000100        0.003727        0.032104
     382        0.000100        0.003727        0.032100
     383        0.000100        0.003731        0.032121
     384        0.000100        0.003730        0.032114
     385        0.000100        0.003733        0.032119
     386        0.000100        0.003732        0.032111
     387        0.000100        0.003734        0.032108
     388        0.000100        0.003733        0.032097
     389        0.000100        0.003734        0.032099
     390        0.000100        0.003732        0.032103
     391        0.000100        0.003734        0.032097
     392        0.000100        0.003731        0.032088
     393        0.000100        0.003733        0.032083
     394        0.000100        0.003731        0.032061
     395        0.000100        0.003731        0.032036
     396        0.000100        0.003729        0.032039
     397        0.000100        0.003730        0.032031
     398        0.000100        0.003725        0.032015
     399        0.000100        0.003723        0.032005
     400        0.000100        0.003722        0.031985
     401        0.000100        0.003721        0.031967
     402        0.000100        0.003718        0.031949
     403        0.000100        0.003715        0.031934
     404        0.000100        0.003712        0.031924
     405        0.000100        0.003715        0.031919
     406        0.000100        0.003713        0.031896
     407        0.000100        0.003711        0.031872
     408        0.000100        0.003704        0.031835
     409        0.000100        0.003702        0.031819
     410        0.000100        0.003698        0.031808
     411        0.000100        0.003697        0.031803
     412        0.000100        0.003694        0.031792
     413        0.000100        0.003692        0.031783
     414        0.000100        0.003688        0.031753
     415        0.000100        0.003686        0.031725
     416        0.000100        0.003681        0.031688
     417        0.000100        0.003678        0.031676
     418        0.000100        0.003674        0.031666
     419        0.000100        0.003672        0.031655
     420        0.000100        0.003670        0.031644
     421        0.000100        0.003670        0.031630
     422        0.000100        0.003667        0.031611
     423        0.000100        0.003664        0.031593
     424        0.000100        0.003659        0.031569
     425        0.000100        0.003656        0.031557
     426        0.000100        0.003653        0.031544
     427        0.000100        0.003657        0.031557
     428        0.000100        0.003653        0.031548
     429        0.000100        0.003651        0.031526
     430        0.000100        0.003649        0.031502
     431        0.000100        0.003645        0.031462
     432        0.000100        0.003642        0.031440
     433        0.000100        0.003641        0.031436
     434        0.000100        0.003640        0.031432
     435        0.000100        0.003641        0.031425
     436        0.000100        0.003640        0.031410
     437        0.000100        0.003641        0.031393
     438        0.000100        0.003634        0.031358
     439        0.000100        0.003627        0.031337
     440        0.000100        0.003623        0.031327
     441        0.000100        0.003622        0.031311
     442        0.000100        0.003621        0.031319
     443        0.000100        0.003625        0.031318
     444        0.000100        0.003625        0.031309
     445        0.000100        0.003625        0.031299
     446        0.000100        0.003621        0.031281
     447        0.000100        0.003617        0.031269
     448        0.000100        0.003616        0.031233
     449        0.000100        0.003611        0.031210
     450        0.000100        0.003611        0.031215
     451        0.000100        0.003611        0.031196
     452        0.000100        0.003603        0.031176
     453        0.000100        0.003604        0.031169
     454        0.000100        0.003602        0.031161
     455        0.000100        0.003599        0.031147
     456        0.000100        0.003598        0.031132
     457        0.000100        0.003590        0.031116
     458        0.000100        0.003592        0.031108
     459        0.000100        0.003586        0.031097
     460        0.000100        0.003586        0.031089
     461        0.000100        0.003585        0.031063
     462        0.000100        0.003575        0.031054
     463        0.000100        0.003579        0.031055
     464        0.000100        0.003575        0.031047
     465        0.000100        0.003569        0.031029
     466        0.000100        0.003569        0.031010
     467        0.000100        0.003558        0.030998
     468        0.000100        0.003563        0.030973
     469        0.000100        0.003551        0.030971
     470        0.000100        0.003555        0.030982
     471        0.000100        0.003552        0.030962
     472        0.000100        0.003547        0.030976
     473        0.000100        0.003548        0.030938
     474        0.000100        0.003541        0.030921
     475        0.000100        0.003542        0.030915
     476        0.000100        0.003538        0.030906
     477        0.000100        0.003539        0.030922
     478        0.000100        0.003539        0.030880
     479        0.000100        0.003522        0.030867
     480        0.000100        0.003529        0.030849
     481        0.000100        0.003525        0.030840
     482        0.000100        0.003523        0.030860
     483        0.000100        0.003524        0.030814
     484        0.000100        0.003519        0.030822
     485        0.000100        0.003518        0.030815
     486        0.000100        0.003517        0.030809
     487        0.000100        0.003514        0.030796
     488        0.000100        0.003514        0.030714
     489        0.000100        0.003496        0.030687
     490        0.000100        0.003500        0.030679
     491        0.000100        0.003501        0.030690
     492        0.000100        0.003502        0.030694
     493        0.000100        0.003496        0.030615
     494        0.000100        0.003488        0.030610
     495        0.000100        0.003493        0.030619
     496        0.000100        0.003488        0.030604
     497        0.000100        0.003499        0.030637
     498        0.000100        0.003476        0.030565
     499        0.000100        0.003490        0.030565
     500        0.000100        0.003461        0.030506
     501        0.000100        0.003465        0.030488
     502        0.000100        0.003459        0.030459
     503        0.000100        0.003455        0.030444
     504        0.000100        0.003455        0.030439
     505        0.000100        0.003453        0.030436
     506        0.000100        0.003454        0.030433
     507        0.000100        0.003455        0.030466
     508        0.000100        0.003457        0.030498
     509        0.000100        0.003463        0.030540
     510        0.000100        0.003465        0.030553
     511        0.000100        0.003468        0.030540
     512        0.000100        0.003469        0.030569
     513        0.000100        0.003469        0.030533
     514        0.000100        0.003468        0.030534
     515        0.000100        0.003469        0.030519
     516        0.000100        0.003468        0.030516
     517        0.000100        0.003469        0.030517
     518        0.000100        0.003471        0.030516
     519        0.000100        0.003469        0.030540
     520        0.000100        0.003472        0.030534
     521        0.000100        0.003467        0.030501
     522        0.000100        0.003467        0.030486
     523        0.000100        0.003468        0.030468
     524        0.000100        0.003463        0.030470
     525        0.000100        0.003472        0.030480
     526        0.000100        0.003463        0.030451
     527        0.000100        0.003468        0.030463
     528        0.000100        0.003471        0.030456
     529        0.000100        0.003463        0.030445
     530        0.000100        0.003468        0.030436
     531        0.000100        0.003460        0.030412
     532        0.000100        0.003464        0.030424
     533        0.000100        0.003468        0.030428
     534        0.000100        0.003465        0.030432
     535        0.000100        0.003461        0.030380
     536        0.000100        0.003455        0.030369
     537        0.000100        0.003462        0.030373
     538        0.000100        0.003464        0.030373
     539        0.000100        0.003465        0.030374
     540        0.000100        0.003459        0.030336
     541        0.000100        0.003450        0.030339
     542        0.000100        0.003462        0.030355
     543        0.000100        0.003455        0.030321
     544        0.000100        0.003455        0.030315
     545        0.000100        0.003455        0.030298
     546        0.000100        0.003457        0.030313
     547        0.000100        0.003460        0.030299
     548        0.000100        0.003452        0.030287
     549        0.000100        0.003461        0.030331
     550        0.000100        0.003465        0.030335
     551        0.000100        0.003463        0.030317
     552        0.000100        0.003468        0.030310
     553        0.000100        0.003459        0.030309
     554        0.000100        0.003472        0.030340
     555        0.000100        0.003465        0.030316
     556        0.000100        0.003468        0.030329
     557        0.000100        0.003471        0.030324
     558        0.000100        0.003470        0.030348
     559        0.000100        0.003479        0.030355
     560        0.000100        0.003468        0.030331
     561        0.000100        0.003478        0.030362
     562        0.000100        0.003478        0.030341
     563        0.000100        0.003481        0.030337
     564        0.000100        0.003488        0.030349
     565        0.000100        0.003477        0.030363
     566        0.000100        0.003493        0.030410
     567        0.000100        0.003492        0.030395
     568        0.000100        0.003491        0.030391
     569        0.000100        0.003495        0.030376
     570        0.000100        0.003487        0.030404
     571        0.000100        0.003504        0.030425
     572        0.000100        0.003490        0.030384
     573        0.000100        0.003496        0.030418
     574        0.000100        0.003499        0.030418
     575        0.000100        0.003499        0.030429
     576        0.000100        0.003511        0.030415
     577        0.000100        0.003502        0.030433
     578        0.000100        0.003516        0.030478
     579        0.000100        0.003516        0.030501
     580        0.000100        0.003517        0.030540
     581        0.000100        0.003513        0.030509
     582        0.000100        0.003503        0.030489
     583        0.000100        0.003488        0.030375
     584        0.000100        0.003481        0.030351
     585        0.000100        0.003475        0.030310
     586        0.000100        0.003471        0.030284
     587        0.000100        0.003467        0.030263
     588        0.000100        0.003462        0.030238
     589        0.000100        0.003459        0.030244
     590        0.000100        0.003452        0.030218
     591        0.000100        0.003450        0.030210
     592        0.000100        0.003446        0.030184
     593        0.000100        0.003444        0.030158
     594        0.000100        0.003440        0.030148
     595        0.000100        0.003443        0.030139
     596        0.000100        0.003436        0.030134
     597        0.000100        0.003440        0.030131
     598        0.000100        0.003433        0.030101
     599        0.000100        0.003431        0.030094
     600        0.000100        0.003434        0.030073
     601        0.000100        0.003422        0.030059
     602        0.000100        0.003430        0.030064
     603        0.000100        0.003421        0.030011
     604        0.000100        0.003420        0.030002
     605        0.000100        0.003421        0.029982
     606        0.000100        0.003411        0.029966
     607        0.000100        0.003426        0.029995
     608        0.000100        0.003406        0.029904
     609        0.000100        0.003413        0.029917
     610        0.000100        0.003399        0.029854
     611        0.000100        0.003438        0.029976
     612        0.000100        0.003387        0.029809
     613        0.000100        0.003416        0.029890
     614        0.000100        0.003393        0.029777
     615        0.000100        0.003396        0.029799
     616        0.000100        0.003398        0.029806
     617        0.000100        0.003403        0.029817
     618        0.000100        0.003400        0.029785
     619        0.000100        0.003397        0.029773
     620        0.000100        0.003402        0.029792
     621        0.000100        0.003428        0.029873
     622        0.000100        0.003374        0.029723
     623        0.000100        0.003384        0.029758
     624        0.000100        0.003384        0.029737
     625        0.000100        0.003378        0.029708
     626        0.000100        0.003376        0.029689
     627        0.000100        0.003389        0.029724
     628        0.000100        0.003379        0.029682
     629        0.000100        0.003359        0.029630
     630        0.000100        0.003373        0.029693
     631        0.000100        0.003367        0.029653
     632        0.000100        0.003373        0.029672
     633        0.000100        0.003353        0.029581
     634        0.000100        0.003383        0.029676
     635        0.000100        0.003343        0.029548
     636        0.000100        0.003357        0.029611
     637        0.000100        0.003352        0.029567
     638        0.000100        0.003354        0.029565
     639        0.000100        0.003348        0.029537
     640        0.000100        0.003366        0.029596
     641        0.000100        0.003355        0.029554
     642        0.000100        0.003337        0.029510
     643        0.000100        0.003353        0.029581
     644        0.000100        0.003342        0.029521
     645        0.000100        0.003345        0.029536
     646        0.000100        0.003338        0.029498
     647        0.000100        0.003351        0.029540
     648        0.000100        0.003329        0.029441
     649        0.000100        0.003345        0.029511
     650        0.000100        0.003331        0.029447
     651        0.000100        0.003340        0.029482
     652        0.000100        0.003330        0.029432
     653        0.000100        0.003341        0.029473
     654        0.000100        0.003325        0.029400
     655        0.000100        0.003342        0.029469
     656        0.000100        0.003323        0.029396
     657        0.000100        0.003335        0.029446
     658        0.000100        0.003325        0.029395
     659        0.000100        0.003332        0.029417
     660        0.000100        0.003323        0.029379
     661        0.000100        0.003334        0.029412
     662        0.000100        0.003321        0.029366
     663        0.000100        0.003335        0.029423
     664        0.000100        0.003323        0.029378
     665        0.000100        0.003326        0.029420
     666        0.000100        0.003334        0.029432
     667        0.000100        0.003322        0.029387
     668        0.000100        0.003328        0.029409
     669        0.000100        0.003332        0.029443
     670        0.000100        0.003339        0.029494
     671        0.000100        0.003346        0.029549
     672        0.000100        0.003354        0.029616
     673        0.000100        0.003360        0.029681
     674        0.000100        0.003366        0.029711
     675        0.000100        0.003370        0.029744
     676        0.000100        0.003374        0.029735
     677        0.000100        0.003383        0.029815
     678        0.000100        0.003385        0.029790
     679        0.000100        0.003390        0.029826
     680        0.000100        0.003392        0.029832
     681        0.000100        0.003394        0.029870
     682        0.000100        0.003394        0.029855
     683        0.000100        0.003395        0.029866
     684        0.000100        0.003391        0.029864
     685        0.000100        0.003389        0.029820
     686        0.000100        0.003397        0.029861
     687        0.000100        0.003399        0.029867
     688        0.000100        0.003401        0.029871
     689        0.000100        0.003400        0.029868
     690        0.000100        0.003398        0.029854
     691        0.000100        0.003396        0.029849
     692        0.000100        0.003398        0.029839
     693        0.000100        0.003406        0.029854
     694        0.000100        0.003412        0.029850
     695        0.000100        0.003410        0.029842
     696        0.000100        0.003414        0.029934
     697        0.000100        0.003405        0.029833
     698        0.000100        0.003406        0.029838
     699        0.000100        0.003406        0.029822
     700        0.000100        0.003408        0.029812
     701        0.000100        0.003409        0.029821
     702        0.000100        0.003413        0.029821
     703        0.000100        0.003416        0.029847
     704        0.000100        0.003421        0.029857
     705        0.000100        0.003420        0.029831
     706        0.000100        0.003422        0.029817
     707        0.000100        0.003415        0.029820
     708        0.000100        0.003407        0.029698
     709        0.000100        0.003417        0.029779
     710        0.000100        0.003424        0.029784
     711        0.000100        0.003429        0.029801
     712        0.000100        0.003432        0.029790
     713        0.000100        0.003429        0.029775
     714        0.000100        0.003426        0.029734
     715        0.000100        0.003425        0.029726
     716        0.000100        0.003419        0.029608
     717        0.000100        0.003432        0.029731
     718        0.000100        0.003431        0.029662
     719        0.000100        0.003431        0.029646
     720        0.000100        0.003436        0.029673
     721        0.000100        0.003429        0.029607
     722        0.000100        0.003430        0.029597
     723        0.000100        0.003426        0.029562
     724        0.000100        0.003428        0.029559
     725        0.000100        0.003425        0.029538
     726        0.000100        0.003426        0.029529
     727        0.000100        0.003430        0.029597
     728        0.000100        0.003420        0.029495
     729        0.000100        0.003420        0.029488
     730        0.000100        0.003416        0.029444
     731        0.000100        0.003415        0.029430
     732        0.000100        0.003416        0.029428
     733        0.000100        0.003419        0.029433
     734        0.000100        0.003423        0.029426
     735        0.000100        0.003426        0.029444
     736        0.000100        0.003416        0.029358
     737        0.000100        0.003419        0.029399
     738        0.000100        0.003410        0.029354
     739        0.000100        0.003405        0.029287
     740        0.000100        0.003408        0.029285
     741        0.000100        0.003408        0.029286
     742        0.000100        0.003410        0.029280
     743        0.000100        0.003409        0.029273
     744        0.000100        0.003412        0.029260
     745        0.000100        0.003411        0.029249
     746        0.000100        0.003410        0.029222
     747        0.000100        0.003400        0.029189
     748        0.000100        0.003392        0.029145
     749        0.000100        0.003396        0.029198
     750        0.000100        0.003389        0.029133
     751        0.000100        0.003394        0.029160
     752        0.000100        0.003396        0.029157
     753        0.000100        0.003395        0.029137
     754        0.000100        0.003396        0.029117
     755        0.000100        0.003393        0.029095
     756        0.000100        0.003394        0.029117
     757        0.000100        0.003387        0.029061
     758        0.000100        0.003391        0.029079
     759        0.000100        0.003389        0.029063
     760        0.000100        0.003391        0.029063
     761        0.000100        0.003390        0.029047
     762        0.000100        0.003388        0.029024
     763        0.000100        0.003387        0.029044
     764        0.000100        0.003383        0.029019
     765        0.000100        0.003382        0.029015
     766        0.000100        0.003382        0.029005
     767        0.000100        0.003382        0.028997
     768        0.000100        0.003383        0.028991
     769        0.000100        0.003382        0.028965
     770        0.000100        0.003382        0.028976
     771        0.000100        0.003380        0.028969
     772        0.000100        0.003380        0.028959
     773        0.000100        0.003378        0.028949
     774        0.000100        0.003378        0.028943
     775        0.000100        0.003378        0.028944
     776        0.000100        0.003376        0.028913
     777        0.000100        0.003374        0.028889
     778        0.000100        0.003377        0.028904
     779        0.000100        0.003378        0.028909
     780        0.000100        0.003376        0.028902
     781        0.000100        0.003374        0.028891
     782        0.000100        0.003370        0.028883
     783        0.000100        0.003371        0.028876
     784        0.000100        0.003365        0.028833
     785        0.000100        0.003368        0.028839
     786        0.000100        0.003369        0.028842
     787        0.000100        0.003373        0.028849
     788        0.000100        0.003372        0.028847
     789        0.000100        0.003365        0.028809
     790        0.000100        0.003372        0.028821
     791        0.000100        0.003370        0.028807
     792        0.000100        0.003373        0.028801
     793        0.000100        0.003366        0.028800
     794        0.000100        0.003366        0.028792
     795        0.000100        0.003367        0.028816
     796        0.000100        0.003359        0.028755
     797        0.000100        0.003361        0.028754
     798        0.000100        0.003363        0.028749
     799        0.000100        0.003371        0.028771
     800        0.000100        0.003361        0.028744
     801        0.000100        0.003359        0.028739
     802        0.000100        0.003366        0.028768
     803        0.000100        0.003355        0.028723
     804        0.000100        0.003361        0.028740
     805        0.000100        0.003352        0.028691
     806        0.000100        0.003369        0.028756
     807        0.000100        0.003345        0.028648
     808        0.000100        0.003351        0.028689
     809        0.000100        0.003348        0.028654
     810        0.000100        0.003345        0.028630
     811        0.000100        0.003351        0.028648
     812        0.000100        0.003356        0.028659
     813        0.000100        0.003354        0.028660
     814        0.000100        0.003338        0.028592
     815        0.000100        0.003350        0.028651
     816        0.000100        0.003340        0.028608
     817        0.000100        0.003342        0.028611
     818        0.000100        0.003336        0.028573
     819        0.000100        0.003351        0.028633
     820        0.000100        0.003327        0.028523
     821        0.000100        0.003336        0.028574
     822        0.000100        0.003329        0.028523
     823        0.000100        0.003328        0.028520
     824        0.000100        0.003331        0.028535
     825        0.000100        0.003338        0.028552
     826        0.000100        0.003327        0.028509
     827        0.000100        0.003333        0.028512
     828        0.000100        0.003342        0.028576
     829        0.000100        0.003316        0.028457
     830        0.000100        0.003324        0.028493
     831        0.000100        0.003327        0.028495
     832        0.000100        0.003326        0.028483
     833        0.000100        0.003318        0.028439
     834        0.000100        0.003334        0.028503
     835        0.000100        0.003312        0.028409
     836        0.000100        0.003322        0.028462
     837        0.000100        0.003314        0.028412
     838        0.000100        0.003315        0.028415
     839        0.000100        0.003317        0.028420
     840        0.000100        0.003323        0.028434
     841        0.000100        0.003313        0.028397
     842        0.000100        0.003328        0.028446
     843        0.000100        0.003320        0.028431
     844        0.000100        0.003307        0.028380
     845        0.000100        0.003318        0.028406
     846        0.000100        0.003316        0.028396
     847        0.000100        0.003324        0.028423
     848        0.000100        0.003306        0.028346
     849        0.000100        0.003319        0.028415
     850        0.000100        0.003304        0.028351
     851        0.000100        0.003307        0.028380
     852        0.000100        0.003304        0.028372
     853        0.000100        0.003303        0.028382
     854        0.000100        0.003304        0.028396
     855        0.000100        0.003306        0.028409
     856        0.000100        0.003311        0.028428
     857        0.000100        0.003315        0.028423
     858        0.000100        0.003317        0.028420
     859        0.000100        0.003317        0.028408
     860        0.000100        0.003319        0.028402
     861        0.000100        0.003319        0.028397
     862        0.000100        0.003323        0.028398
     863        0.000100        0.003324        0.028397
     864        0.000100        0.003327        0.028394
     865        0.000100        0.003329        0.028400
     866        0.000100        0.003329        0.028392
     867        0.000100        0.003331        0.028402
     868        0.000100        0.003333        0.028400
     869        0.000100        0.003338        0.028396
     870        0.000100        0.003345        0.028421
     871        0.000100        0.003341        0.028379
     872        0.000100        0.003350        0.028408
     873        0.000100        0.003350        0.028406
     874        0.000100        0.003349        0.028391
     875        0.000100        0.003355        0.028410
     876        0.000100        0.003350        0.028373
     877        0.000100        0.003361        0.028408
     878        0.000100        0.003355        0.028380
     879        0.000100        0.003359        0.028391
     880        0.000100        0.003367        0.028423
     881        0.000100        0.003365        0.028397
     882        0.000100        0.003367        0.028407
     883        0.000100        0.003363        0.028381
     884        0.000100        0.003371        0.028390
     885        0.000100        0.003380        0.028421
     886        0.000100        0.003379        0.028407
     887        0.000100        0.003377        0.028404
     888        0.000100        0.003373        0.028382
     889        0.000100        0.003381        0.028406
     890        0.000100        0.003384        0.028414
     891        0.000100        0.003381        0.028396
     892        0.000100        0.003386        0.028408
     893        0.000100        0.003391        0.028398
     894        0.000100        0.003387        0.028388
     895        0.000100        0.003382        0.028379
     896        0.000100        0.003394        0.028405
     897        0.000100        0.003397        0.028417
     898        0.000100        0.003399        0.028414
     899        0.000100        0.003397        0.028408
     900        0.000100        0.003398        0.028389
     901        0.000100        0.003404        0.028401
     902        0.000100        0.003396        0.028379
     903        0.000100        0.003403        0.028401
     904        0.000100        0.003409        0.028423
     905        0.000100        0.003409        0.028417
     906        0.000100        0.003406        0.028414
     907        0.000100        0.003407        0.028386
     908        0.000100        0.003412        0.028407
     909        0.000100        0.003409        0.028393
     910        0.000100        0.003415        0.028408
     911        0.000100        0.003408        0.028388
     912        0.000100        0.003424        0.028428
     913        0.000100        0.003419        0.028425
     914        0.000100        0.003408        0.028387
     915        0.000100        0.003429        0.028428
     916        0.000100        0.003420        0.028408
     917        0.000100        0.003422        0.028388
     918        0.000100        0.003429        0.028411
     919        0.000100        0.003424        0.028404
     920        0.000100        0.003427        0.028405
     921        0.000100        0.003423        0.028398
     922        0.000100        0.003432        0.028409
     923        0.000100        0.003441        0.028444
     924        0.000100        0.003428        0.028403
     925        0.000100        0.003447        0.028431
     926        0.000100        0.003442        0.028409
     927        0.000100        0.003444        0.028416
     928        0.000100        0.003448        0.028421
     929        0.000100        0.003446        0.028404
     930        0.000100        0.003446        0.028405
     931        0.000100        0.003437        0.028363
     932        0.000100        0.003434        0.028346
     933        0.000100        0.003425        0.028310
     934        0.000100        0.003423        0.028308
     935        0.000100        0.003416        0.028286
     936        0.000100        0.003416        0.028292
     937        0.000100        0.003410        0.028276
     938        0.000100        0.003410        0.028284
     939        0.000100        0.003404        0.028268
     940        0.000100        0.003404        0.028265
     941        0.000100        0.003400        0.028243
     942        0.000100        0.003397        0.028248
     943        0.000100        0.003398        0.028249
     944        0.000100        0.003393        0.028249
     945        0.000100        0.003394        0.028249
     946        0.000100        0.003398        0.028260
     947        0.000100        0.003390        0.028236
     948        0.000100        0.003390        0.028231
     949        0.000100        0.003384        0.028214
     950        0.000100        0.003389        0.028226
     951        0.000100        0.003417        0.028356
     952        0.000100        0.003393        0.028247
     953        0.000100        0.003399        0.028253
     954        0.000100        0.003401        0.028235
     955        0.000100        0.003395        0.028213
     956        0.000100        0.003397        0.028211
     957        0.000100        0.003394        0.028201
     958        0.000100        0.003388        0.028196
     959        0.000100        0.003394        0.028208
     960        0.000100        0.003394        0.028201
     961        0.000100        0.003384        0.028176
     962        0.000100        0.003390        0.028193
     963        0.000100        0.003381        0.028157
     964        0.000100        0.003396        0.028202
     965        0.000100        0.003378        0.028129
     966        0.000100        0.003396        0.028211
     967        0.000100        0.003384        0.028128
     968        0.000100        0.003385        0.028140
     969        0.000100        0.003384        0.028138
     970        0.000100        0.003383        0.028136
     971        0.000100        0.003376        0.028121
     972        0.000100        0.003375        0.028113
     973        0.000100        0.003400        0.028223
     974        0.000100        0.003368        0.028092
     975        0.000100        0.003383        0.028125
     976        0.000100        0.003372        0.028100
     977        0.000100        0.003370        0.028098
     978        0.000100        0.003369        0.028074
     979        0.000100        0.003365        0.028065
     980        0.000100        0.003371        0.028078
     981        0.000100        0.003365        0.028073
     982        0.000100        0.003359        0.028031
     983        0.000100        0.003365        0.028059
     984        0.000100        0.003359        0.028033
     985        0.000100        0.003360        0.028038
     986        0.000100        0.003354        0.028017
     987        0.000100        0.003363        0.028051
     988        0.000100        0.003350        0.027989
     989        0.000100        0.003356        0.028008
     990        0.000100        0.003350        0.027970
     991        0.000100        0.003349        0.027976
     992        0.000100        0.003349        0.027973
     993        0.000100        0.003348        0.027972
     994        0.000100        0.003346        0.027963
     995        0.000100        0.003346        0.027953
     996        0.000100        0.003349        0.027978
     997        0.000100        0.003341        0.027944
     998        0.000100        0.003343        0.027949
     999        0.000100        0.003342        0.027945
    1000        0.000100        0.003341        0.027954
    1001        0.000100        0.003338        0.027945
    1002        0.000100        0.003338        0.027939
    1003        0.000100        0.003339        0.027968
    1004        0.000100        0.003334        0.027955
    1005        0.000100        0.003337        0.027995
    1006        0.000100        0.003341        0.028025
    1007        0.000100        0.003345        0.028006
    1008        0.000100        0.003352        0.028003
    1009        0.000100        0.003352        0.028002
    1010        0.000100        0.003355        0.028002
    1011        0.000100        0.003355        0.028005
    1012        0.000100        0.003356        0.027993
    1013        0.000100        0.003356        0.027991
    1014        0.000100        0.003357        0.027977
    1015        0.000100        0.003357        0.027985
    1016        0.000100        0.003358        0.027983
    1017        0.000100        0.003358        0.027996
    1018        0.000100        0.003362        0.027980
    1019        0.000100        0.003361        0.027997
    1020        0.000100        0.003363        0.027980
    1021        0.000100        0.003362        0.027981
    1022        0.000100        0.003366        0.027975
    1023        0.000100        0.003365        0.027996
    1024        0.000100        0.003370        0.027990
    1025        0.000100        0.003368        0.028002
    1026        0.000100        0.003372        0.027990
    1027        0.000100        0.003369        0.027982
    1028        0.000100        0.003374        0.027979
    1029        0.000100        0.003370        0.027976
    1030        0.000100        0.003380        0.027992
    1031        0.000100        0.003375        0.027993
    1032        0.000100        0.003385        0.028010
    1033        0.000100        0.003378        0.027999
    1034        0.000100        0.003387        0.028008
    1035        0.000100        0.003380        0.027982
    1036        0.000100        0.003385        0.027991
    1037        0.000100        0.003391        0.028017
    1038        0.000100        0.003383        0.027970
    1039        0.000100        0.003387        0.027985
    1040        0.000100        0.003390        0.027990
    1041        0.000100        0.003395        0.028003
    1042        0.000100        0.003397        0.028007
    1043        0.000100        0.003395        0.028025
    1044        0.000100        0.003409        0.028049
    1045        0.000100        0.003410        0.028067
    1046        0.000100        0.003411        0.028036
    1047        0.000100        0.003413        0.028047
    1048        0.000100        0.003413        0.028047
    1049        0.000100        0.003414        0.028057
    1050        0.000100        0.003416        0.028044
    1051        0.000100        0.003415        0.028062
    1052        0.000100        0.003421        0.028049
    1053        0.000100        0.003422        0.028049
    1054        0.000100        0.003423        0.028063
    1055        0.000100        0.003429        0.028045
    1056        0.000100        0.003429        0.028056
    1057        0.000100        0.003430        0.028066
    1058        0.000100        0.003430        0.028070
    1059        0.000100        0.003430        0.028067
    1060        0.000100        0.003433        0.028065
    1061        0.000100        0.003432        0.028089
    1062        0.000100        0.003446        0.028085
    1063        0.000100        0.003441        0.028078
    1064        0.000100        0.003451        0.028142
    1065        0.000100        0.003457        0.028149
    1066        0.000100        0.003457        0.028168
    1067        0.000100        0.003454        0.028161
    1068        0.000100        0.003453        0.028150
    1069        0.000100        0.003454        0.028148
    1070        0.000100        0.003458        0.028150
    1071        0.000100        0.003462        0.028165
    1072        0.000100        0.003468        0.028177
    1073        0.000100        0.003473        0.028225
    1074        0.000100        0.003478        0.028261
    1075        0.000100        0.003478        0.028251
    1076        0.000100        0.003485        0.028287
    1077        0.000100        0.003490        0.028289
    1078        0.000100        0.003499        0.028310
    1079        0.000100        0.003503        0.028324
    1080        0.000100        0.003505        0.028319
    1081        0.000100        0.003508        0.028341
    1082        0.000100        0.003504        0.028293
    1083        0.000100        0.003514        0.028366
    1084        0.000100        0.003514        0.028313
    1085        0.000100        0.003518        0.028319
    1086        0.000100        0.003520        0.028286
    1087        0.000100        0.003515        0.028244
    1088        0.000100        0.003523        0.028273
    1089        0.000100        0.003520        0.028244
    1090        0.000100        0.003523        0.028245
    1091        0.000100        0.003522        0.028244
    1092        0.000100        0.003521        0.028217
    1093        0.000100        0.003519        0.028199
    1094        0.000100        0.003515        0.028154
    1095        0.000100        0.003517        0.028175
    1096        0.000100        0.003516        0.028137
    1097        0.000100        0.003520        0.028154
    1098        0.000100        0.003521        0.028139
    1099        0.000100        0.003520        0.028146
    1100        0.000100        0.003514        0.028112
    1101        0.000100        0.003509        0.028073
    1102        0.000100        0.003511        0.028067
    1103        0.000100        0.003508        0.028046
    1104        0.000100        0.003507        0.028033
    1105        0.000100        0.003506        0.028025
    1106        0.000100        0.003511        0.028030
    1107        0.000100        0.003515        0.028031
    1108        0.000100        0.003515        0.028012
    1109        0.000100        0.003508        0.027989
    1110        0.000100        0.003499        0.027951
    1111        0.000100        0.003496        0.027923
    1112        0.000100        0.003499        0.027929
    1113        0.000100        0.003498        0.027924
    1114        0.000100        0.003499        0.027922
    1115        0.000100        0.003499        0.027918
    1116        0.000100        0.003501        0.027916
    1117        0.000100        0.003501        0.027907
    1118        0.000100        0.003503        0.027898
    1119        0.000100        0.003503        0.027880
    1120        0.000100        0.003498        0.027869
    1121        0.000100        0.003488        0.027857
    1122        0.000100        0.003491        0.027842
    1123        0.000100        0.003493        0.027865
    1124        0.000100        0.003497        0.027852
    1125        0.000100        0.003498        0.027858
    1126        0.000100        0.003500        0.027854
    1127        0.000100        0.003498        0.027849
    1128        0.000100        0.003499        0.027836
    1129        0.000100        0.003497        0.027817
    1130        0.000100        0.003499        0.027848
    1131        0.000100        0.003498        0.027822
    1132        0.000100        0.003499        0.027830
    1133        0.000100        0.003499        0.027825
    1134        0.000100        0.003499        0.027826
    1135        0.000100        0.003500        0.027821
    1136        0.000100        0.003503        0.027815
    1137        0.000100        0.003505        0.027848
    1138        0.000100        0.003505        0.027818
    1139        0.000100        0.003506        0.027831
    1140        0.000100        0.003506        0.027823
    1141        0.000100        0.003505        0.027825
    1142        0.000100        0.003508        0.027809
    1143        0.000100        0.003509        0.027818
    1144        0.000100        0.003511        0.027843
    1145        0.000100        0.003515        0.027814
    1146        0.000100        0.003514        0.027817
    1147        0.000100        0.003513        0.027814
    1148        0.000100        0.003511        0.027820
    1149        0.000100        0.003514        0.027808
    1150        0.000100        0.003513        0.027810
    1151        0.000100        0.003515        0.027831
    1152        0.000100        0.003513        0.027796
    1153        0.000100        0.003513        0.027787
    1154        0.000100        0.003513        0.027785
    1155        0.000100        0.003513        0.027788
    1156        0.000100        0.003514        0.027783
    1157        0.000100        0.003512        0.027788
    1158        0.000100        0.003512        0.027784
    1159        0.000100        0.003515        0.027777
    1160        0.000100        0.003508        0.027757
    1161        0.000100        0.003512        0.027762
    1162        0.000100        0.003512        0.027775
    1163        0.000100        0.003516        0.027780
    1164        0.000100        0.003515        0.027789
    1165        0.000100        0.003518        0.027779
    1166        0.000100        0.003516        0.027754
    1167        0.000100        0.003510        0.027726
    1168        0.000100        0.003512        0.027719
    1169        0.000100        0.003514        0.027727
    1170        0.000100        0.003514        0.027729
    1171        0.000100        0.003515        0.027729
    1172        0.000100        0.003516        0.027744
    1173        0.000100        0.003515        0.027743
    1174        0.000100        0.003512        0.027708
    1175        0.000100        0.003512        0.027692
    1176        0.000100        0.003511        0.027697
    1177        0.000100        0.003511        0.027695
    1178        0.000100        0.003511        0.027695
    1179        0.000100        0.003510        0.027701
    1180        0.000100        0.003510        0.027681
    1181        0.000100        0.003507        0.027680
    1182        0.000100        0.003503        0.027673
    1183        0.000100        0.003505        0.027655
    1184        0.000100        0.003505        0.027653
    1185        0.000100        0.003505        0.027656
    1186        0.000100        0.003505        0.027663
    1187        0.000100        0.003504        0.027648
    1188        0.000100        0.003504        0.027643
    1189        0.000100        0.003500        0.027649
    1190        0.000100        0.003500        0.027622
    1191        0.000100        0.003498        0.027622
    1192        0.000100        0.003498        0.027620
    1193        0.000100        0.003499        0.027626
    1194        0.000100        0.003497        0.027621
    1195        0.000100        0.003500        0.027625
    1196        0.000100        0.003497        0.027619
    1197        0.000100        0.003500        0.027609
    1198        0.000100        0.003498        0.027610
    1199        0.000100        0.003499        0.027614
    1200        0.000100        0.003499        0.027618
    1201        0.000100        0.003500        0.027617
    1202        0.000100        0.003502        0.027628
    1203        0.000100        0.003497        0.027601
    1204        0.000100        0.003496        0.027605
    1205        0.000100        0.003498        0.027621
    1206        0.000100        0.003497        0.027621
    1207        0.000100        0.003498        0.027624
    1208        0.000100        0.003497        0.027626
    1209        0.000100        0.003500        0.027626
    1210        0.000100        0.003504        0.027632
    1211        0.000100        0.003509        0.027640
    1212        0.000100        0.003507        0.027637
    1213        0.000100        0.003503        0.027637
    1214        0.000100        0.003502        0.027636
    1215        0.000100        0.003506        0.027641
    1216        0.000100        0.003505        0.027648
    1217        0.000100        0.003507        0.027646
    1218        0.000100        0.003505        0.027646
    1219        0.000100        0.003507        0.027646
    1220        0.000100        0.003505        0.027644
    1221        0.000100        0.003507        0.027638
    1222        0.000100        0.003505        0.027649
    1223        0.000100        0.003505        0.027631
    1224        0.000100        0.003511        0.027664
    1225        0.000100        0.003510        0.027659
    1226        0.000100        0.003507        0.027633
    1227        0.000100        0.003508        0.027628
    1228        0.000100        0.003507        0.027624
    1229        0.000100        0.003509        0.027624
    1230        0.000100        0.003507        0.027623
    1231        0.000100        0.003505        0.027618
    1232        0.000100        0.003502        0.027610
    1233        0.000100        0.003508        0.027600
    1234        0.000100        0.003512        0.027629
    1235        0.000100        0.003513        0.027584
    1236        0.000100        0.003509        0.027574
    1237        0.000100        0.003508        0.027587
    1238        0.000100        0.003507        0.027585
    1239        0.000100        0.003510        0.027583
    1240        0.000100        0.003512        0.027584
    1241        0.000100        0.003517        0.027588
    1242        0.000100        0.003518        0.027588
    1243        0.000100        0.003520        0.027587
    1244        0.000100        0.003518        0.027588
    1245        0.000100        0.003515        0.027540
    1246        0.000100        0.003518        0.027551
    1247        0.000100        0.003521        0.027580
    1248        0.000100        0.003524        0.027583
    1249        0.000100        0.003531        0.027586
    1250        0.000100        0.003533        0.027582
    1251        0.000100        0.003535        0.027574
    1252        0.000100        0.003533        0.027566
    1253        0.000100        0.003538        0.027570
    1254        0.000100        0.003538        0.027584
    1255        0.000100        0.003540        0.027567
    1256        0.000100        0.003540        0.027570
    1257        0.000100        0.003543        0.027568
    1258        0.000100        0.003546        0.027572
    1259        0.000100        0.003545        0.027565
    1260        0.000100        0.003549        0.027554
    1261        0.000100        0.003545        0.027544
    1262        0.000100        0.003549        0.027546
    1263        0.000100        0.003547        0.027546
    1264        0.000100        0.003551        0.027565
    1265        0.000100        0.003551        0.027552
    1266        0.000100        0.003551        0.027547
    1267        0.000100        0.003550        0.027539
    1268        0.000100        0.003550        0.027528
    1269        0.000100        0.003553        0.027522
    1270        0.000100        0.003553        0.027532
    1271        0.000100        0.003558        0.027558
    1272        0.000100        0.003557        0.027535
    1273        0.000100        0.003554        0.027525
    1274        0.000100        0.003555        0.027525
    1275        0.000100        0.003555        0.027521
    1276        0.000100        0.003558        0.027525
    1277        0.000100        0.003563        0.027516
    1278        0.000100        0.003568        0.027559
    1279        0.000100        0.003568        0.027538
    1280        0.000100        0.003570        0.027545
    1281        0.000100        0.003570        0.027535
    1282        0.000100        0.003569        0.027531
    1283        0.000100        0.003574        0.027553
    1284        0.000100        0.003577        0.027531
    1285        0.000100        0.003575        0.027532
    1286        0.000100        0.003579        0.027528
    1287        0.000100        0.003578        0.027535
    1288        0.000100        0.003582        0.027534
    1289        0.000100        0.003584        0.027538
    1290        0.000100        0.003597        0.027644
    1291        0.000100        0.003599        0.027572
    1292        0.000100        0.003606        0.027600
    1293        0.000100        0.003603        0.027583
    1294        0.000100        0.003606        0.027588
    1295        0.000100        0.003603        0.027565
    1296        0.000100        0.003601        0.027573
    1297        0.000100        0.003609        0.027588
    1298        0.000100        0.003611        0.027579
    1299        0.000100        0.003609        0.027583
    1300        0.000100        0.003616        0.027581
    1301        0.000100        0.003613        0.027583
    1302        0.000100        0.003618        0.027579
    1303        0.000100        0.003615        0.027591
    1304        0.000100        0.003624        0.027603
    1305        0.000100        0.003639        0.027659
    1306        0.000100        0.003630        0.027628
    1307        0.000100        0.003634        0.027624
    1308        0.000100        0.003629        0.027602
    1309        0.000100        0.003628        0.027605
    1310        0.000100        0.003632        0.027602
    1311        0.000100        0.003631        0.027602
    1312        0.000100        0.003643        0.027652
    1313        0.000100        0.003643        0.027647
    1314        0.000100        0.003645        0.027654
    1315        0.000100        0.003642        0.027643
    1316        0.000100        0.003644        0.027646
    1317        0.000100        0.003656        0.027683
    1318        0.000100        0.003656        0.027691
    1319        0.000100        0.003677        0.027806
    1320        0.000100        0.003682        0.027847
    1321        0.000100        0.003691        0.027920
    1322        0.000100        0.003688        0.027928
    1323        0.000100        0.003687        0.027930
    1324        0.000100        0.003687        0.027951
    1325        0.000100        0.003681        0.027888
    1326        0.000100        0.003684        0.027947
    1327        0.000100        0.003683        0.027933
    1328        0.000100        0.003685        0.027961
    1329        0.000100        0.003683        0.027933
    1330        0.000100        0.003680        0.027912
    1331        0.000100        0.003686        0.027983
    1332        0.000100        0.003675        0.027863
    1333        0.000100        0.003681        0.027877
    1334        0.000100        0.003680        0.027839
    1335        0.000100        0.003681        0.027818
    1336        0.000100        0.003681        0.027814
    1337        0.000100        0.003678        0.027782
    1338        0.000100        0.003680        0.027813
    1339        0.000100        0.003673        0.027711
    1340        0.000100        0.003689        0.027810
    1341        0.000100        0.003688        0.027743
    1342        0.000100        0.003687        0.027725
    1343        0.000100        0.003696        0.027779
    1344        0.000100        0.003692        0.027712
    1345        0.000100        0.003695        0.027758
    1346        0.000100        0.003695        0.027727
    1347        0.000100        0.003689        0.027711
    1348        0.000100        0.003694        0.027730
    1349        0.000100        0.003683        0.027643
    1350        0.000100        0.003695        0.027725
    1351        0.000100        0.003689        0.027662
    1352        0.000100        0.003691        0.027694
    1353        0.000100        0.003696        0.027710
    1354        0.000100        0.003681        0.027636
    1355        0.000100        0.003691        0.027705
    1356        0.000100        0.003684        0.027650
    1357        0.000100        0.003684        0.027649
    1358        0.000100        0.003683        0.027649
    1359        0.000100        0.003678        0.027634
    1360        0.000100        0.003685        0.027692
    1361        0.000100        0.003674        0.027615
    1362        0.000100        0.003676        0.027650
    1363        0.000100        0.003675        0.027633
    1364        0.000100        0.003674        0.027624
    1365        0.000100        0.003676        0.027623
    1366        0.000100        0.003673        0.027594
    1367        0.000100        0.003681        0.027679
    1368        0.000100        0.003673        0.027595
    1369        0.000100        0.003679        0.027647
    1370        0.000100        0.003680        0.027639
    1371        0.000100        0.003678        0.027627
    1372        0.000100        0.003687        0.027663
    1373        0.000100        0.003676        0.027586
    1374        0.000100        0.003685        0.027647
    1375        0.000100        0.003683        0.027625
    1376        0.000100        0.003688        0.027647
    1377        0.000100        0.003693        0.027656
    1378        0.000100        0.003684        0.027611
    1379        0.000100        0.003697        0.027667
    1380        0.000100        0.003696        0.027629
    1381        0.000100        0.003699        0.027632
    1382        0.000100        0.003701        0.027633
    1383        0.000100        0.003697        0.027622
    1384        0.000100        0.003704        0.027660
    1385        0.000100        0.003697        0.027600
    1386        0.000100        0.003704        0.027635
    1387        0.000100        0.003707        0.027630
    1388        0.000100        0.003707        0.027613
    1389        0.000100        0.003708        0.027604
    1390        0.000100        0.003703        0.027581
    1391        0.000100        0.003709        0.027623
    1392        0.000100        0.003708        0.027583
    1393        0.000100        0.003710        0.027606
    1394        0.000100        0.003713        0.027597
    1395        0.000100        0.003708        0.027594
    1396        0.000100        0.003711        0.027582
    1397        0.000100        0.003706        0.027543
    1398        0.000100        0.003709        0.027562
    1399        0.000100        0.003711        0.027583
    1400        0.000100        0.003712        0.027575
    1401        0.000100        0.003713        0.027568
    1402        0.000100        0.003710        0.027574
    1403        0.000100        0.003710        0.027554
    1404        0.000100        0.003713        0.027553
    1405        0.000100        0.003709        0.027538
    1406        0.000100        0.003711        0.027537
    1407        0.000100        0.003711        0.027566
    1408        0.000100        0.003710        0.027536
    1409        0.000100        0.003709        0.027533
    1410        0.000100        0.003708        0.027537
    1411        0.000100        0.003712        0.027540
    1412        0.000100        0.003710        0.027518
    1413        0.000100        0.003715        0.027525
    1414        0.000100        0.003716        0.027551
    1415        0.000100        0.003713        0.027515
    1416        0.000100        0.003721        0.027557
    1417        0.000100        0.003716        0.027526
    1418        0.000100        0.003723        0.027547
    1419        0.000100        0.003722        0.027539
    1420        0.000100        0.003726        0.027522
    1421        0.000100        0.003726        0.027535
    1422        0.000100        0.003729        0.027531
    1423        0.000100        0.003730        0.027545
    1424        0.000100        0.003733        0.027526
    1425        0.000100        0.003741        0.027574
    1426        0.000100        0.003740        0.027548
    1427        0.000100        0.003745        0.027532
    1428        0.000100        0.003742        0.027530
    1429        0.000100        0.003745        0.027525
    1430        0.000100        0.003754        0.027570
    1431        0.000100        0.003756        0.027550
    1432        0.000100        0.003761        0.027560
    1433        0.000100        0.003760        0.027565
    1434        0.000100        0.003761        0.027547
    1435        0.000100        0.003766        0.027554
    1436        0.000100        0.003766        0.027530
    1437        0.000100        0.003773        0.027549
    1438        0.000100        0.003769        0.027542
    1439        0.000100        0.003775        0.027559
    1440        0.000100        0.003778        0.027549
    1441        0.000100        0.003775        0.027543
    1442        0.000100        0.003781        0.027538
    1443        0.000100        0.003775        0.027527
    1444        0.000100        0.003783        0.027534
    1445        0.000100        0.003778        0.027506
    1446        0.000100        0.003781        0.027523
    1447        0.000100        0.003782        0.027517
    1448        0.000100        0.003785        0.027530
    1449        0.000100        0.003786        0.027512
    1450        0.000100        0.003785        0.027493
    1451        0.000100        0.003786        0.027497
    1452        0.000100        0.003787        0.027471
    1453        0.000100        0.003789        0.027479
    1454        0.000100        0.003789        0.027465
    1455        0.000100        0.003792        0.027468
    1456        0.000100        0.003782        0.027431
    1457        0.000100        0.003782        0.027422
    1458        0.000100        0.003777        0.027421
    1459        0.000100        0.003776        0.027411
    1460        0.000100        0.003775        0.027417
    1461        0.000100        0.003777        0.027418
    1462        0.000100        0.003778        0.027416
