       0        0.000100     3512.810247       58.722908
       1        0.000100     2733.260177       51.669888
       2        0.000100     1919.990491       43.109966
       3        0.000100     1202.391873       33.780617
       4        0.000100      664.171495       24.523052
       5        0.000100      330.513355       16.448599
       6        0.000100      164.174065       10.926977
       7        0.000100       97.261531        8.140715
       8        0.000100       73.297055        6.963101
       9        0.000100       63.209123        6.404430
      10        0.000100       56.805774        6.032715
      11        0.000100       51.456979        5.717124
      12        0.000100       46.620616        5.425048
      13        0.000100       42.193570        5.147106
      14        0.000100       38.147123        4.881609
      15        0.000100       34.460924        4.627521
      16        0.000100       31.113510        4.385263
      17        0.000100       28.081008        4.155598
      18        0.000100       25.338340        3.938199
      19        0.000100       22.860117        3.731867
      20        0.000100       20.621614        3.536445
      21        0.000100       18.599585        3.350654
      22        0.000100       16.772816        3.174838
      23        0.000100       15.122292        3.009150
      24        0.000100       13.631349        2.852670
      25        0.000100       12.285508        2.704451
      26        0.000100       11.072224        2.563860
      27        0.000100        9.980558        2.431003
      28        0.000100        9.000784        2.306005
      29        0.000100        8.124032        2.188577
      30        0.000100        7.342024        2.078533
      31        0.000100        6.646857        1.975739
      32        0.000100        6.030918        1.880604
      33        0.000100        5.486699        1.792534
      34        0.000100        5.006917        1.711202
      35        0.000100        4.584532        1.636983
      36        0.000100        4.212837        1.569241
      37        0.000100        3.885529        1.506883
      38        0.000100        3.596786        1.449590
      39        0.000100        3.341302        1.396814
      40        0.000100        3.114353        1.348096
      41        0.000100        2.911796        1.302679
      42        0.000100        2.730059        1.260462
      43        0.000100        2.566108        1.221145
      44        0.000100        2.417409        1.184472
      45        0.000100        2.281863        1.149981
      46        0.000100        2.157752        1.117274
      47        0.000100        2.043669        1.086275
      48        0.000100        1.938474        1.057133
      49        0.000100        1.841222        1.029329
      50        0.000100        1.751137        1.002775
      51        0.000100        1.667562        0.977621
      52        0.000100        1.589936        0.953769
      53        0.000100        1.517767        0.931145
      54        0.000100        1.450617        0.909609
      55        0.000100        1.388092        0.889177
      56        0.000100        1.329826        0.869704
      57        0.000100        1.275480        0.851137
      58        0.000100        1.224745        0.833592
      59        0.000100        1.177327        0.816949
      60        0.000100        1.132957        0.801089
      61        0.000100        1.091381        0.785922
      62        0.000100        1.052368        0.771389
      63        0.000100        1.015704        0.757368
      64        0.000100        0.981193        0.743911
      65        0.000100        0.948663        0.730876
      66        0.000100        0.917954        0.718351
      67        0.000100        0.888930        0.706226
      68        0.000100        0.861467        0.694570
      69        0.000100        0.835457        0.683402
      70        0.000100        0.810808        0.672659
      71        0.000100        0.787434        0.662291
      72        0.000100        0.765261        0.652315
      73        0.000100        0.744222        0.642736
      74        0.000100        0.724254        0.633577
      75        0.000100        0.705303        0.624783
      76        0.000100        0.687317        0.616289
      77        0.000100        0.670249        0.608166
      78        0.000100        0.654054        0.600382
      79        0.000100        0.638692        0.592902
      80        0.000100        0.624125        0.585693
      81        0.000100        0.610315        0.578795
      82        0.000100        0.597228        0.572138
      83        0.000100        0.584831        0.565756
      84        0.000100        0.573094        0.559641
      85        0.000100        0.561984        0.553819
      86        0.000100        0.551473        0.548236
      87        0.000100        0.541532        0.542864
      88        0.000100        0.532130        0.537690
      89        0.000100        0.523251        0.532693
      90        0.000100        0.514836        0.527883
      91        0.000100        0.506950        0.523324
      92        0.000100        0.499293        0.518880
      93        0.000100        0.492736        0.514869
      94        0.000100        0.485284        0.510484
      95        0.000100        0.479548        0.506840
      96        0.000100        0.473245        0.502939
      97        0.000100        0.467758        0.499413
      98        0.000100        0.462302        0.495900
      99        0.000100        0.457326        0.492610
     100        0.000100        0.452467        0.489365
     101        0.000100        0.447994        0.486296
     102        0.000100        0.443625        0.483292
     103        0.000100        0.439627        0.480516
     104        0.000100        0.435657        0.477757
     105        0.000100        0.432124        0.475201
     106        0.000100        0.428438        0.472591
     107        0.000100        0.425407        0.470343
     108        0.000100        0.421908        0.467849
     109        0.000100        0.419249        0.465808
     110        0.000100        0.416091        0.463473
     111        0.000100        0.413567        0.461516
     112        0.000100        0.410796        0.459395
     113        0.000100        0.408443        0.457553
     114        0.000100        0.405950        0.455635
     115        0.000100        0.403807        0.453932
     116        0.000100        0.401522        0.452144
     117        0.000100        0.399612        0.450574
     118        0.000100        0.397474        0.448902
     119        0.000100        0.395841        0.447496
     120        0.000100        0.393803        0.445922
     121        0.000100        0.392371        0.444658
     122        0.000100        0.390524        0.443170
     123        0.000100        0.389208        0.441993
     124        0.000100        0.387570        0.440622
     125        0.000100        0.386358        0.439496
     126        0.000100        0.384912        0.438244
     127        0.000100        0.383823        0.437190
     128        0.000100        0.382525        0.436027
     129        0.000100        0.381580        0.435042
     130        0.000100        0.380398        0.433934
     131        0.000100        0.379616        0.433025
     132        0.000100        0.378532        0.431982
     133        0.000100        0.377912        0.431167
     134        0.000100        0.376932        0.430175
     135        0.000100        0.376454        0.429419
     136        0.000100        0.375601        0.428487
     137        0.000100        0.375205        0.427773
     138        0.000100        0.374495        0.426914
     139        0.000100        0.374179        0.426231
     140        0.000100        0.373593        0.425432
     141        0.000100        0.373373        0.424794
     142        0.000100        0.372890        0.424047
     143        0.000100        0.372778        0.423446
     144        0.000100        0.372377        0.422731
     145        0.000100        0.372371        0.422168
     146        0.000100        0.372042        0.421491
     147        0.000100        0.372137        0.420952
     148        0.000100        0.371888        0.420308
     149        0.000100        0.372060        0.419797
     150        0.000100        0.371897        0.419202
     151        0.000100        0.372135        0.418726
     152        0.000100        0.372046        0.418174
     153        0.000100        0.372357        0.417740
     154        0.000100        0.372327        0.417210
     155        0.000100        0.372759        0.416835
     156        0.000100        0.372725        0.416304
     157        0.000100        0.373277        0.416003
     158        0.000100        0.373249        0.415480
     159        0.000100        0.373839        0.415195
     160        0.000100        0.373853        0.414710
     161        0.000100        0.374446        0.414414
     162        0.000100        0.374564        0.413979
     163        0.000100        0.375350        0.413714
     164        0.000100        0.375838        0.413303
     165        0.000100        0.377101        0.413157
     166        0.000100        0.377469        0.412719
     167        0.000100        0.378074        0.412474
     168        0.000100        0.378171        0.412051
     169        0.000100        0.378826        0.411718
     170        0.000100        0.379327        0.411500
     171        0.000100        0.380488        0.411304
     172        0.000100        0.380945        0.410910
     173        0.000100        0.382160        0.410854
     174        0.000100        0.382609        0.410511
     175        0.000100        0.383561        0.410235
     176        0.000100        0.384093        0.410036
     177        0.000100        0.385193        0.409826
     178        0.000100        0.385764        0.409530
     179        0.000100        0.387118        0.409502
     180        0.000100        0.387762        0.409241
     181        0.000100        0.388904        0.409004
     182        0.000100        0.389450        0.408827
     183        0.000100        0.389989        0.408563
     184        0.000100        0.390523        0.408265
     185        0.000100        0.392034        0.408276
     186        0.000100        0.392977        0.408132
     187        0.000100        0.394562        0.408002
     188        0.000100        0.395379        0.407906
     189        0.000100        0.396417        0.407676
     190        0.000100        0.396887        0.407356
     191        0.000100        0.398273        0.407313
     192        0.000100        0.399156        0.407147
     193        0.000100        0.400930        0.407122
     194        0.000100        0.401947        0.407077
     195        0.000100        0.403449        0.406976
     196        0.000100        0.404017        0.406723
     197        0.000100        0.405522        0.406657
     198        0.000100        0.406280        0.406459
     199        0.000100        0.408025        0.406403
     200        0.000100        0.408974        0.406293
     201        0.000100        0.410641        0.406293
     202        0.000100        0.411371        0.406141
     203        0.000100        0.412985        0.406142
     204        0.000100        0.413793        0.405996
     205        0.000100        0.415687        0.405963
     206        0.000100        0.416802        0.405871
     207        0.000100        0.418623        0.405889
     208        0.000100        0.419319        0.405699
     209        0.000100        0.420807        0.405725
     210        0.000100        0.421389        0.405628
     211        0.000100        0.423176        0.405610
     212        0.000100        0.424433        0.405591
     213        0.000100        0.426442        0.405646
     214        0.000100        0.427384        0.405442
     215        0.000100        0.428924        0.405483
     216        0.000100        0.429296        0.405316
     217        0.000100        0.430840        0.405324
     218        0.000100        0.431716        0.405289
     219        0.000100        0.433669        0.405384
     220        0.000100        0.434737        0.405251
     221        0.000100        0.436566        0.405310
     222        0.000100        0.437140        0.405188
     223        0.000100        0.438223        0.405090
     224        0.000100        0.438888        0.405005
     225        0.000100        0.440601        0.405133
     226        0.000100        0.441626        0.405026
     227        0.000100        0.443627        0.405125
     228        0.000100        0.444453        0.405137
     229        0.000100        0.445810        0.405009
     230        0.000100        0.446474        0.404914
     231        0.000100        0.448113        0.405020
     232        0.000100        0.448687        0.404886
     233        0.000100        0.450813        0.404995
     234        0.000100        0.451899        0.405068
     235        0.000100        0.453478        0.405014
     236        0.000100        0.454193        0.404977
     237        0.000100        0.455724        0.404999
     238        0.000100        0.456682        0.404912
     239        0.000100        0.458810        0.404972
     240        0.000100        0.460108        0.405001
     241        0.000100        0.462028        0.405004
     242        0.000100        0.462889        0.404981
     243        0.000100        0.464360        0.405018
     244        0.000100        0.465250        0.404935
     245        0.000100        0.467168        0.405064
     246        0.000100        0.468646        0.405041
     247        0.000100        0.470646        0.405150
     248        0.000100        0.471973        0.405079
     249        0.000100        0.473113        0.405152
     250        0.000100        0.473780        0.404960
     251        0.000100        0.474541        0.405053
     252        0.000100        0.476339        0.404960
     253        0.000100        0.477010        0.405088
     254        0.000100        0.479421        0.405041
     255        0.000100        0.479416        0.405187
     256        0.000100        0.481443        0.405080
     257        0.000100        0.480843        0.405190
     258        0.000100        0.482794        0.405126
     259        0.000100        0.483443        0.405327
     260        0.000100        0.485418        0.405301
     261        0.000100        0.486131        0.405437
     262        0.000100        0.492960        0.406057
     263        0.000100        0.494477        0.407001
     264        0.000100        0.491531        0.407206
     265        0.000100        0.493669        0.407036
     266        0.000100        0.492097        0.406907
     267        0.000100        0.493814        0.406471
     268        0.000100        0.493924        0.406543
     269        0.000100        0.495652        0.406494
     270        0.000100        0.495997        0.406478
     271        0.000100        0.498099        0.406448
     272        0.000100        0.497896        0.406319
     273        0.000100        0.500419        0.406177
     274        0.000100        0.499416        0.406169
     275        0.000100        0.502747        0.406129
     276        0.000100        0.501975        0.406226
     277        0.000100        0.504463        0.405924
     278        0.000100        0.504222        0.406168
     279        0.000100        0.506749        0.405936
     280        0.000100        0.506774        0.405822
     281        0.000100        0.510183        0.405876
     282        0.000100        0.509816        0.405945
     283        0.000100        0.512280        0.405522
     284        0.000100        0.511824        0.405975
     285        0.000100        0.514747        0.405927
     286        0.000100        0.514996        0.405969
     287        0.000100        0.518178        0.405832
     288        0.000100        0.517130        0.405883
     289        0.000100        0.518999        0.405403
     290        0.000100        0.518772        0.405596
     291        0.000100        0.521390        0.405407
     292        0.000100        0.521817        0.405430
     293        0.000100        0.524139        0.405419
     294        0.000100        0.523849        0.405633
     295        0.000100        0.525957        0.405385
     296        0.000100        0.525940        0.405444
     297        0.000100        0.528846        0.405360
     298        0.000100        0.528866        0.405416
     299        0.000100        0.530610        0.405450
     300        0.000100        0.529691        0.405500
     301        0.000100        0.532405        0.405525
     302        0.000100        0.532954        0.405802
     303        0.000100        0.534942        0.405619
     304        0.000100        0.534326        0.405747
     305        0.000100        0.536627        0.405837
     306        0.000100        0.536202        0.406007
     307        0.000100        0.539020        0.406161
     308        0.000100        0.539149        0.406324
     309        0.000100        0.541172        0.406207
     310        0.000100        0.540382        0.406227
     311        0.000100        0.542818        0.406382
     312        0.000100        0.543595        0.406592
     313        0.000100        0.546595        0.406590
     314        0.000100        0.545946        0.406454
     315        0.000100        0.548256        0.406374
     316        0.000100        0.547662        0.406291
     317        0.000100        0.550722        0.406341
     318        0.000100        0.550942        0.406179
     319        0.000100        0.554234        0.406222
     320        0.000100        0.554361        0.406219
     321        0.000100        0.555635        0.406087
     322        0.000100        0.555215        0.406143
     323        0.000100        0.557250        0.405965
     324        0.000100        0.557566        0.405993
     325        0.000100        0.560122        0.405964
     326        0.000100        0.559119        0.405938
     327        0.000100        0.561807        0.405974
     328        0.000100        0.559551        0.405873
     329        0.000100        0.561475        0.405772
     330        0.000100        0.561199        0.405813
     331        0.000100        0.563528        0.406028
     332        0.000100        0.562967        0.405916
     333        0.000100        0.565736        0.405909
     334        0.000100        0.565232        0.405877
     335        0.000100        0.567030        0.405806
     336        0.000100        0.566562        0.406066
     337        0.000100        0.567741        0.405957
     338        0.000100        0.567164        0.406003
     339        0.000100        0.569721        0.406083
     340        0.000100        0.569479        0.406126
     341        0.000100        0.572411        0.406301
     342        0.000100        0.571354        0.406254
     343        0.000100        0.572613        0.406277
     344        0.000100        0.571299        0.406309
     345        0.000100        0.572619        0.406425
     346        0.000100        0.572254        0.406372
     347        0.000100        0.575571        0.406598
     348        0.000100        0.575286        0.406511
     349        0.000100        0.577940        0.406639
     350        0.000100        0.576401        0.406536
     351        0.000100        0.579233        0.406766
     352        0.000100        0.577956        0.406599
     353        0.000100        0.580289        0.406777
     354        0.000100        0.579744        0.406700
     355        0.000100        0.582591        0.406847
     356        0.000100        0.582428        0.406889
     357        0.000100        0.584764        0.407012
     358        0.000100        0.583071        0.406871
     359        0.000100        0.585531        0.406999
     360        0.000100        0.584365        0.406808
     361        0.000100        0.587834        0.407109
     362        0.000100        0.586734        0.407141
     363        0.000100        0.589091        0.407124
     364        0.000100        0.588351        0.407071
     365        0.000100        0.590370        0.407260
     366        0.000100        0.588627        0.407093
     367        0.000100        0.590784        0.407308
     368        0.000100        0.589560        0.407406
     369        0.000100        0.593027        0.407199
     370        0.000100        0.592889        0.407367
     371        0.000100        0.594487        0.407345
     372        0.000100        0.592559        0.407190
     373        0.000100        0.594848        0.407383
     374        0.000100        0.592273        0.407350
     375        0.000100        0.594764        0.407311
     376        0.000100        0.594615        0.407503
     377        0.000100        0.596915        0.407536
     378        0.000100        0.595300        0.407583
     379        0.000100        0.597662        0.407529
     380        0.000100        0.596678        0.407913
     381        0.000100        0.597818        0.407654
     382        0.000100        0.597214        0.407821
     383        0.000100        0.599386        0.407810
     384        0.000100        0.598928        0.407833
     385        0.000100        0.601893        0.407896
     386        0.000100        0.601018        0.408155
     387        0.000100        0.602518        0.408032
     388        0.000100        0.601633        0.408234
     389        0.000100        0.604237        0.408083
     390        0.000100        0.603735        0.408284
     391        0.000100        0.607063        0.408205
     392        0.000100        0.606311        0.408452
     393        0.000100        0.608088        0.408339
     394        0.000100        0.607172        0.408453
     395        0.000100        0.609025        0.408319
     396        0.000100        0.608705        0.408614
     397        0.000100        0.611330        0.408504
     398        0.000100        0.611718        0.408643
     399        0.000100        0.613068        0.408514
     400        0.000100        0.612742        0.408606
     401        0.000100        0.614983        0.408679
     402        0.000100        0.612943        0.408637
     403        0.000100        0.615810        0.408680
     404        0.000100        0.614906        0.408649
     405        0.000100        0.617203        0.408740
     406        0.000100        0.613756        0.408707
     407        0.000100        0.615325        0.408728
     408        0.000100        0.613147        0.408778
     409        0.000100        0.615134        0.409033
     410        0.000100        0.614934        0.409325
     411        0.000100        0.616773        0.409269
     412        0.000100        0.615771        0.409461
     413        0.000100        0.617427        0.409413
     414        0.000100        0.616339        0.409368
     415        0.000100        0.618049        0.409790
     416        0.000100        0.616169        0.409587
     417        0.000100        0.619622        0.409796
     418        0.000100        0.618557        0.409859
     419        0.000100        0.620509        0.410013
     420        0.000100        0.618911        0.410125
     421        0.000100        0.620895        0.410248
     422        0.000100        0.619118        0.410382
     423        0.000100        0.622501        0.410333
     424        0.000100        0.621959        0.410468
     425        0.000100        0.624269        0.410296
     426        0.000100        0.622365        0.410692
     427        0.000100        0.624211        0.410391
     428        0.000100        0.623164        0.410676
     429        0.000100        0.624711        0.410764
     430        0.000100        0.624280        0.410933
     431        0.000100        0.627619        0.410771
     432        0.000100        0.626447        0.411234
     433        0.000100        0.627692        0.410914
     434        0.000100        0.626288        0.410996
     435        0.000100        0.629050        0.411100
     436        0.000100        0.627973        0.410866
     437        0.000100        0.631412        0.411113
     438        0.000100        0.629853        0.411666
     439        0.000100        0.631229        0.411264
     440        0.000100        0.629358        0.411406
     441        0.000100        0.632064        0.411426
     442        0.000100        0.632216        0.411770
     443        0.000100        0.635262        0.411708
     444        0.000100        0.633536        0.412004
     445        0.000100        0.634129        0.411765
     446        0.000100        0.633224        0.411875
     447        0.000100        0.635902        0.412073
     448        0.000100        0.635579        0.412585
     449        0.000100        0.637536        0.412417
     450        0.000100        0.637037        0.412560
     451        0.000100        0.639936        0.412793
     452        0.000100        0.638115        0.412917
     453        0.000100        0.639971        0.413126
     454        0.000100        0.639115        0.413515
     455        0.000100        0.642474        0.413486
     456        0.000100        0.642449        0.413701
     457        0.000100        0.644627        0.413579
     458        0.000100        0.643073        0.414000
     459        0.000100        0.645807        0.413959
     460        0.000100        0.644250        0.414215
     461        0.000100        0.648522        0.414219
     462        0.000100        0.647412        0.414313
     463        0.000100        0.651979        0.414549
     464        0.000100        0.649177        0.414362
     465        0.000100        0.651060        0.414270
     466        0.000100        0.650832        0.414660
     467        0.000100        0.653427        0.414555
     468        0.000100        0.652287        0.414486
     469        0.000100        0.655475        0.414458
     470        0.000100        0.655259        0.414652
     471        0.000100        0.657785        0.414657
     472        0.000100        0.655717        0.414412
     473        0.000100        0.659823        0.414338
     474        0.000100        0.659282        0.414537
     475        0.000100        0.661716        0.414508
     476        0.000100        0.660459        0.414593
     477        0.000100        0.661730        0.414343
     478        0.000100        0.661028        0.414594
     479        0.000100        0.664629        0.414577
     480        0.000100        0.662867        0.414470
     481        0.000100        0.666193        0.414776
     482        0.000100        0.662729        0.414805
     483        0.000100        0.664939        0.414874
     484        0.000100        0.663574        0.414678
     485        0.000100        0.668262        0.415195
     486        0.000100        0.666723        0.415264
     487        0.000100        0.668870        0.415191
     488        0.000100        0.666012        0.415240
     489        0.000100        0.670001        0.415602
     490        0.000100        0.668852        0.415592
     491        0.000100        0.672952        0.415772
     492        0.000100        0.672651        0.415795
     493        0.000100        0.674453        0.415981
     494        0.000100        0.672938        0.416307
     495        0.000100        0.674481        0.416107
     496        0.000100        0.673537        0.415999
     497        0.000100        0.677240        0.416348
     498        0.000100        0.677123        0.416606
     499        0.000100        0.678708        0.416389
     500        0.000100        0.677508        0.416543
     501        0.000100        0.680425        0.416645
     502        0.000100        0.680762        0.416775
     503        0.000100        0.683707        0.416867
     504        0.000100        0.682325        0.416805
     505        0.000100        0.684660        0.417004
     506        0.000100        0.683363        0.417188
     507        0.000100        0.686727        0.417132
     508        0.000100        0.685981        0.417312
     509        0.000100        0.689346        0.417259
     510        0.000100        0.688878        0.417275
     511        0.000100        0.690977        0.417411
     512        0.000100        0.689205        0.417551
     513        0.000100        0.692966        0.417698
     514        0.000100        0.691092        0.417515
     515        0.000100        0.694906        0.417802
     516        0.000100        0.693321        0.417767
     517        0.000100        0.695879        0.418040
     518        0.000100        0.692760        0.417693
     519        0.000100        0.697352        0.418142
     520        0.000100        0.697626        0.418173
     521        0.000100        0.701415        0.418293
     522        0.000100        0.698694        0.418162
     523        0.000100        0.700370        0.418429
     524        0.000100        0.700232        0.418479
     525        0.000100        0.704744        0.418632
     526        0.000100        0.703479        0.418802
     527        0.000100        0.706341        0.418666
     528        0.000100        0.704312        0.418726
     529        0.000100        0.707064        0.418834
     530        0.000100        0.706969        0.419114
     531        0.000050        0.711593        0.419016
     532        0.000050        0.699368        0.414910
     533        0.000050        0.697758        0.414916
     534        0.000050        0.697219        0.414976
     535        0.000050        0.697360        0.415180
     536        0.000050        0.697568        0.415216
     537        0.000050        0.697744        0.415276
     538        0.000050        0.698266        0.415411
     539        0.000050        0.698670        0.415361
     540        0.000050        0.699076        0.415473
     541        0.000050        0.699746        0.415639
     542        0.000050        0.700287        0.415652
     543        0.000050        0.700849        0.415776
     544        0.000050        0.701496        0.415758
     545        0.000050        0.702288        0.415905
     546        0.000050        0.702840        0.416011
     547        0.000050        0.703468        0.415942
     548        0.000050        0.704344        0.416102
     549        0.000050        0.704968        0.416241
     550        0.000050        0.705722        0.416189
     551        0.000050        0.705784        0.416216
     552        0.000050        0.707491        0.416361
     553        0.000050        0.707778        0.416436
     554        0.000050        0.709064        0.416559
     555        0.000050        0.710101        0.416588
     556        0.000050        0.710461        0.416584
     557        0.000050        0.711209        0.416591
     558        0.000050        0.712025        0.416725
     559        0.000050        0.713003        0.416834
     560        0.000050        0.713816        0.416776
     561        0.000050        0.714740        0.416884
     562        0.000050        0.715566        0.416963
     563        0.000050        0.716003        0.416899
     564        0.000050        0.717848        0.417119
     565        0.000050        0.718025        0.417046
     566        0.000050        0.718995        0.417061
     567        0.000050        0.720043        0.417266
     568        0.000050        0.720922        0.417191
     569        0.000050        0.721737        0.417299
     570        0.000050        0.722709        0.417341
     571        0.000050        0.723662        0.417387
     572        0.000050        0.724183        0.417342
     573        0.000050        0.725181        0.417481
     574        0.000050        0.726451        0.417529
     575        0.000050        0.726723        0.417423
     576        0.000050        0.728352        0.417702
     577        0.000050        0.728694        0.417594
     578        0.000050        0.729744        0.417613
     579        0.000050        0.730649        0.417708
     580        0.000050        0.731703        0.417744
     581        0.000050        0.732142        0.417748
     582        0.000050        0.733123        0.417844
     583        0.000050        0.734206        0.417911
     584        0.000050        0.734889        0.417882
     585        0.000050        0.735652        0.417996
     586        0.000050        0.738695        0.418233
     587        0.000050        0.738068        0.418093
     588        0.000050        0.740410        0.418363
     589        0.000050        0.741420        0.418333
     590        0.000050        0.742472        0.418446
     591        0.000050        0.743543        0.418540
     592        0.000050        0.744418        0.418540
     593        0.000050        0.745440        0.418597
     594        0.000050        0.746034        0.418613
     595        0.000050        0.747350        0.418653
     596        0.000050        0.748728        0.418846
     597        0.000050        0.749204        0.418900
     598        0.000050        0.751303        0.419156
     599        0.000050        0.751324        0.419084
     600        0.000050        0.752588        0.419059
     601        0.000050        0.752936        0.419021
     602        0.000050        0.754651        0.419287
     603        0.000050        0.755139        0.419279
     604        0.000050        0.756293        0.419402
     605        0.000050        0.757125        0.419499
     606        0.000050        0.758863        0.419840
     607        0.000050        0.758981        0.419556
     608        0.000050        0.760892        0.419914
     609        0.000050        0.761221        0.419940
     610        0.000050        0.763187        0.420022
     611        0.000050        0.763641        0.419976
     612        0.000050        0.765367        0.420284
     613        0.000050        0.765474        0.420116
     614        0.000050        0.768003        0.420473
     615        0.000050        0.767881        0.420315
     616        0.000050        0.769361        0.420436
     617        0.000050        0.770180        0.420380
     618        0.000050        0.772092        0.420665
     619        0.000050        0.772405        0.420618
     620        0.000050        0.774701        0.420738
     621        0.000050        0.774230        0.420496
     622        0.000050        0.776175        0.420785
     623        0.000050        0.776232        0.420723
     624        0.000050        0.778340        0.420953
     625        0.000050        0.778652        0.420955
     626        0.000050        0.780455        0.421023
     627        0.000050        0.781235        0.421103
     628        0.000050        0.782234        0.421213
     629        0.000050        0.782993        0.421181
     630        0.000050        0.785144        0.421423
     631        0.000050        0.784868        0.421256
     632        0.000050        0.787215        0.421548
     633        0.000050        0.787168        0.421337
     634        0.000050        0.789007        0.421537
     635        0.000050        0.788854        0.421352
     636        0.000050        0.790894        0.421657
     637        0.000050        0.791319        0.421505
     638        0.000050        0.792887        0.421604
     639        0.000050        0.793552        0.421643
     640        0.000050        0.795298        0.421695
     641        0.000050        0.795133        0.421446
     642        0.000050        0.797319        0.421844
     643        0.000050        0.797063        0.421664
     644        0.000050        0.799670        0.421968
     645        0.000050        0.799509        0.421692
     646        0.000050        0.801072        0.421930
     647        0.000050        0.801060        0.421784
     648        0.000050        0.802633        0.421901
     649        0.000050        0.803410        0.422042
     650        0.000050        0.804362        0.422003
     651        0.000050        0.804851        0.421947
     652        0.000050        0.806213        0.422162
     653        0.000050        0.806337        0.422065
     654        0.000050        0.807729        0.421977
     655        0.000050        0.808065        0.422046
     656        0.000050        0.809561        0.422097
     657        0.000050        0.809262        0.421981
     658        0.000050        0.811350        0.422427
     659        0.000050        0.811000        0.422145
     660        0.000050        0.812645        0.422306
     661        0.000050        0.812641        0.422332
     662        0.000050        0.814115        0.422439
     663        0.000050        0.814993        0.422562
     664        0.000050        0.816012        0.422598
     665        0.000050        0.816129        0.422571
     666        0.000050        0.817811        0.422781
     667        0.000050        0.817364        0.422718
     668        0.000050        0.819756        0.422909
     669        0.000050        0.819134        0.422836
     670        0.000050        0.821801        0.423265
     671        0.000050        0.820869        0.422889
     672        0.000050        0.822821        0.423163
     673        0.000050        0.823373        0.423058
     674        0.000050        0.824867        0.423243
     675        0.000050        0.824906        0.423264
     676        0.000050        0.826177        0.423258
     677        0.000050        0.826518        0.423327
     678        0.000050        0.828035        0.423322
     679        0.000050        0.827640        0.423097
     680        0.000050        0.829202        0.423359
     681        0.000050        0.829092        0.423264
     682        0.000050        0.831346        0.423575
     683        0.000050        0.830620        0.423466
     684        0.000050        0.832369        0.423471
     685        0.000050        0.832028        0.423289
     686        0.000050        0.834392        0.423692
     687        0.000050        0.833857        0.423405
     688        0.000050        0.835477        0.423527
     689        0.000050        0.835585        0.423570
     690        0.000050        0.837130        0.423714
     691        0.000050        0.835984        0.423209
     692        0.000050        0.838182        0.423698
     693        0.000050        0.838032        0.423606
     694        0.000050        0.839764        0.423659
     695        0.000050        0.839590        0.423788
     696        0.000050        0.841152        0.423825
     697        0.000050        0.841166        0.423726
     698        0.000050        0.842682        0.424006
     699        0.000050        0.842490        0.423787
     700        0.000050        0.844736        0.424139
     701        0.000050        0.844567        0.424033
     702        0.000050        0.845943        0.424104
     703        0.000050        0.846132        0.424182
     704        0.000050        0.847610        0.424375
     705        0.000050        0.847561        0.424228
     706        0.000050        0.849555        0.424588
     707        0.000050        0.849924        0.424562
     708        0.000050        0.851851        0.424784
     709        0.000050        0.851630        0.424548
     710        0.000050        0.852880        0.424902
     711        0.000050        0.852275        0.424597
     712        0.000050        0.854671        0.425064
     713        0.000050        0.855215        0.424877
     714        0.000050        0.856889        0.425161
     715        0.000050        0.857150        0.424878
     716        0.000050        0.858342        0.425100
     717        0.000050        0.858876        0.425104
     718        0.000050        0.860319        0.425210
     719        0.000050        0.860756        0.425126
     720        0.000050        0.861909        0.425189
     721        0.000050        0.862263        0.425143
     722        0.000050        0.863613        0.425337
     723        0.000050        0.864274        0.425252
     724        0.000050        0.865367        0.425348
     725        0.000050        0.865895        0.425313
     726        0.000050        0.866683        0.425449
     727        0.000050        0.867727        0.425373
     728        0.000050        0.867809        0.425303
     729        0.000050        0.869234        0.425400
     730        0.000050        0.870093        0.425540
     731        0.000050        0.871110        0.425479
     732        0.000050        0.871511        0.425451
     733        0.000050        0.872226        0.425592
     734        0.000050        0.872909        0.425708
     735        0.000050        0.874380        0.425702
     736        0.000050        0.875365        0.425727
     737        0.000050        0.875718        0.425610
     738        0.000050        0.875687        0.425891
     739        0.000050        0.877660        0.425982
     740        0.000050        0.878623        0.426030
     741        0.000050        0.880387        0.426126
     742        0.000050        0.881423        0.426257
     743        0.000050        0.882418        0.426467
     744        0.000050        0.882664        0.426284
     745        0.000050        0.883382        0.426169
     746        0.000050        0.883866        0.426295
     747        0.000050        0.885340        0.426708
     748        0.000050        0.885615        0.426492
     749        0.000050        0.887345        0.426588
     750        0.000050        0.886944        0.426402
     751        0.000050        0.888425        0.426586
     752        0.000050        0.889047        0.426707
     753        0.000050        0.890738        0.426916
     754        0.000050        0.891418        0.426994
     755        0.000050        0.892401        0.426951
     756        0.000050        0.892212        0.426803
     757        0.000050        0.893771        0.426945
     758        0.000050        0.893795        0.426978
     759        0.000050        0.895271        0.426948
     760        0.000050        0.895795        0.426990
     761        0.000050        0.897384        0.427187
     762        0.000050        0.896555        0.427067
     763        0.000050        0.898160        0.427068
     764        0.000050        0.898745        0.427215
     765        0.000050        0.899836        0.427198
     766        0.000050        0.900809        0.427359
     767        0.000050        0.901121        0.427245
     768        0.000050        0.902335        0.427429
     769        0.000050        0.902983        0.427178
     770        0.000050        0.903933        0.427396
     771        0.000050        0.905112        0.427603
     772        0.000050        0.904725        0.427461
     773        0.000050        0.906803        0.427660
     774        0.000050        0.906466        0.427396
     775        0.000050        0.907983        0.427615
     776        0.000050        0.908845        0.427784
     777        0.000050        0.909267        0.427759
     778        0.000050        0.909626        0.427668
     779        0.000050        0.910739        0.427948
     780        0.000050        0.910827        0.427811
     781        0.000050        0.912414        0.427932
     782        0.000050        0.913444        0.428273
     783        0.000050        0.914023        0.427965
     784        0.000050        0.914181        0.428262
     785        0.000050        0.915191        0.428452
     786        0.000050        0.916445        0.428697
     787        0.000050        0.917197        0.428483
     788        0.000050        0.918053        0.428549
     789        0.000050        0.919615        0.428715
     790        0.000050        0.918964        0.428838
     791        0.000050        0.919678        0.428728
     792        0.000050        0.920539        0.428757
     793        0.000050        0.922409        0.429074
     794        0.000050        0.922558        0.429105
     795        0.000050        0.923811        0.429240
     796        0.000050        0.923864        0.429027
     797        0.000050        0.925265        0.429279
     798        0.000050        0.925756        0.428990
     799        0.000050        0.927626        0.429371
     800        0.000050        0.927259        0.429219
     801        0.000050        0.927890        0.429176
     802        0.000050        0.928394        0.429263
     803        0.000050        0.930744        0.429806
     804        0.000050        0.930544        0.429763
     805        0.000050        0.932110        0.429878
     806        0.000050        0.932700        0.430021
     807        0.000050        0.933312        0.429703
     808        0.000050        0.933658        0.429681
     809        0.000050        0.935809        0.430102
     810        0.000050        0.936702        0.430207
     811        0.000050        0.938110        0.430153
     812        0.000050        0.938445        0.430145
     813        0.000050        0.938574        0.430103
     814        0.000050        0.938584        0.429890
     815        0.000050        0.940985        0.430447
     816        0.000050        0.941188        0.430255
     817        0.000050        0.942744        0.430264
     818        0.000050        0.944108        0.430629
     819        0.000050        0.943603        0.430168
     820        0.000050        0.944371        0.430353
     821        0.000050        0.946000        0.430452
     822        0.000050        0.946909        0.430687
     823        0.000050        0.947547        0.430317
     824        0.000050        0.948069        0.430766
     825        0.000050        0.948928        0.430719
     826        0.000050        0.950203        0.430875
     827        0.000050        0.951361        0.430666
     828        0.000050        0.951804        0.430870
     829        0.000050        0.953093        0.430750
     830        0.000050        0.953261        0.430781
     831        0.000050        0.954537        0.431072
     832        0.000025        0.954579        0.430938
     833        0.000025        0.953040        0.427903
     834        0.000025        0.955537        0.427505
     835        0.000025        0.956656        0.427305
     836        0.000025        0.957811        0.427147
     837        0.000025        0.958316        0.426935
     838        0.000025        0.959077        0.426959
     839        0.000025        0.959907        0.426908
     840        0.000025        0.960429        0.426839
     841        0.000025        0.960929        0.426850
     842        0.000025        0.961606        0.426797
     843        0.000025        0.962103        0.426734
     844        0.000025        0.962654        0.426879
     845        0.000025        0.963249        0.426806
     846        0.000025        0.963790        0.426859
     847        0.000025        0.964262        0.426846
     848        0.000025        0.964791        0.426897
     849        0.000025        0.965225        0.426805
     850        0.000025        0.965660        0.426854
     851        0.000025        0.966329        0.426876
     852        0.000025        0.966409        0.426750
     853        0.000025        0.967468        0.426903
     854        0.000025        0.967344        0.426812
     855        0.000025        0.968442        0.426966
     856        0.000025        0.968229        0.426849
     857        0.000025        0.969152        0.426987
     858        0.000025        0.969384        0.426944
     859        0.000025        0.970238        0.426993
     860        0.000025        0.970326        0.426918
     861        0.000025        0.971271        0.426952
     862        0.000025        0.971312        0.426991
     863        0.000025        0.971863        0.427025
     864        0.000025        0.972340        0.427019
     865        0.000025        0.972988        0.427074
     866        0.000025        0.973209        0.427030
     867        0.000025        0.974189        0.427177
     868        0.000025        0.974255        0.427069
     869        0.000025        0.975221        0.427194
     870        0.000025        0.975159        0.427126
     871        0.000025        0.976036        0.427208
     872        0.000025        0.976405        0.427190
     873        0.000025        0.977126        0.427214
     874        0.000025        0.977417        0.427296
     875        0.000025        0.978151        0.427326
     876        0.000025        0.978169        0.427236
     877        0.000025        0.979051        0.427364
     878        0.000025        0.979137        0.427251
     879        0.000025        0.980383        0.427386
     880        0.000025        0.980570        0.427342
     881        0.000025        0.981316        0.427415
     882        0.000025        0.981724        0.427431
     883        0.000025        0.982626        0.427446
     884        0.000025        0.982470        0.427442
     885        0.000025        0.983452        0.427543
     886        0.000025        0.983821        0.427494
     887        0.000025        0.984687        0.427622
     888        0.000025        0.984791        0.427531
     889        0.000025        0.985875        0.427621
     890        0.000025        0.985955        0.427602
     891        0.000025        0.986695        0.427673
     892        0.000025        0.987022        0.427673
     893        0.000025        0.988140        0.427654
     894        0.000025        0.987874        0.427615
     895        0.000025        0.988954        0.427750
     896        0.000025        0.989185        0.427734
     897        0.000025        0.990287        0.427784
     898        0.000025        0.990106        0.427826
     899        0.000025        0.991325        0.427850
     900        0.000025        0.991346        0.427808
     901        0.000025        0.992165        0.427932
     902        0.000025        0.992383        0.427865
     903        0.000025        0.993054        0.427883
     904        0.000025        0.993096        0.427855
     905        0.000025        0.994011        0.427989
     906        0.000025        0.994624        0.427990
     907        0.000025        0.995560        0.428063
     908        0.000025        0.995718        0.427965
     909        0.000025        0.996330        0.427965
     910        0.000025        0.996548        0.427923
     911        0.000025        0.997818        0.428012
     912        0.000025        0.997559        0.428016
     913        0.000025        0.998483        0.427997
     914        0.000025        0.998456        0.427977
     915        0.000025        0.999250        0.428078
     916        0.000025        0.999640        0.428043
     917        0.000025        1.000575        0.428145
     918        0.000025        1.000653        0.428078
     919        0.000025        1.001650        0.428143
     920        0.000025        1.001749        0.428103
     921        0.000025        1.002717        0.428213
     922        0.000025        1.002600        0.428171
     923        0.000025        1.003698        0.428199
     924        0.000025        1.003949        0.428179
     925        0.000025        1.004926        0.428247
     926        0.000025        1.005016        0.428227
     927        0.000025        1.005820        0.428267
     928        0.000025        1.006053        0.428281
     929        0.000025        1.006976        0.428319
     930        0.000025        1.007221        0.428278
     931        0.000025        1.008265        0.428358
     932        0.000025        1.007876        0.428142
     933        0.000025        1.009134        0.428301
     934        0.000025        1.009303        0.428313
     935        0.000025        1.010328        0.428399
     936        0.000025        1.010117        0.428367
     937        0.000025        1.011106        0.428347
     938        0.000025        1.011323        0.428289
     939        0.000025        1.012327        0.428406
     940        0.000025        1.012258        0.428276
     941        0.000025        1.013363        0.428454
     942        0.000025        1.013587        0.428414
     943        0.000025        1.014327        0.428518
     944        0.000025        1.014211        0.428328
     945        0.000025        1.015192        0.428442
     946        0.000025        1.015464        0.428411
     947        0.000025        1.016284        0.428427
     948        0.000025        1.016364        0.428415
     949        0.000025        1.017612        0.428578
     950        0.000025        1.017583        0.428434
     951        0.000025        1.018463        0.428565
     952        0.000025        1.018802        0.428526
     953        0.000025        1.019634        0.428594
     954        0.000025        1.019612        0.428553
     955        0.000025        1.020447        0.428605
     956        0.000025        1.020583        0.428593
     957        0.000025        1.021831        0.428640
     958        0.000025        1.021489        0.428526
     959        0.000025        1.022798        0.428669
     960        0.000025        1.022687        0.428511
     961        0.000025        1.023635        0.428692
     962        0.000025        1.023843        0.428597
     963        0.000025        1.024483        0.428713
     964        0.000025        1.024896        0.428667
     965        0.000025        1.025709        0.428812
     966        0.000025        1.025583        0.428634
     967        0.000025        1.026762        0.428832
     968        0.000025        1.026860        0.428712
     969        0.000025        1.028125        0.428868
     970        0.000025        1.028267        0.428788
     971        0.000025        1.028993        0.428881
     972        0.000025        1.028828        0.428793
     973        0.000025        1.029614        0.428904
     974        0.000025        1.029771        0.428936
     975        0.000025        1.030852        0.428919
     976        0.000025        1.031178        0.428937
     977        0.000025        1.032135        0.428961
     978        0.000025        1.031801        0.428920
     979        0.000025        1.032917        0.429053
     980        0.000025        1.032869        0.428878
     981        0.000025        1.034106        0.429006
     982        0.000025        1.033998        0.428946
     983        0.000025        1.034952        0.429052
     984        0.000025        1.034991        0.429102
     985        0.000025        1.036194        0.429154
     986        0.000025        1.035881        0.429102
     987        0.000025        1.037396        0.429206
     988        0.000025        1.037179        0.429132
     989        0.000025        1.038389        0.429253
     990        0.000025        1.038448        0.429100
     991        0.000025        1.039278        0.429229
     992        0.000025        1.039535        0.429229
     993        0.000025        1.040498        0.429187
     994        0.000025        1.040328        0.429234
     995        0.000025        1.040790        0.429270
     996        0.000025        1.041306        0.429280
     997        0.000025        1.042232        0.429386
     998        0.000025        1.042469        0.429344
     999        0.000025        1.043189        0.429394
    1000        0.000025        1.043970        0.429524
    1001        0.000025        1.044646        0.429507
    1002        0.000025        1.044139        0.429446
    1003        0.000025        1.045134        0.429415
    1004        0.000025        1.045447        0.429505
    1005        0.000025        1.046557        0.429627
    1006        0.000025        1.046653        0.429562
    1007        0.000025        1.047316        0.429585
    1008        0.000025        1.047336        0.429560
    1009        0.000025        1.048439        0.429668
    1010        0.000025        1.048720        0.429715
    1011        0.000025        1.049756        0.429840
    1012        0.000025        1.049874        0.429750
    1013        0.000025        1.051009        0.429846
    1014        0.000025        1.051206        0.429864
    1015        0.000025        1.051779        0.429918
    1016        0.000025        1.051583        0.429854
    1017        0.000025        1.052781        0.429992
    1018        0.000025        1.052891        0.429868
    1019        0.000025        1.054463        0.430148
    1020        0.000025        1.053743        0.429934
    1021        0.000025        1.054714        0.430208
    1022        0.000025        1.054621        0.430159
    1023        0.000025        1.055994        0.430203
    1024        0.000025        1.056602        0.430302
    1025        0.000025        1.057269        0.430279
    1026        0.000025        1.057087        0.430172
    1027        0.000025        1.057877        0.430325
    1028        0.000025        1.058219        0.430456
    1029        0.000025        1.058940        0.430368
    1030        0.000025        1.059113        0.430455
    1031        0.000025        1.060243        0.430529
    1032        0.000025        1.060225        0.430483
    1033        0.000025        1.061026        0.430549
    1034        0.000025        1.061065        0.430463
    1035        0.000025        1.062014        0.430629
    1036        0.000025        1.062516        0.430585
    1037        0.000025        1.063353        0.430648
    1038        0.000025        1.063215        0.430608
    1039        0.000025        1.064827        0.430851
    1040        0.000025        1.064763        0.430842
    1041        0.000025        1.065349        0.430797
    1042        0.000025        1.065702        0.430850
    1043        0.000025        1.066375        0.430903
    1044        0.000025        1.066276        0.430796
    1045        0.000025        1.067655        0.430923
    1046        0.000025        1.067641        0.430951
    1047        0.000025        1.068348        0.430944
    1048        0.000025        1.067676        0.430768
    1049        0.000025        1.068567        0.430831
    1050        0.000025        1.068265        0.430801
    1051        0.000025        1.069366        0.430950
    1052        0.000025        1.069122        0.430837
    1053        0.000025        1.070621        0.431065
    1054        0.000025        1.070121        0.430935
    1055        0.000025        1.071060        0.431024
    1056        0.000025        1.071023        0.430963
    1057        0.000025        1.071642        0.431094
    1058        0.000025        1.071266        0.430921
    1059        0.000025        1.072606        0.431075
    1060        0.000025        1.072181        0.431078
    1061        0.000025        1.073356        0.431124
    1062        0.000025        1.073191        0.431128
    1063        0.000025        1.074366        0.431205
    1064        0.000025        1.073578        0.431103
    1065        0.000025        1.075298        0.431284
    1066        0.000025        1.075390        0.431269
    1067        0.000025        1.076361        0.431285
    1068        0.000025        1.076326        0.431246
    1069        0.000025        1.077120        0.431384
    1070        0.000025        1.076920        0.431408
    1071        0.000025        1.077732        0.431411
    1072        0.000025        1.078091        0.431427
    1073        0.000025        1.078367        0.431347
    1074        0.000025        1.078615        0.431404
    1075        0.000025        1.079419        0.431557
    1076        0.000025        1.079198        0.431524
    1077        0.000025        1.079864        0.431554
    1078        0.000025        1.080387        0.431488
    1079        0.000025        1.081675        0.431649
    1080        0.000025        1.081064        0.431513
    1081        0.000025        1.082051        0.431595
    1082        0.000025        1.081795        0.431566
    1083        0.000025        1.082603        0.431712
    1084        0.000025        1.082731        0.431723
    1085        0.000025        1.083089        0.431722
    1086        0.000025        1.083412        0.431604
    1087        0.000025        1.084269        0.431767
    1088        0.000025        1.084396        0.431736
    1089        0.000025        1.085269        0.431775
    1090        0.000025        1.084749        0.431684
    1091        0.000025        1.086330        0.431879
    1092        0.000025        1.085251        0.431741
    1093        0.000025        1.086752        0.431804
    1094        0.000025        1.086785        0.431830
    1095        0.000025        1.087687        0.431863
    1096        0.000025        1.087337        0.431836
    1097        0.000025        1.088353        0.431937
    1098        0.000025        1.087215        0.431698
    1099        0.000025        1.089046        0.431996
    1100        0.000025        1.088129        0.431868
    1101        0.000025        1.089524        0.431898
    1102        0.000025        1.089525        0.431813
    1103        0.000025        1.090569        0.432011
    1104        0.000025        1.090216        0.431928
    1105        0.000025        1.091169        0.432031
    1106        0.000025        1.090378        0.431764
    1107        0.000025        1.091700        0.431994
    1108        0.000025        1.091909        0.431974
    1109        0.000025        1.092674        0.432145
    1110        0.000025        1.092498        0.432082
    1111        0.000025        1.093446        0.432233
    1112        0.000025        1.092863        0.432084
    1113        0.000025        1.094851        0.432229
    1114        0.000025        1.094473        0.432164
    1115        0.000025        1.095514        0.432133
    1116        0.000025        1.095661        0.432300
    1117        0.000025        1.094966        0.432048
    1118        0.000025        1.094995        0.432187
    1119        0.000025        1.096123        0.432311
    1120        0.000025        1.096463        0.432356
    1121        0.000025        1.097234        0.432385
    1122        0.000025        1.096527        0.432238
    1123        0.000025        1.097763        0.432441
    1124        0.000025        1.097566        0.432336
    1125        0.000025        1.098398        0.432383
    1126        0.000025        1.098005        0.432364
    1127        0.000025        1.099446        0.432479
    1128        0.000025        1.099289        0.432501
    1129        0.000025        1.100123        0.432655
    1130        0.000025        1.099500        0.432591
    1131        0.000025        1.100375        0.432563
    1132        0.000025        1.100776        0.432659
    1133        0.000013        1.101777        0.432693
    1134        0.000013        1.101528        0.433475
    1135        0.000013        1.101071        0.433461
    1136        0.000013        1.101020        0.433482
    1137        0.000013        1.101014        0.433460
    1138        0.000013        1.100856        0.433382
    1139        0.000013        1.101134        0.433479
    1140        0.000013        1.101185        0.433449
    1141        0.000013        1.101356        0.433446
    1142        0.000013        1.101242        0.433335
    1143        0.000013        1.101674        0.433465
    1144        0.000013        1.101805        0.433465
    1145        0.000013        1.101845        0.433408
