       0        0.000100     3879.439190       61.829262
       1        0.000100     3381.751218       57.682426
       2        0.000100     2846.940689       52.863842
       3        0.000100     2300.811377       47.433838
       4        0.000100     1773.598226       41.512802
       5        0.000100     1294.874931       35.271557
       6        0.000100      890.624519       28.953186
       7        0.000100      576.786545       22.854906
       8        0.000100      355.446356       17.327911
       9        0.000100      215.132903       12.856849
      10        0.000100      135.570192        9.797228
      11        0.000100       94.811112        7.992239
      12        0.000100       75.151767        7.027111
      13        0.000100       65.344216        6.506877
      14        0.000100       59.577882        6.189615
      15        0.000100       55.339341        5.953428
      16        0.000100       51.688749        5.743667
      17        0.000100       48.311935        5.544374
      18        0.000100       45.111794        5.350260
      19        0.000100       42.060071        5.158953
      20        0.000100       39.149569        4.970646
      21        0.000100       36.379146        4.785284
      22        0.000100       33.749113        4.603159
      23        0.000100       31.259278        4.424552
      24        0.000100       28.908806        4.250149
      25        0.000100       26.695762        4.079720
      26        0.000100       24.617397        3.913545
      27        0.000100       22.670122        3.751664
      28        0.000100       20.849804        3.594199
      29        0.000100       19.151846        3.441295
      30        0.000100       17.571394        3.293392
      31        0.000100       16.103432        3.149945
      32        0.000100       14.742904        3.010806
      33        0.000100       13.484865        2.876154
      34        0.000100       12.324455        2.745926
      35        0.000100       11.256906        2.620749
      36        0.000100       10.277601        2.500799
      37        0.000100        9.382053        2.386019
      38        0.000100        8.565769        2.276776
      39        0.000100        7.824324        2.172769
      40        0.000100        7.153243        2.074459
      41        0.000100        6.547971        1.981445
      42        0.000100        6.003939        1.894284
      43        0.000100        5.516441        1.812969
      44        0.000100        5.080786        1.737785
      45        0.000100        4.692249        1.668160
      46        0.000100        4.346180        1.604124
      47        0.000100        4.038037        1.545737
      48        0.000100        3.763483        1.491650
      49        0.000100        3.518431        1.441750
      50        0.000100        3.299104        1.395752
      51        0.000100        3.102062        1.353604
      52        0.000100        2.924231        1.314268
      53        0.000100        2.762939        1.277099
      54        0.000100        2.615880        1.242087
      55        0.000100        2.481098        1.208900
      56        0.000100        2.356967        1.177611
      57        0.000100        2.242144        1.147898
      58        0.000100        2.135535        1.119566
      59        0.000100        2.036254        1.092527
      60        0.000100        1.943590        1.066673
      61        0.000100        1.856954        1.042096
      62        0.000100        1.775863        1.018492
      63        0.000100        1.699908        0.995817
      64        0.000100        1.628737        0.973971
      65        0.000100        1.562034        0.952974
      66        0.000100        1.499517        0.932910
      67        0.000100        1.440916        0.913723
      68        0.000100        1.385985        0.895422
      69        0.000100        1.334490        0.877872
      70        0.000100        1.286204        0.861139
      71        0.000100        1.240911        0.845139
      72        0.000100        1.198412        0.829813
      73        0.000100        1.158508        0.815082
      74        0.000100        1.121012        0.800977
      75        0.000100        1.085751        0.787460
      76        0.000100        1.052557        0.774597
      77        0.000100        1.021279        0.762369
      78        0.000100        0.991773        0.750759
      79        0.000100        0.963905        0.739697
      80        0.000100        0.937556        0.729167
      81        0.000100        0.912607        0.719071
      82        0.000100        0.888959        0.709383
      83        0.000100        0.866513        0.700121
      84        0.000100        0.845183        0.691246
      85        0.000100        0.824885        0.682682
      86        0.000100        0.805547        0.674448
      87        0.000100        0.787101        0.666495
      88        0.000100        0.769489        0.658821
      89        0.000100        0.752652        0.651382
      90        0.000100        0.736545        0.644283
      91        0.000100        0.721122        0.637417
      92        0.000100        0.706344        0.630773
      93        0.000100        0.692178        0.624329
      94        0.000100        0.678591        0.618098
      95        0.000100        0.665556        0.612033
      96        0.000100        0.653049        0.606197
      97        0.000100        0.641045        0.600543
      98        0.000100        0.629523        0.595061
      99        0.000100        0.618463        0.589702
     100        0.000100        0.607844        0.584471
     101        0.000100        0.597652        0.579410
     102        0.000100        0.587866        0.574504
     103        0.000100        0.578469        0.569757
     104        0.000100        0.569447        0.565192
     105        0.000100        0.560781        0.560750
     106        0.000100        0.552456        0.556462
     107        0.000100        0.544457        0.552315
     108        0.000100        0.536770        0.548338
     109        0.000100        0.529380        0.544503
     110        0.000100        0.522274        0.540793
     111        0.000100        0.515438        0.537230
     112        0.000100        0.508862        0.533776
     113        0.000100        0.502534        0.530419
     114        0.000100        0.496447        0.527165
     115        0.000100        0.490583        0.524004
     116        0.000100        0.484928        0.520914
     117        0.000100        0.479469        0.517895
     118        0.000100        0.474215        0.514945
     119        0.000100        0.469238        0.512110
     120        0.000100        0.464354        0.509320
     121        0.000100        0.459634        0.506599
     122        0.000100        0.455085        0.503965
     123        0.000100        0.450704        0.501439
     124        0.000100        0.446557        0.499022
     125        0.000100        0.442469        0.496628
     126        0.000100        0.438610        0.494347
     127        0.000100        0.434837        0.492117
     128        0.000100        0.431124        0.489936
     129        0.000100        0.427594        0.487802
     130        0.000100        0.424136        0.485745
     131        0.000100        0.420938        0.483752
     132        0.000100        0.417734        0.481811
     133        0.000100        0.414710        0.479899
     134        0.000100        0.411642        0.477998
     135        0.000100        0.408986        0.476199
     136        0.000100        0.405975        0.474351
     137        0.000100        0.403359        0.472615
     138        0.000100        0.400798        0.470948
     139        0.000100        0.398539        0.469324
     140        0.000100        0.396755        0.467828
     141        0.000100        0.394224        0.466164
     142        0.000100        0.391516        0.464630
     143        0.000100        0.390162        0.463580
     144        0.000100        0.386484        0.461422
     145        0.000100        0.383111        0.459253
     146        0.000100        0.380868        0.457739
     147        0.000100        0.378313        0.456048
     148        0.000100        0.375992        0.454585
     149        0.000100        0.374179        0.453259
     150        0.000100        0.372302        0.452010
     151        0.000100        0.370140        0.450588
     152        0.000100        0.368686        0.449519
     153        0.000100        0.366768        0.448223
     154        0.000100        0.365170        0.447117
     155        0.000100        0.363621        0.446001
     156        0.000100        0.362153        0.444982
     157        0.000100        0.360464        0.443792
     158        0.000100        0.359383        0.442939
     159        0.000100        0.357720        0.441790
     160        0.000100        0.356498        0.440864
     161        0.000100        0.355316        0.439949
     162        0.000100        0.354048        0.439048
     163        0.000100        0.352709        0.438032
     164        0.000100        0.351901        0.437341
     165        0.000100        0.350547        0.436341
     166        0.000100        0.349683        0.435593
     167        0.000100        0.348613        0.434741
     168        0.000100        0.347680        0.433958
     169        0.000100        0.346661        0.433105
     170        0.000100        0.346035        0.432465
     171        0.000100        0.344893        0.431574
     172        0.000100        0.344316        0.430918
     173        0.000100        0.343467        0.430187
     174        0.000100        0.342760        0.429504
     175        0.000100        0.341851        0.428687
     176        0.000100        0.341544        0.428215
     177        0.000100        0.340417        0.427332
     178        0.000100        0.340254        0.426872
     179        0.000100        0.339375        0.426127
     180        0.000100        0.338818        0.425476
     181        0.000100        0.338341        0.424909
     182        0.000100        0.337926        0.424361
     183        0.000100        0.336949        0.423511
     184        0.000100        0.337126        0.423227
     185        0.000100        0.336411        0.422587
     186        0.000100        0.335789        0.421875
     187        0.000100        0.335529        0.421454
     188        0.000100        0.335204        0.420964
     189        0.000100        0.334629        0.420368
     190        0.000100        0.334594        0.420020
     191        0.000100        0.334014        0.419474
     192        0.000100        0.333836        0.419022
     193        0.000100        0.333445        0.418567
     194        0.000100        0.333447        0.418229
     195        0.000100        0.332847        0.417613
     196        0.000100        0.332770        0.417286
     197        0.000100        0.332674        0.416967
     198        0.000100        0.332313        0.416412
     199        0.000100        0.331997        0.416021
     200        0.000100        0.332208        0.415792
     201        0.000100        0.331704        0.415237
     202        0.000100        0.331723        0.414935
     203        0.000100        0.331664        0.414643
     204        0.000100        0.331539        0.414228
     205        0.000100        0.331269        0.413824
     206        0.000100        0.331631        0.413678
     207        0.000100        0.331296        0.413195
     208        0.000100        0.331250        0.412797
     209        0.000100        0.331359        0.412595
     210        0.000100        0.331468        0.412320
     211        0.000100        0.331071        0.411784
     212        0.000100        0.331242        0.411440
     213        0.000100        0.331069        0.411132
     214        0.000100        0.331239        0.410845
     215        0.000100        0.331034        0.410422
     216        0.000100        0.331352        0.410276
     217        0.000100        0.331320        0.409905
     218        0.000100        0.331354        0.409575
     219        0.000100        0.331505        0.409429
     220        0.000100        0.331807        0.409291
     221        0.000100        0.331620        0.408903
     222        0.000100        0.332077        0.408851
     223        0.000100        0.332025        0.408602
     224        0.000100        0.332275        0.408413
     225        0.000100        0.332325        0.408105
     226        0.000100        0.332492        0.407901
     227        0.000100        0.332648        0.407807
     228        0.000100        0.332857        0.407552
     229        0.000100        0.332671        0.407187
     230        0.000100        0.333045        0.407078
     231        0.000100        0.333144        0.406872
     232        0.000100        0.333308        0.406614
     233        0.000100        0.333476        0.406427
     234        0.000100        0.333712        0.406234
     235        0.000100        0.333788        0.405979
     236        0.000100        0.334115        0.405853
     237        0.000100        0.334165        0.405567
     238        0.000100        0.334437        0.405388
     239        0.000100        0.334723        0.405281
     240        0.000100        0.334902        0.405033
     241        0.000100        0.335014        0.404746
     242        0.000100        0.335497        0.404677
     243        0.000100        0.335575        0.404464
     244        0.000100        0.336043        0.404398
     245        0.000100        0.336128        0.404121
     246        0.000100        0.336473        0.403946
     247        0.000100        0.336756        0.403833
     248        0.000100        0.337287        0.403850
     249        0.000100        0.337321        0.403501
     250        0.000100        0.337661        0.403328
     251        0.000100        0.338099        0.403341
     252        0.000100        0.338481        0.403248
     253        0.000100        0.338678        0.403071
     254        0.000100        0.339058        0.402979
     255        0.000100        0.339415        0.402951
     256        0.000100        0.340014        0.403064
     257        0.000100        0.339918        0.402651
     258        0.000100        0.340264        0.402543
     259        0.000100        0.340766        0.402575
     260        0.000100        0.340991        0.402335
     261        0.000100        0.341096        0.402024
     262        0.000100        0.341548        0.401993
     263        0.000100        0.341797        0.401785
     264        0.000100        0.342143        0.401646
     265        0.000100        0.342412        0.401449
     266        0.000100        0.342792        0.401263
     267        0.000100        0.343307        0.401317
     268        0.000100        0.343644        0.401179
     269        0.000100        0.343851        0.400961
     270        0.000100        0.344477        0.401068
     271        0.000100        0.344904        0.401014
     272        0.000100        0.345102        0.400785
     273        0.000100        0.345558        0.400798
     274        0.000100        0.346008        0.400802
     275        0.000100        0.346305        0.400711
     276        0.000100        0.346608        0.400597
     277        0.000100        0.346728        0.400385
     278        0.000100        0.347142        0.400383
     279        0.000100        0.347341        0.400221
     280        0.000100        0.347342        0.399922
     281        0.000100        0.347582        0.399802
     282        0.000100        0.347950        0.399701
     283        0.000100        0.347970        0.399414
     284        0.000100        0.348318        0.399347
     285        0.000100        0.348561        0.399155
     286        0.000100        0.348872        0.399037
     287        0.000100        0.349139        0.398924
     288        0.000100        0.349432        0.398792
     289        0.000100        0.349701        0.398692
     290        0.000100        0.349930        0.398550
     291        0.000100        0.350263        0.398449
     292        0.000100        0.350542        0.398334
     293        0.000100        0.350870        0.398179
     294        0.000100        0.351008        0.398049
     295        0.000100        0.351243        0.397936
     296        0.000100        0.351472        0.397796
     297        0.000100        0.351684        0.397601
     298        0.000100        0.351880        0.397499
     299        0.000100        0.352070        0.397363
     300        0.000100        0.352249        0.397176
     301        0.000100        0.352579        0.397068
     302        0.000100        0.352859        0.396981
     303        0.000100        0.353008        0.396829
     304        0.000100        0.353375        0.396743
     305        0.000100        0.353736        0.396788
     306        0.000100        0.353985        0.396632
     307        0.000100        0.354277        0.396574
     308        0.000100        0.354608        0.396548
     309        0.000100        0.354975        0.396501
     310        0.000100        0.355268        0.396355
     311        0.000100        0.355527        0.396287
     312        0.000100        0.355674        0.396037
     313        0.000100        0.356113        0.396153
     314        0.000100        0.356207        0.395909
     315        0.000100        0.356588        0.395970
     316        0.000100        0.356771        0.395898
     317        0.000100        0.357137        0.395903
     318        0.000100        0.357340        0.395821
     319        0.000100        0.357754        0.395878
     320        0.000100        0.358089        0.395762
     321        0.000100        0.358586        0.395873
     322        0.000100        0.358674        0.395682
     323        0.000100        0.359058        0.395661
     324        0.000100        0.359477        0.395666
     325        0.000100        0.359658        0.395595
     326        0.000100        0.359825        0.395433
     327        0.000100        0.360389        0.395532
     328        0.000100        0.360470        0.395351
     329        0.000100        0.361073        0.395485
     330        0.000100        0.361367        0.395410
     331        0.000100        0.361616        0.395385
     332        0.000100        0.361924        0.395342
     333        0.000100        0.362305        0.395383
     334        0.000100        0.362510        0.395272
     335        0.000100        0.363015        0.395330
     336        0.000100        0.363257        0.395253
     337        0.000100        0.363580        0.395246
     338        0.000100        0.363945        0.395256
     339        0.000100        0.364175        0.395260
     340        0.000100        0.364499        0.395192
     341        0.000100        0.364868        0.395268
     342        0.000100        0.364986        0.395124
     343        0.000100        0.365431        0.395178
     344        0.000100        0.365646        0.395123
     345        0.000100        0.365948        0.395173
     346        0.000100        0.366234        0.395112
     347        0.000100        0.366468        0.395123
     348        0.000100        0.366670        0.395067
     349        0.000100        0.367009        0.395058
     350        0.000100        0.367268        0.395042
     351        0.000100        0.367525        0.394992
     352        0.000100        0.367545        0.394864
     353        0.000100        0.367970        0.394944
     354        0.000100        0.368095        0.394867
     355        0.000100        0.368384        0.394831
     356        0.000100        0.368533        0.394789
     357        0.000100        0.368784        0.394751
     358        0.000100        0.369071        0.394719
     359        0.000100        0.369205        0.394667
     360        0.000100        0.369397        0.394633
     361        0.000100        0.369590        0.394566
     362        0.000100        0.369579        0.394468
     363        0.000100        0.369819        0.394415
     364        0.000100        0.369898        0.394337
     365        0.000100        0.370046        0.394283
     366        0.000100        0.370098        0.394158
     367        0.000100        0.370295        0.394133
     368        0.000100        0.370273        0.394018
     369        0.000100        0.370437        0.393948
     370        0.000100        0.370346        0.393833
     371        0.000100        0.370593        0.393766
     372        0.000100        0.370649        0.393705
     373        0.000100        0.370806        0.393662
     374        0.000100        0.370676        0.393485
     375        0.000100        0.370985        0.393515
     376        0.000100        0.370852        0.393391
     377        0.000100        0.371095        0.393356
     378        0.000100        0.371089        0.393276
     379        0.000100        0.371289        0.393207
     380        0.000100        0.371298        0.393164
     381        0.000100        0.371656        0.393162
     382        0.000100        0.371470        0.392998
     383        0.000100        0.372047        0.393160
     384        0.000100        0.371768        0.392936
     385        0.000100        0.372259        0.393073
     386        0.000100        0.372103        0.392990
     387        0.000100        0.372474        0.392988
     388        0.000100        0.372563        0.392955
     389        0.000100        0.372934        0.393090
     390        0.000100        0.372807        0.392900
     391        0.000100        0.373314        0.393097
     392        0.000100        0.373162        0.393028
     393        0.000100        0.373588        0.393059
     394        0.000100        0.373701        0.393125
     395        0.000100        0.373929        0.393140
     396        0.000100        0.373958        0.393098
     397        0.000100        0.374436        0.393201
     398        0.000100        0.374260        0.393148
     399        0.000100        0.374675        0.393227
     400        0.000100        0.374767        0.393227
     401        0.000100        0.375109        0.393244
     402        0.000100        0.375123        0.393238
     403        0.000100        0.375751        0.393289
     404        0.000100        0.375671        0.393155
     405        0.000100        0.376104        0.393260
     406        0.000100        0.375947        0.393176
     407        0.000100        0.376500        0.393118
     408        0.000100        0.376450        0.393153
     409        0.000100        0.376772        0.393164
     410        0.000100        0.376804        0.393140
     411        0.000100        0.377251        0.393185
     412        0.000100        0.377167        0.393195
     413        0.000100        0.377645        0.393253
     414        0.000100        0.377739        0.393272
     415        0.000100        0.378141        0.393291
     416        0.000100        0.378135        0.393283
     417        0.000100        0.378666        0.393382
     418        0.000100        0.378601        0.393299
     419        0.000100        0.379084        0.393421
     420        0.000100        0.378872        0.393387
     421        0.000100        0.379501        0.393502
     422        0.000100        0.379487        0.393417
     423        0.000100        0.380043        0.393531
     424        0.000100        0.379877        0.393478
     425        0.000100        0.380419        0.393549
     426        0.000100        0.380352        0.393491
     427        0.000100        0.380791        0.393590
     428        0.000100        0.380634        0.393501
     429        0.000100        0.381113        0.393556
     430        0.000100        0.381025        0.393440
     431        0.000100        0.381461        0.393512
     432        0.000100        0.381310        0.393408
     433        0.000100        0.381698        0.393427
     434        0.000100        0.381585        0.393327
     435        0.000100        0.381932        0.393373
     436        0.000100        0.381730        0.393243
     437        0.000100        0.382087        0.393306
     438        0.000100        0.381991        0.393223
     439        0.000100        0.382492        0.393258
     440        0.000100        0.382315        0.393177
     441        0.000100        0.382761        0.393281
     442        0.000100        0.382725        0.393108
     443        0.000100        0.383124        0.393189
     444        0.000100        0.382890        0.393114
     445        0.000100        0.383439        0.393154
     446        0.000100        0.383342        0.393040
     447        0.000100        0.383942        0.393166
     448        0.000100        0.383770        0.393006
     449        0.000100        0.384246        0.393100
     450        0.000100        0.384111        0.392995
     451        0.000100        0.384656        0.393098
     452        0.000100        0.384627        0.393028
     453        0.000100        0.385117        0.393128
     454        0.000100        0.384923        0.392964
     455        0.000100        0.385605        0.393176
     456        0.000100        0.385551        0.393027
     457        0.000100        0.386067        0.393161
     458        0.000100        0.385895        0.393065
     459        0.000100        0.386527        0.393184
     460        0.000100        0.386490        0.393130
     461        0.000100        0.386900        0.393263
     462        0.000100        0.386627        0.393106
     463        0.000100        0.387193        0.393290
     464        0.000100        0.386801        0.393132
     465        0.000100        0.387110        0.393167
     466        0.000100        0.387061        0.393217
     467        0.000100        0.387529        0.393426
     468        0.000100        0.387263        0.393180
     469        0.000100        0.387816        0.393429
     470        0.000100        0.387592        0.393342
     471        0.000100        0.388088        0.393437
     472        0.000100        0.387815        0.393335
     473        0.000100        0.388283        0.393450
     474        0.000100        0.388177        0.393460
     475        0.000100        0.388748        0.393577
     476        0.000100        0.388543        0.393529
     477        0.000100        0.389207        0.393679
     478        0.000100        0.388886        0.393636
     479        0.000100        0.389557        0.393710
     480        0.000100        0.389231        0.393638
     481        0.000100        0.390032        0.393851
     482        0.000100        0.389748        0.393673
     483        0.000100        0.390527        0.393816
     484        0.000100        0.390440        0.393823
     485        0.000100        0.391008        0.393863
     486        0.000100        0.390839        0.393799
     487        0.000100        0.391635        0.393984
     488        0.000100        0.391270        0.393884
     489        0.000100        0.392013        0.394027
     490        0.000100        0.391998        0.394028
     491        0.000100        0.392693        0.394122
     492        0.000100        0.392496        0.394166
     493        0.000100        0.393114        0.394276
     494        0.000100        0.393019        0.394269
     495        0.000100        0.393767        0.394467
     496        0.000100        0.393553        0.394452
     497        0.000100        0.394335        0.394570
     498        0.000100        0.394151        0.394609
     499        0.000100        0.394868        0.394784
     500        0.000100        0.394448        0.394684
     501        0.000100        0.395183        0.394835
     502        0.000100        0.394949        0.394777
     503        0.000100        0.395590        0.394934
     504        0.000100        0.395435        0.394905
     505        0.000100        0.396019        0.394909
     506        0.000100        0.395842        0.394866
     507        0.000100        0.396124        0.394941
     508        0.000100        0.395968        0.394828
     509        0.000100        0.396462        0.394874
     510        0.000100        0.396411        0.394866
     511        0.000100        0.396623        0.394836
     512        0.000100        0.396452        0.394756
     513        0.000100        0.397002        0.394782
     514        0.000100        0.396706        0.394714
     515        0.000100        0.396921        0.394737
     516        0.000100        0.396848        0.394591
     517        0.000100        0.397214        0.394612
     518        0.000100        0.396883        0.394614
     519        0.000100        0.397467        0.394612
     520        0.000100        0.397098        0.394497
     521        0.000100        0.397748        0.394569
     522        0.000100        0.397297        0.394494
     523        0.000100        0.397831        0.394542
     524        0.000100        0.397685        0.394475
     525        0.000100        0.398395        0.394540
     526        0.000100        0.397964        0.394588
     527        0.000100        0.398541        0.394616
     528        0.000100        0.398417        0.394549
     529        0.000100        0.399040        0.394627
     530        0.000100        0.398674        0.394567
     531        0.000100        0.399219        0.394629
     532        0.000100        0.399298        0.394709
     533        0.000100        0.399915        0.394786
     534        0.000100        0.399676        0.394759
     535        0.000100        0.400287        0.394915
     536        0.000100        0.400152        0.394778
     537        0.000100        0.400830        0.394992
     538        0.000100        0.400648        0.395058
     539        0.000100        0.401105        0.395035
     540        0.000100        0.401146        0.394992
     541        0.000100        0.401907        0.395244
     542        0.000100        0.401529        0.395098
     543        0.000100        0.402304        0.395344
     544        0.000100        0.402081        0.395245
     545        0.000100        0.402959        0.395473
     546        0.000100        0.402591        0.395424
     547        0.000100        0.403468        0.395609
     548        0.000100        0.403363        0.395573
     549        0.000100        0.404113        0.395755
     550        0.000100        0.403699        0.395676
     551        0.000100        0.404473        0.395809
     552        0.000100        0.404502        0.395866
     553        0.000100        0.405215        0.395936
     554        0.000100        0.404987        0.396013
     555        0.000100        0.405775        0.396113
     556        0.000100        0.405745        0.396036
     557        0.000100        0.406543        0.396260
     558        0.000100        0.406089        0.396156
     559        0.000100        0.406966        0.396292
     560        0.000100        0.406959        0.396264
     561        0.000100        0.407877        0.396507
     562        0.000100        0.407696        0.396492
     563        0.000100        0.408507        0.396617
     564        0.000100        0.408401        0.396610
     565        0.000100        0.409087        0.396726
     566        0.000100        0.408949        0.396818
     567        0.000100        0.409768        0.396900
     568        0.000100        0.409844        0.396971
     569        0.000100        0.410461        0.397142
     570        0.000100        0.410473        0.397186
     571        0.000100        0.411405        0.397384
     572        0.000100        0.411297        0.397391
     573        0.000100        0.412167        0.397635
     574        0.000100        0.411915        0.397579
     575        0.000100        0.412975        0.397833
     576        0.000100        0.412990        0.397900
     577        0.000100        0.413723        0.397946
     578        0.000100        0.413346        0.397975
     579        0.000100        0.414014        0.398070
     580        0.000100        0.413603        0.398013
     581        0.000100        0.414235        0.398109
     582        0.000100        0.414097        0.398088
     583        0.000100        0.414300        0.398095
     584        0.000100        0.414128        0.398095
     585        0.000100        0.414564        0.397990
     586        0.000100        0.413725        0.397883
     587        0.000100        0.414350        0.397975
     588        0.000100        0.414048        0.397839
     589        0.000100        0.414573        0.397951
     590        0.000100        0.414086        0.397810
     591        0.000100        0.414418        0.397771
     592        0.000100        0.413896        0.397684
     593        0.000100        0.414246        0.397643
     594        0.000100        0.413954        0.397505
     595        0.000100        0.414476        0.397545
     596        0.000100        0.413957        0.397437
     597        0.000100        0.414566        0.397450
     598        0.000100        0.414462        0.397508
     599        0.000100        0.415049        0.397454
     600        0.000100        0.414199        0.397270
     601        0.000100        0.415068        0.397438
     602        0.000100        0.414757        0.397333
     603        0.000100        0.415370        0.397447
     604        0.000100        0.415080        0.397461
     605        0.000100        0.415769        0.397420
     606        0.000100        0.415341        0.397405
     607        0.000100        0.416000        0.397543
     608        0.000100        0.415451        0.397423
     609        0.000100        0.416463        0.397617
     610        0.000100        0.416248        0.397589
     611        0.000100        0.416771        0.397733
     612        0.000100        0.416447        0.397673
     613        0.000100        0.417127        0.397712
     614        0.000100        0.416884        0.397651
     615        0.000100        0.417656        0.397912
     616        0.000100        0.417336        0.397885
     617        0.000100        0.417929        0.397843
     618        0.000100        0.418152        0.398132
     619        0.000100        0.418731        0.398213
     620        0.000100        0.418109        0.398085
     621        0.000100        0.418872        0.398147
     622        0.000100        0.418593        0.398198
     623        0.000100        0.419348        0.398371
     624        0.000100        0.418994        0.398381
     625        0.000100        0.419893        0.398423
     626        0.000100        0.419657        0.398438
     627        0.000100        0.420187        0.398572
     628        0.000100        0.419765        0.398495
     629        0.000100        0.420649        0.398558
     630        0.000100        0.420619        0.398792
     631        0.000100        0.421133        0.398708
     632        0.000100        0.421095        0.398775
     633        0.000100        0.421877        0.398860
     634        0.000100        0.421459        0.398855
     635        0.000100        0.422132        0.398996
     636        0.000100        0.421873        0.399004
     637        0.000100        0.422840        0.399099
     638        0.000100        0.422753        0.399200
     639        0.000100        0.423540        0.399381
     640        0.000100        0.423240        0.399270
     641        0.000100        0.424142        0.399491
     642        0.000100        0.424030        0.399583
     643        0.000100        0.424685        0.399638
     644        0.000100        0.424700        0.399781
     645        0.000100        0.425521        0.399836
     646        0.000100        0.425417        0.399938
     647        0.000100        0.426102        0.400076
     648        0.000100        0.425937        0.400064
     649        0.000100        0.426828        0.400236
     650        0.000100        0.426439        0.400233
     651        0.000100        0.427366        0.400430
     652        0.000100        0.427247        0.400403
     653        0.000100        0.428349        0.400587
     654        0.000100        0.427658        0.400507
     655        0.000100        0.428582        0.400707
     656        0.000100        0.428373        0.400703
     657        0.000100        0.429177        0.400741
     658        0.000100        0.428668        0.400732
     659        0.000100        0.429349        0.400822
     660        0.000100        0.429397        0.400832
     661        0.000100        0.429985        0.400820
     662        0.000100        0.429579        0.400855
     663        0.000100        0.430068        0.400855
     664        0.000100        0.429736        0.400789
     665        0.000100        0.430546        0.400889
     666        0.000100        0.430313        0.400860
     667        0.000100        0.430878        0.400866
     668        0.000100        0.430396        0.400777
     669        0.000100        0.431211        0.400806
     670        0.000100        0.430705        0.400662
     671        0.000100        0.431530        0.400814
     672        0.000100        0.431266        0.400679
     673        0.000100        0.431954        0.400758
     674        0.000100        0.431802        0.400864
     675        0.000100        0.432161        0.400803
     676        0.000100        0.431855        0.400841
     677        0.000100        0.432484        0.400922
     678        0.000100        0.432059        0.400894
     679        0.000100        0.432800        0.401025
     680        0.000100        0.432242        0.400992
     681        0.000100        0.432631        0.400964
     682        0.000100        0.432234        0.401042
     683        0.000100        0.432804        0.401048
     684        0.000100        0.432203        0.400936
     685        0.000050        0.433084        0.401150
     686        0.000050        0.434971        0.402018
     687        0.000050        0.435507        0.402438
     688        0.000050        0.436064        0.402743
     689        0.000050        0.436291        0.402850
     690        0.000050        0.436623        0.402998
     691        0.000050        0.436907        0.403161
     692        0.000050        0.437116        0.403212
     693        0.000050        0.437251        0.403261
     694        0.000050        0.437473        0.403332
     695        0.000050        0.437609        0.403348
     696        0.000050        0.437725        0.403351
     697        0.000050        0.437860        0.403380
     698        0.000050        0.437986        0.403396
     699        0.000050        0.438135        0.403434
     700        0.000050        0.438285        0.403465
     701        0.000050        0.438411        0.403468
     702        0.000050        0.438524        0.403476
     703        0.000050        0.438661        0.403506
     704        0.000050        0.438837        0.403561
     705        0.000050        0.438986        0.403593
     706        0.000050        0.438736        0.403406
     707        0.000050        0.439265        0.403628
     708        0.000050        0.438952        0.403487
     709        0.000050        0.439599        0.403739
     710        0.000050        0.439152        0.403495
     711        0.000050        0.439786        0.403766
     712        0.000050        0.439411        0.403524
     713        0.000050        0.439954        0.403794
     714        0.000050        0.439678        0.403559
     715        0.000050        0.439980        0.403762
     716        0.000050        0.439938        0.403687
     717        0.000050        0.440321        0.403777
     718        0.000050        0.440201        0.403685
     719        0.000050        0.440297        0.403779
     720        0.000050        0.440275        0.403663
     721        0.000050        0.440586        0.403796
     722        0.000050        0.440573        0.403735
     723        0.000050        0.440920        0.403931
     724        0.000050        0.440667        0.403731
     725        0.000050        0.441175        0.403919
     726        0.000050        0.440821        0.403739
     727        0.000050        0.441395        0.404000
     728        0.000050        0.441032        0.403773
     729        0.000050        0.441605        0.404014
     730        0.000050        0.441316        0.403882
     731        0.000050        0.441667        0.404017
     732        0.000050        0.441609        0.403867
     733        0.000050        0.441885        0.404026
     734        0.000050        0.441792        0.403974
     735        0.000050        0.442155        0.404081
     736        0.000050        0.441888        0.403925
     737        0.000050        0.442352        0.404103
     738        0.000050        0.442097        0.403919
     739        0.000050        0.442588        0.404136
     740        0.000050        0.442356        0.404005
     741        0.000050        0.442788        0.404159
     742        0.000050        0.442627        0.404071
     743        0.000050        0.443101        0.404214
     744        0.000050        0.442921        0.404130
     745        0.000050        0.443197        0.404219
     746        0.000050        0.442874        0.404016
     747        0.000050        0.443642        0.404340
     748        0.000050        0.443285        0.404144
     749        0.000050        0.443779        0.404354
     750        0.000050        0.443379        0.404139
     751        0.000050        0.443869        0.404366
     752        0.000050        0.443788        0.404307
     753        0.000050        0.444204        0.404426
     754        0.000050        0.443857        0.404328
     755        0.000050        0.444151        0.404340
     756        0.000050        0.444038        0.404282
     757        0.000050        0.444371        0.404401
     758        0.000050        0.444008        0.404248
     759        0.000050        0.444603        0.404439
     760        0.000050        0.444267        0.404322
     761        0.000050        0.444680        0.404536
     762        0.000050        0.444446        0.404314
     763        0.000050        0.444719        0.404486
     764        0.000050        0.444400        0.404299
     765        0.000050        0.444728        0.404426
     766        0.000050        0.444506        0.404340
     767        0.000050        0.444771        0.404504
     768        0.000050        0.444710        0.404363
     769        0.000050        0.444881        0.404498
     770        0.000050        0.444495        0.404343
     771        0.000050        0.444934        0.404462
     772        0.000050        0.444521        0.404212
     773        0.000050        0.444939        0.404476
     774        0.000050        0.444390        0.404180
     775        0.000050        0.444842        0.404371
     776        0.000050        0.444558        0.404205
     777        0.000050        0.444983        0.404425
     778        0.000050        0.444563        0.404221
     779        0.000050        0.445134        0.404446
     780        0.000050        0.444845        0.404254
     781        0.000050        0.445181        0.404483
     782        0.000050        0.444655        0.404233
     783        0.000050        0.445170        0.404397
     784        0.000050        0.445107        0.404404
     785        0.000050        0.445428        0.404606
     786        0.000050        0.444956        0.404309
     787        0.000050        0.445520        0.404536
     788        0.000050        0.445240        0.404420
     789        0.000050        0.445426        0.404502
     790        0.000050        0.445134        0.404344
     791        0.000050        0.445722        0.404611
     792        0.000050        0.445269        0.404397
     793        0.000050        0.445562        0.404576
     794        0.000050        0.445230        0.404364
     795        0.000050        0.445892        0.404579
     796        0.000050        0.445456        0.404484
     797        0.000050        0.445769        0.404597
     798        0.000050        0.445581        0.404487
     799        0.000050        0.446141        0.404739
     800        0.000050        0.445694        0.404561
     801        0.000050        0.446107        0.404662
     802        0.000050        0.445920        0.404607
     803        0.000050        0.446296        0.404722
     804        0.000050        0.446040        0.404635
     805        0.000050        0.446540        0.404897
     806        0.000050        0.446578        0.404872
     807        0.000050        0.446705        0.404917
     808        0.000050        0.446322        0.404793
     809        0.000050        0.446816        0.404972
     810        0.000050        0.446736        0.404920
     811        0.000050        0.446960        0.404994
     812        0.000050        0.446631        0.404845
     813        0.000050        0.446823        0.404901
     814        0.000050        0.446751        0.404870
     815        0.000050        0.446972        0.404979
     816        0.000050        0.446779        0.404827
     817        0.000050        0.447256        0.405034
     818        0.000050        0.446941        0.404823
     819        0.000050        0.447493        0.405109
     820        0.000050        0.447262        0.404979
     821        0.000050        0.447911        0.405237
     822        0.000050        0.447858        0.405249
     823        0.000050        0.448352        0.405476
     824        0.000050        0.448194        0.405324
     825        0.000050        0.448463        0.405412
     826        0.000050        0.448402        0.405387
     827        0.000050        0.448831        0.405524
     828        0.000050        0.448523        0.405362
     829        0.000050        0.448773        0.405440
     830        0.000050        0.448527        0.405307
     831        0.000050        0.448866        0.405391
     832        0.000050        0.448522        0.405148
     833        0.000050        0.448964        0.405379
     834        0.000050        0.448596        0.405132
     835        0.000050        0.449137        0.405336
     836        0.000050        0.448937        0.405195
     837        0.000050        0.449516        0.405483
     838        0.000050        0.449131        0.405306
     839        0.000050        0.449689        0.405488
     840        0.000050        0.449424        0.405311
     841        0.000050        0.449932        0.405531
     842        0.000050        0.449682        0.405396
     843        0.000050        0.450050        0.405493
     844        0.000050        0.449766        0.405387
     845        0.000050        0.450095        0.405459
     846        0.000050        0.449929        0.405406
     847        0.000050        0.450410        0.405575
     848        0.000050        0.449992        0.405340
     849        0.000050        0.450436        0.405563
     850        0.000050        0.450131        0.405308
     851        0.000050        0.450672        0.405579
     852        0.000050        0.450288        0.405349
     853        0.000050        0.450971        0.405652
     854        0.000050        0.450427        0.405362
     855        0.000050        0.451165        0.405730
     856        0.000050        0.450878        0.405525
     857        0.000050        0.451271        0.405635
     858        0.000050        0.450964        0.405563
     859        0.000050        0.451274        0.405690
     860        0.000050        0.450917        0.405527
     861        0.000050        0.451267        0.405739
     862        0.000050        0.450950        0.405591
     863        0.000050        0.451222        0.405725
     864        0.000050        0.450847        0.405528
     865        0.000050        0.451121        0.405613
     866        0.000050        0.450813        0.405489
     867        0.000050        0.451200        0.405639
     868        0.000050        0.450803        0.405472
     869        0.000050        0.451332        0.405727
     870        0.000050        0.450876        0.405504
     871        0.000050        0.451375        0.405696
     872        0.000050        0.451095        0.405598
     873        0.000050        0.451541        0.405714
     874        0.000050        0.451049        0.405473
     875        0.000050        0.451696        0.405809
     876        0.000050        0.451522        0.405743
     877        0.000050        0.451965        0.405940
     878        0.000050        0.451546        0.405714
     879        0.000050        0.452042        0.405969
     880        0.000050        0.451823        0.405858
     881        0.000050        0.452401        0.406203
     882        0.000050        0.452036        0.405979
     883        0.000050        0.452561        0.406251
     884        0.000050        0.452261        0.406067
     885        0.000050        0.452689        0.406235
     886        0.000050        0.452503        0.406144
     887        0.000050        0.452810        0.406268
     888        0.000050        0.452829        0.406307
     889        0.000050        0.453365        0.406521
     890        0.000050        0.452883        0.406273
     891        0.000050        0.453605        0.406577
     892        0.000050        0.453250        0.406423
     893        0.000050        0.453683        0.406677
     894        0.000050        0.453432        0.406469
     895        0.000050        0.454100        0.406766
     896        0.000050        0.453552        0.406450
     897        0.000050        0.453989        0.406685
     898        0.000050        0.453852        0.406627
     899        0.000050        0.454319        0.406847
     900        0.000050        0.453883        0.406602
     901        0.000050        0.454286        0.406820
     902        0.000050        0.454361        0.406841
     903        0.000050        0.454757        0.406987
     904        0.000050        0.454219        0.406726
     905        0.000050        0.454611        0.406882
     906        0.000050        0.454433        0.406848
     907        0.000050        0.454981        0.407102
     908        0.000050        0.454249        0.406718
     909        0.000050        0.454472        0.406791
     910        0.000050        0.454484        0.406728
     911        0.000050        0.454808        0.406887
     912        0.000050        0.454651        0.406865
     913        0.000050        0.454507        0.406722
     914        0.000050        0.454584        0.406802
     915        0.000050        0.455022        0.406947
     916        0.000050        0.454379        0.406616
     917        0.000050        0.454906        0.406932
     918        0.000050        0.454261        0.406546
     919        0.000050        0.454797        0.406767
     920        0.000050        0.454320        0.406597
     921        0.000050        0.454847        0.406807
     922        0.000050        0.454512        0.406659
     923        0.000050        0.454835        0.406830
     924        0.000050        0.454246        0.406546
     925        0.000050        0.454727        0.406757
     926        0.000050        0.454492        0.406594
     927        0.000050        0.454699        0.406684
     928        0.000050        0.454410        0.406622
     929        0.000050        0.454837        0.406827
     930        0.000050        0.454241        0.406489
     931        0.000050        0.454651        0.406741
     932        0.000050        0.454159        0.406478
     933        0.000050        0.454842        0.406817
     934        0.000050        0.454649        0.406720
     935        0.000050        0.454658        0.406727
     936        0.000050        0.454209        0.406493
     937        0.000050        0.455030        0.406907
     938        0.000050        0.454379        0.406598
     939        0.000050        0.454730        0.406858
     940        0.000050        0.454426        0.406583
     941        0.000050        0.454729        0.406754
     942        0.000050        0.454613        0.406733
     943        0.000050        0.455027        0.406938
     944        0.000050        0.454568        0.406638
     945        0.000050        0.455159        0.406970
     946        0.000050        0.454783        0.406906
     947        0.000050        0.454960        0.406901
     948        0.000050        0.454672        0.406710
     949        0.000050        0.455353        0.407050
     950        0.000050        0.454757        0.406880
     951        0.000050        0.455181        0.407068
     952        0.000050        0.454774        0.406749
     953        0.000050        0.455301        0.407062
     954        0.000050        0.454998        0.407023
     955        0.000050        0.455487        0.407128
     956        0.000050        0.455230        0.407091
     957        0.000050        0.455707        0.407279
     958        0.000050        0.455407        0.407205
     959        0.000050        0.455822        0.407296
     960        0.000050        0.455594        0.407203
     961        0.000050        0.456079        0.407472
     962        0.000050        0.455335        0.407157
     963        0.000050        0.456227        0.407448
     964        0.000050        0.456322        0.407483
     965        0.000050        0.456465        0.407649
     966        0.000050        0.455896        0.407295
     967        0.000050        0.456623        0.407583
     968        0.000050        0.456370        0.407446
     969        0.000050        0.456743        0.407637
     970        0.000050        0.456843        0.407708
     971        0.000050        0.457079        0.407878
     972        0.000050        0.456719        0.407621
     973        0.000050        0.457027        0.407729
     974        0.000050        0.456648        0.407537
     975        0.000050        0.457445        0.407915
     976        0.000050        0.456987        0.407663
     977        0.000050        0.457333        0.407809
     978        0.000050        0.457109        0.407708
     979        0.000050        0.457910        0.408043
     980        0.000050        0.457390        0.407800
     981        0.000050        0.457584        0.407856
     982        0.000050        0.457331        0.407755
     983        0.000050        0.457899        0.407900
     984        0.000050        0.457513        0.407708
     985        0.000050        0.457811        0.407832
     986        0.000025        0.457545        0.407645
     987        0.000025        0.459473        0.408775
     988        0.000025        0.459233        0.408630
     989        0.000025        0.459262        0.408577
     990        0.000025        0.459166        0.408537
     991        0.000025        0.459206        0.408545
     992        0.000025        0.459210        0.408507
     993        0.000025        0.459219        0.408518
     994        0.000025        0.459196        0.408468
     995        0.000025        0.459152        0.408449
     996        0.000025        0.459156        0.408406
     997        0.000025        0.459255        0.408475
     998        0.000025        0.459253        0.408401
     999        0.000025        0.459247        0.408411
    1000        0.000025        0.459248        0.408407
    1001        0.000025        0.459335        0.408383
    1002        0.000025        0.459337        0.408430
    1003        0.000025        0.459432        0.408404
    1004        0.000025        0.459321        0.408374
    1005        0.000025        0.459374        0.408369
    1006        0.000025        0.459483        0.408401
    1007        0.000025        0.459479        0.408407
    1008        0.000025        0.459514        0.408384
    1009        0.000025        0.459684        0.408429
    1010        0.000025        0.459592        0.408408
    1011        0.000025        0.459775        0.408464
    1012        0.000025        0.459590        0.408376
    1013        0.000025        0.459839        0.408446
    1014        0.000025        0.459608        0.408320
    1015        0.000025        0.459840        0.408436
    1016        0.000025        0.459783        0.408386
    1017        0.000025        0.459954        0.408464
    1018        0.000025        0.459827        0.408382
    1019        0.000025        0.459973        0.408427
    1020        0.000025        0.459888        0.408361
    1021        0.000025        0.460017        0.408413
    1022        0.000025        0.460109        0.408468
    1023        0.000025        0.460058        0.408396
    1024        0.000025        0.460045        0.408374
    1025        0.000025        0.460200        0.408437
    1026        0.000025        0.460250        0.408433
    1027        0.000025        0.460279        0.408431
    1028        0.000025        0.460230        0.408403
    1029        0.000025        0.460411        0.408464
    1030        0.000025        0.460408        0.408423
    1031        0.000025        0.460471        0.408424
    1032        0.000025        0.460411        0.408386
    1033        0.000025        0.460613        0.408458
    1034        0.000025        0.460546        0.408448
    1035        0.000025        0.460694        0.408441
    1036        0.000025        0.460572        0.408410
    1037        0.000025        0.460724        0.408469
    1038        0.000025        0.460693        0.408465
    1039        0.000025        0.460844        0.408431
    1040        0.000025        0.460872        0.408467
    1041        0.000025        0.460849        0.408470
    1042        0.000025        0.460763        0.408403
    1043        0.000025        0.460880        0.408406
    1044        0.000025        0.460890        0.408436
    1045        0.000025        0.461035        0.408499
    1046        0.000025        0.460895        0.408406
    1047        0.000025        0.461104        0.408521
    1048        0.000025        0.461062        0.408477
    1049        0.000025        0.461173        0.408499
    1050        0.000025        0.461176        0.408511
    1051        0.000025        0.461410        0.408511
    1052        0.000025        0.461279        0.408505
    1053        0.000025        0.461316        0.408500
    1054        0.000025        0.461408        0.408514
    1055        0.000025        0.461566        0.408564
    1056        0.000025        0.461463        0.408515
    1057        0.000025        0.461588        0.408559
    1058        0.000025        0.461654        0.408574
    1059        0.000025        0.461640        0.408538
    1060        0.000025        0.461577        0.408494
    1061        0.000025        0.461684        0.408519
    1062        0.000025        0.461655        0.408516
    1063        0.000025        0.461947        0.408647
    1064        0.000025        0.461710        0.408492
    1065        0.000025        0.461753        0.408532
    1066        0.000025        0.461859        0.408501
    1067        0.000025        0.461880        0.408526
    1068        0.000025        0.461934        0.408525
    1069        0.000025        0.462032        0.408572
    1070        0.000025        0.462030        0.408523
    1071        0.000025        0.462040        0.408539
    1072        0.000025        0.462078        0.408551
    1073        0.000025        0.462128        0.408573
    1074        0.000025        0.462151        0.408522
    1075        0.000025        0.462122        0.408516
    1076        0.000025        0.462142        0.408545
    1077        0.000025        0.462367        0.408586
    1078        0.000025        0.462207        0.408514
    1079        0.000025        0.462296        0.408535
    1080        0.000025        0.462189        0.408485
    1081        0.000025        0.462244        0.408486
    1082        0.000025        0.462185        0.408422
    1083        0.000025        0.462110        0.408358
    1084        0.000025        0.462229        0.408459
    1085        0.000025        0.462281        0.408446
    1086        0.000025        0.462198        0.408376
    1087        0.000025        0.462189        0.408389
    1088        0.000025        0.462294        0.408371
    1089        0.000025        0.462370        0.408458
    1090        0.000025        0.462308        0.408401
    1091        0.000025        0.462375        0.408409
    1092        0.000025        0.462426        0.408412
    1093        0.000025        0.462487        0.408491
    1094        0.000025        0.462438        0.408447
    1095        0.000025        0.462445        0.408411
    1096        0.000025        0.462371        0.408375
    1097        0.000025        0.462595        0.408485
    1098        0.000025        0.462376        0.408372
    1099        0.000025        0.462476        0.408411
    1100        0.000025        0.462383        0.408360
    1101        0.000025        0.462393        0.408330
    1102        0.000025        0.462284        0.408273
    1103        0.000025        0.462403        0.408314
    1104        0.000025        0.462357        0.408322
    1105        0.000025        0.462523        0.408379
    1106        0.000025        0.462482        0.408314
    1107        0.000025        0.462518        0.408369
    1108        0.000025        0.462556        0.408406
    1109        0.000025        0.462618        0.408402
    1110        0.000025        0.462708        0.408422
    1111        0.000025        0.462799        0.408471
    1112        0.000025        0.462666        0.408429
    1113        0.000025        0.462830        0.408445
    1114        0.000025        0.462736        0.408418
    1115        0.000025        0.462960        0.408545
    1116        0.000025        0.462761        0.408455
    1117        0.000025        0.462987        0.408534
    1118        0.000025        0.462838        0.408418
    1119        0.000025        0.463014        0.408515
    1120        0.000025        0.462951        0.408494
    1121        0.000025        0.463055        0.408531
    1122        0.000025        0.463097        0.408562
    1123        0.000025        0.463196        0.408596
    1124        0.000025        0.463138        0.408547
    1125        0.000025        0.463134        0.408507
    1126        0.000025        0.463209        0.408533
    1127        0.000025        0.463369        0.408645
    1128        0.000025        0.463366        0.408618
    1129        0.000025        0.463455        0.408655
    1130        0.000025        0.463272        0.408541
    1131        0.000025        0.463629        0.408711
    1132        0.000025        0.463455        0.408575
    1133        0.000025        0.463636        0.408698
    1134        0.000025        0.463525        0.408606
    1135        0.000025        0.463644        0.408613
    1136        0.000025        0.463694        0.408693
    1137        0.000025        0.463825        0.408680
    1138        0.000025        0.463861        0.408707
    1139        0.000025        0.463846        0.408682
    1140        0.000025        0.463999        0.408747
    1141        0.000025        0.464048        0.408719
    1142        0.000025        0.464028        0.408756
    1143        0.000025        0.464110        0.408767
    1144        0.000025        0.464105        0.408719
    1145        0.000025        0.464102        0.408709
    1146        0.000025        0.464229        0.408796
    1147        0.000025        0.464235        0.408776
    1148        0.000025        0.464225        0.408764
    1149        0.000025        0.464375        0.408783
    1150        0.000025        0.464257        0.408699
    1151        0.000025        0.464326        0.408749
    1152        0.000025        0.464381        0.408780
    1153        0.000025        0.464327        0.408722
    1154        0.000025        0.464380        0.408723
    1155        0.000025        0.464322        0.408710
    1156        0.000025        0.464441        0.408710
    1157        0.000025        0.464421        0.408690
    1158        0.000025        0.464342        0.408645
    1159        0.000025        0.464358        0.408592
    1160        0.000025        0.464427        0.408673
    1161        0.000025        0.464365        0.408606
    1162        0.000025        0.464338        0.408597
    1163        0.000025        0.464432        0.408640
    1164        0.000025        0.464338        0.408573
    1165        0.000025        0.464441        0.408573
    1166        0.000025        0.464355        0.408544
    1167        0.000025        0.464388        0.408613
    1168        0.000025        0.464313        0.408538
    1169        0.000025        0.464204        0.408489
    1170        0.000025        0.464186        0.408481
    1171        0.000025        0.464330        0.408510
    1172        0.000025        0.464290        0.408487
    1173        0.000025        0.464252        0.408464
    1174        0.000025        0.464265        0.408510
    1175        0.000025        0.464372        0.408548
    1176        0.000025        0.464272        0.408487
    1177        0.000025        0.464479        0.408618
    1178        0.000025        0.464347        0.408466
    1179        0.000025        0.464469        0.408552
    1180        0.000025        0.464310        0.408493
    1181        0.000025        0.464422        0.408519
    1182        0.000025        0.464481        0.408549
    1183        0.000025        0.464495        0.408515
    1184        0.000025        0.464465        0.408536
    1185        0.000025        0.464454        0.408519
    1186        0.000025        0.464323        0.408449
    1187        0.000025        0.464612        0.408594
    1188        0.000025        0.464674        0.408619
    1189        0.000025        0.464728        0.408643
    1190        0.000025        0.464713        0.408634
    1191        0.000025        0.464779        0.408662
    1192        0.000025        0.464663        0.408597
    1193        0.000025        0.464954        0.408742
    1194        0.000025        0.464771        0.408602
    1195        0.000025        0.465108        0.408745
    1196        0.000025        0.465054        0.408781
    1197        0.000025        0.465244        0.408806
    1198        0.000025        0.465115        0.408750
    1199        0.000025        0.465270        0.408821
    1200        0.000025        0.465164        0.408771
    1201        0.000025        0.465408        0.408838
    1202        0.000025        0.465401        0.408800
    1203        0.000025        0.465389        0.408825
    1204        0.000025        0.465533        0.408889
    1205        0.000025        0.465484        0.408855
