       0        0.000100     4190.348867       64.334282
       1        0.000100     4146.600268       63.994911
       2        0.000100     4073.339246       63.423321
       3        0.000100     3964.385734       62.563599
       4        0.000100     3813.925279       61.356022
       5        0.000100     3619.948685       59.762531
       6        0.000100     3383.599263       57.760571
       7        0.000100     3108.956912       55.342033
       8        0.000100     2802.797343       52.512974
       9        0.000100     2474.210774       49.293819
      10        0.000100     2134.055315       45.719627
      11        0.000100     1794.244836       41.840523
      12        0.000100     1466.890436       37.721874
      13        0.000100     1163.339129       33.444157
      14        0.000100      893.164333       29.101822
      15        0.000100      663.240879       24.803295
      16        0.000100      477.038472       20.677778
      17        0.000100      334.302229       16.873505
      18        0.000100      231.289191       13.580204
      19        0.000100      161.605314       10.988691
      20        0.000100      117.496406        9.130727
      21        0.000100       91.262574        7.889644
      22        0.000100       76.376779        7.114465
      23        0.000100       68.033498        6.655341
      24        0.000100       63.124272        6.370806
      25        0.000100       59.865601        6.174315
      26        0.000100       57.340689        6.021239
      27        0.000100       55.123306        5.888179
      28        0.000100       53.032910        5.764363
      29        0.000100       50.999636        5.644367
      30        0.000100       48.999375        5.525636
      31        0.000100       47.025534        5.407176
      32        0.000100       45.077966        5.288319
      33        0.000100       43.158761        5.168796
      34        0.000100       41.270626        5.048580
      35        0.000100       39.415046        4.927809
      36        0.000100       37.595915        4.806922
      37        0.000100       35.814675        4.685760
      38        0.000100       33.918299        4.555777
      39        0.000100       31.726156        4.399584
      40        0.000100       29.655308        4.245786
      41        0.000100       27.690079        4.094426
      42        0.000100       25.828604        3.946163
      43        0.000100       24.069001        3.801440
      44        0.000100       22.409475        3.660391
      45        0.000100       20.847879        3.522878
      46        0.000100       19.381445        3.389686
      47        0.000100       18.007297        3.260403
      48        0.000100       16.722050        3.134816
      49        0.000100       15.522278        3.013508
      50        0.000100       14.404203        2.896703
      51        0.000100       13.364045        2.784117
      52        0.000100       12.398084        2.675720
      53        0.000100       11.502267        2.571154
      54        0.000100       10.672685        2.470596
      55        0.000100        9.905551        2.374032
      56        0.000100        9.197047        2.281929
      57        0.000100        8.543487        2.193723
      58        0.000100        7.941337        2.109278
      59        0.000100        7.387187        2.028461
      60        0.000100        6.877745        1.952035
      61        0.000100        6.409874        1.880027
      62        0.000100        5.980454        1.812007
      63        0.000100        5.586532        1.748010
      64        0.000100        5.225348        1.688170
      65        0.000100        4.894237        1.631768
      66        0.000100        4.590419        1.578491
      67        0.000100        4.311719        1.528792
      68        0.000100        4.055824        1.482412
      69        0.000100        3.820555        1.438985
      70        0.000100        3.603891        1.398150
      71        0.000100        3.404052        1.359754
      72        0.000100        3.219246        1.323373
      73        0.000100        3.048160        1.289050
      74        0.000100        2.889390        1.256674
      75        0.000100        2.741685        1.225709
      76        0.000100        2.604075        1.196042
      77        0.000100        2.475512        1.167613
      78        0.000100        2.355223        1.140321
      79        0.000100        2.242551        1.114097
      80        0.000100        2.136830        1.088942
      81        0.000100        2.037277        1.064698
      82        0.000100        1.943761        1.041337
      83        0.000100        1.855735        1.018646
      84        0.000100        1.772797        0.996557
      85        0.000100        1.694407        0.975258
      86        0.000100        1.620234        0.954751
      87        0.000100        1.550595        0.935033
      88        0.000100        1.484925        0.916148
      89        0.000100        1.422698        0.897629
      90        0.000100        1.364660        0.879719
      91        0.000100        1.311221        0.862817
      92        0.000100        1.259957        0.846465
      93        0.000100        1.211737        0.830313
      94        0.000100        1.166707        0.814767
      95        0.000100        1.123429        0.799840
      96        0.000100        1.082552        0.785405
      97        0.000100        1.042407        0.770938
      98        0.000100        1.005983        0.757537
      99        0.000100        0.970741        0.744520
     100        0.000100        0.937975        0.732598
     101        0.000100        0.908954        0.721762
     102        0.000100        0.882249        0.711378
     103        0.000100        0.858070        0.701587
     104        0.000100        0.835993        0.692629
     105        0.000100        0.816152        0.684374
     106        0.000100        0.798386        0.676767
     107        0.000100        0.780750        0.669239
     108        0.000100        0.764686        0.662164
     109        0.000100        0.749189        0.655293
     110        0.000100        0.734671        0.648826
     111        0.000100        0.720887        0.642690
     112        0.000100        0.707726        0.636815
     113        0.000100        0.695406        0.631224
     114        0.000100        0.683371        0.625827
     115        0.000100        0.672026        0.620670
     116        0.000100        0.661099        0.615659
     117        0.000100        0.650663        0.610816
     118        0.000100        0.640655        0.606145
     119        0.000100        0.631038        0.601636
     120        0.000100        0.621996        0.597308
     121        0.000100        0.613169        0.593024
     122        0.000100        0.604783        0.588906
     123        0.000100        0.596730        0.584910
     124        0.000100        0.588876        0.581005
     125        0.000100        0.581398        0.577291
     126        0.000100        0.574060        0.573650
     127        0.000100        0.567153        0.570150
     128        0.000100        0.560175        0.566668
     129        0.000100        0.553927        0.563413
     130        0.000100        0.547398        0.560091
     131        0.000100        0.541311        0.556932
     132        0.000100        0.535291        0.553793
     133        0.000100        0.529540        0.550731
     134        0.000100        0.523904        0.547723
     135        0.000100        0.518530        0.544818
     136        0.000100        0.513267        0.541955
     137        0.000100        0.508268        0.539244
     138        0.000100        0.503359        0.536577
     139        0.000100        0.498771        0.534039
     140        0.000100        0.494267        0.531539
     141        0.000100        0.489570        0.528989
     142        0.000100        0.485326        0.526607
     143        0.000100        0.481048        0.524212
     144        0.000100        0.476994        0.521907
     145        0.000100        0.473028        0.519638
     146        0.000100        0.469201        0.517420
     147        0.000100        0.465327        0.515200
     148        0.000100        0.461808        0.513131
     149        0.000100        0.458328        0.511066
     150        0.000100        0.454816        0.509030
     151        0.000100        0.451451        0.507046
     152        0.000100        0.448398        0.505164
     153        0.000100        0.445121        0.503262
     154        0.000100        0.442113        0.501419
     155        0.000100        0.439143        0.499629
     156        0.000100        0.436148        0.497815
     157        0.000100        0.433414        0.496143
     158        0.000100        0.430642        0.494409
     159        0.000100        0.427954        0.492763
     160        0.000100        0.425427        0.491154
     161        0.000100        0.422951        0.489589
     162        0.000100        0.420542        0.488051
     163        0.000100        0.417973        0.486470
     164        0.000100        0.415939        0.485066
     165        0.000100        0.413645        0.483626
     166        0.000100        0.411334        0.482128
     167        0.000100        0.409099        0.480729
     168        0.000100        0.407261        0.479445
     169        0.000100        0.405306        0.478147
     170        0.000100        0.403137        0.476755
     171        0.000100        0.401273        0.475509
     172        0.000100        0.399566        0.474314
     173        0.000100        0.397665        0.473059
     174        0.000100        0.395982        0.471874
     175        0.000100        0.394209        0.470709
     176        0.000100        0.392571        0.469586
     177        0.000100        0.390967        0.468494
     178        0.000100        0.389193        0.467332
     179        0.000100        0.387752        0.466350
     180        0.000100        0.386205        0.465276
     181        0.000100        0.384792        0.464311
     182        0.000100        0.383393        0.463335
     183        0.000100        0.381812        0.462322
     184        0.000100        0.380536        0.461394
     185        0.000100        0.379162        0.460462
     186        0.000100        0.377942        0.459575
     187        0.000100        0.376703        0.458688
     188        0.000100        0.375494        0.457822
     189        0.000100        0.374335        0.456994
     190        0.000100        0.373153        0.456138
     191        0.000100        0.372178        0.455392
     192        0.000100        0.371088        0.454574
     193        0.000100        0.369993        0.453787
     194        0.000100        0.368930        0.452984
     195        0.000100        0.367919        0.452240
     196        0.000100        0.366963        0.451486
     197        0.000100        0.365973        0.450758
     198        0.000100        0.365089        0.450063
     199        0.000100        0.364145        0.449363
     200        0.000100        0.363279        0.448663
     201        0.000100        0.362481        0.448013
     202        0.000100        0.361344        0.447267
     203        0.000100        0.360643        0.446693
     204        0.000100        0.359675        0.445982
     205        0.000100        0.358950        0.445415
     206        0.000100        0.358108        0.444767
     207        0.000100        0.357408        0.444199
     208        0.000100        0.356633        0.443593
     209        0.000100        0.355794        0.442971
     210        0.000100        0.355110        0.442403
     211        0.000100        0.354477        0.441879
     212        0.000100        0.353880        0.441366
     213        0.000100        0.353327        0.440874
     214        0.000100        0.352877        0.440355
     215        0.000100        0.352008        0.439810
     216        0.000100        0.351157        0.439232
     217        0.000100        0.350842        0.438864
     218        0.000100        0.350083        0.438320
     219        0.000100        0.349587        0.437874
     220        0.000100        0.349132        0.437450
     221        0.000100        0.348528        0.436974
     222        0.000100        0.348006        0.436525
     223        0.000100        0.347366        0.436016
     224        0.000100        0.346814        0.435569
     225        0.000100        0.346650        0.435250
     226        0.000100        0.345796        0.434699
     227        0.000100        0.345612        0.434393
     228        0.000100        0.345098        0.433950
     229        0.000100        0.344573        0.433542
     230        0.000100        0.344301        0.433185
     231        0.000100        0.343959        0.432830
     232        0.000100        0.343336        0.432353
     233        0.000100        0.343017        0.432021
     234        0.000100        0.342673        0.431642
     235        0.000100        0.342375        0.431314
     236        0.000100        0.341849        0.430900
     237        0.000100        0.341541        0.430526
     238        0.000100        0.341044        0.430143
     239        0.000100        0.340848        0.429871
     240        0.000100        0.340604        0.429505
     241        0.000100        0.340408        0.429230
     242        0.000100        0.339809        0.428798
     243        0.000100        0.339783        0.428564
     244        0.000100        0.339295        0.428162
     245        0.000100        0.339210        0.427959
     246        0.000100        0.338736        0.427586
     247        0.000100        0.338501        0.427299
     248        0.000100        0.338306        0.427028
     249        0.000100        0.337853        0.426636
     250        0.000100        0.337504        0.426351
     251        0.000100        0.337468        0.426145
     252        0.000100        0.337245        0.425861
     253        0.000100        0.337138        0.425625
     254        0.000100        0.336694        0.425276
     255        0.000100        0.336670        0.425071
     256        0.000100        0.336373        0.424780
     257        0.000100        0.336226        0.424535
     258        0.000100        0.335936        0.424218
     259        0.000100        0.335783        0.423975
     260        0.000100        0.335533        0.423706
     261        0.000100        0.335222        0.423414
     262        0.000100        0.335216        0.423240
     263        0.000100        0.335061        0.422995
     264        0.000100        0.334870        0.422743
     265        0.000100        0.334787        0.422576
     266        0.000100        0.334558        0.422288
     267        0.000100        0.334424        0.422078
     268        0.000100        0.334200        0.421831
     269        0.000100        0.334077        0.421594
     270        0.000100        0.333829        0.421342
     271        0.000100        0.333784        0.421172
     272        0.000100        0.333361        0.420849
     273        0.000100        0.333408        0.420698
     274        0.000100        0.333308        0.420475
     275        0.000100        0.333181        0.420272
     276        0.000100        0.333188        0.420118
     277        0.000100        0.332979        0.419876
     278        0.000100        0.332789        0.419668
     279        0.000100        0.332813        0.419522
     280        0.000100        0.332725        0.419299
     281        0.000100        0.332642        0.419147
     282        0.000100        0.332527        0.418974
     283        0.000100        0.332546        0.418828
     284        0.000100        0.332035        0.418493
     285        0.000100        0.332250        0.418408
     286        0.000100        0.332030        0.418193
     287        0.000100        0.331918        0.418042
     288        0.000100        0.331929        0.417882
     289        0.000100        0.331453        0.417555
     290        0.000100        0.331459        0.417466
     291        0.000100        0.331449        0.417281
     292        0.000100        0.331357        0.417171
     293        0.000100        0.331315        0.416984
     294        0.000100        0.331256        0.416858
     295        0.000100        0.331282        0.416716
     296        0.000100        0.331128        0.416544
     297        0.000100        0.331001        0.416376
     298        0.000100        0.331042        0.416232
     299        0.000100        0.330880        0.416083
     300        0.000100        0.330949        0.415948
     301        0.000100        0.330846        0.415775
     302        0.000100        0.330726        0.415661
     303        0.000100        0.330540        0.415465
     304        0.000100        0.330549        0.415321
     305        0.000100        0.330403        0.415163
     306        0.000100        0.330464        0.415049
     307        0.000100        0.330329        0.414878
     308        0.000100        0.330221        0.414708
     309        0.000100        0.330315        0.414625
     310        0.000100        0.330177        0.414465
     311        0.000100        0.330242        0.414358
     312        0.000100        0.330042        0.414170
     313        0.000100        0.330127        0.414082
     314        0.000100        0.329899        0.413859
     315        0.000100        0.329852        0.413748
     316        0.000100        0.329873        0.413624
     317        0.000100        0.329852        0.413494
     318        0.000100        0.329774        0.413353
     319        0.000100        0.329738        0.413258
     320        0.000100        0.329730        0.413132
     321        0.000100        0.329630        0.413001
     322        0.000100        0.329609        0.412862
     323        0.000100        0.329531        0.412764
     324        0.000100        0.329440        0.412617
     325        0.000100        0.329597        0.412534
     326        0.000100        0.329518        0.412364
     327        0.000100        0.329422        0.412259
     328        0.000100        0.329482        0.412154
     329        0.000100        0.329576        0.412069
     330        0.000100        0.329371        0.411878
     331        0.000100        0.329406        0.411790
     332        0.000100        0.329118        0.411545
     333        0.000100        0.329080        0.411450
     334        0.000100        0.329130        0.411299
     335        0.000100        0.329028        0.411139
     336        0.000100        0.328991        0.411046
     337        0.000100        0.329024        0.410939
     338        0.000100        0.328868        0.410777
     339        0.000100        0.329112        0.410748
     340        0.000100        0.329107        0.410623
     341        0.000100        0.329152        0.410579
     342        0.000100        0.329222        0.410494
     343        0.000100        0.329459        0.410466
     344        0.000100        0.329263        0.410320
     345        0.000100        0.329553        0.410296
     346        0.000100        0.329295        0.410113
     347        0.000100        0.329584        0.410096
     348        0.000100        0.329526        0.409931
     349        0.000100        0.329448        0.409834
     350        0.000100        0.329401        0.409667
     351        0.000100        0.329488        0.409603
     352        0.000100        0.329335        0.409384
     353        0.000100        0.329359        0.409346
     354        0.000100        0.329494        0.409264
     355        0.000100        0.329567        0.409179
     356        0.000100        0.329600        0.409084
     357        0.000100        0.329526        0.408993
     358        0.000100        0.330270        0.409156
     359        0.000100        0.330247        0.409091
     360        0.000100        0.330624        0.409089
     361        0.000100        0.330816        0.409070
     362        0.000100        0.330753        0.408955
     363        0.000100        0.330668        0.408831
     364        0.000100        0.330810        0.408734
     365        0.000100        0.330828        0.408642
     366        0.000100        0.330656        0.408473
     367        0.000100        0.331018        0.408540
     368        0.000100        0.330781        0.408341
     369        0.000100        0.330733        0.408210
     370        0.000100        0.330562        0.408057
     371        0.000100        0.330805        0.408063
     372        0.000100        0.330817        0.407989
     373        0.000100        0.330936        0.407921
     374        0.000100        0.330827        0.407795
     375        0.000100        0.331072        0.407790
     376        0.000100        0.330925        0.407662
     377        0.000100        0.330985        0.407594
     378        0.000100        0.331100        0.407550
     379        0.000100        0.331117        0.407501
     380        0.000100        0.330783        0.407321
     381        0.000100        0.330808        0.407194
     382        0.000100        0.330271        0.406928
     383        0.000100        0.331158        0.407171
     384        0.000100        0.331066        0.407083
     385        0.000100        0.331205        0.407010
     386        0.000100        0.330844        0.406795
     387        0.000100        0.330493        0.406627
     388        0.000100        0.331357        0.406802
     389        0.000100        0.331053        0.406577
     390        0.000100        0.331237        0.406591
     391        0.000100        0.331140        0.406416
     392        0.000100        0.331362        0.406511
     393        0.000100        0.331532        0.406405
     394        0.000100        0.331365        0.406295
     395        0.000100        0.330112        0.405781
     396        0.000100        0.331422        0.406090
     397        0.000100        0.331243        0.405977
     398        0.000100        0.330744        0.405724
     399        0.000100        0.331386        0.405915
     400        0.000100        0.331443        0.405860
     401        0.000100        0.330786        0.405498
     402        0.000100        0.332177        0.405945
     403        0.000100        0.331627        0.405657
     404        0.000100        0.332431        0.405878
     405        0.000100        0.332294        0.405695
     406        0.000100        0.332608        0.405765
     407        0.000100        0.332632        0.405671
     408        0.000100        0.333030        0.405756
     409        0.000100        0.333114        0.405758
     410        0.000100        0.333214        0.405707
     411        0.000100        0.333402        0.405691
     412        0.000100        0.333523        0.405643
     413        0.000100        0.333860        0.405673
     414        0.000100        0.334050        0.405658
     415        0.000100        0.333962        0.405525
     416        0.000100        0.334386        0.405649
     417        0.000100        0.335019        0.405809
     418        0.000100        0.334868        0.405719
     419        0.000100        0.334700        0.405532
     420        0.000100        0.334911        0.405473
     421        0.000100        0.335308        0.405581
     422        0.000100        0.335154        0.405400
     423        0.000100        0.335496        0.405494
     424        0.000100        0.335358        0.405323
     425        0.000100        0.335406        0.405271
     426        0.000100        0.335701        0.405329
     427        0.000100        0.335702        0.405235
     428        0.000100        0.335917        0.405272
     429        0.000100        0.336051        0.405195
     430        0.000100        0.335961        0.405084
     431        0.000100        0.336227        0.405141
     432        0.000100        0.336270        0.404992
     433        0.000100        0.336288        0.404994
     434        0.000100        0.336254        0.404933
     435        0.000100        0.336547        0.404885
     436        0.000100        0.336321        0.404773
     437        0.000100        0.336516        0.404785
     438        0.000100        0.336832        0.404867
     439        0.000100        0.336993        0.404874
     440        0.000100        0.336728        0.404771
     441        0.000100        0.337025        0.404858
     442        0.000100        0.337144        0.404824
     443        0.000100        0.337098        0.404796
     444        0.000100        0.337186        0.404725
     445        0.000100        0.337102        0.404677
     446        0.000100        0.336914        0.404517
     447        0.000100        0.337264        0.404581
     448        0.000100        0.337419        0.404539
     449        0.000100        0.337422        0.404516
     450        0.000100        0.337402        0.404420
     451        0.000100        0.337659        0.404462
     452        0.000100        0.337120        0.404205
     453        0.000100        0.337314        0.404272
     454        0.000100        0.337311        0.404147
     455        0.000100        0.337570        0.404161
     456        0.000100        0.337482        0.404023
     457        0.000100        0.337814        0.404127
     458        0.000100        0.337733        0.403977
     459        0.000100        0.338006        0.404106
     460        0.000100        0.337966        0.403920
     461        0.000100        0.337978        0.403972
     462        0.000100        0.337672        0.403723
     463        0.000100        0.337697        0.403637
     464        0.000100        0.338139        0.403673
     465        0.000100        0.337871        0.403576
     466        0.000100        0.338212        0.403579
     467        0.000100        0.338781        0.403741
     468        0.000100        0.338901        0.403770
     469        0.000100        0.338707        0.403654
     470        0.000100        0.338996        0.403609
     471        0.000100        0.339433        0.403826
     472        0.000100        0.339285        0.403603
     473        0.000100        0.339537        0.403657
     474        0.000100        0.340353        0.403815
     475        0.000100        0.340055        0.403699
     476        0.000100        0.340744        0.403922
     477        0.000100        0.340493        0.403708
     478        0.000100        0.340824        0.403761
     479        0.000100        0.340839        0.403663
     480        0.000100        0.341194        0.403813
     481        0.000100        0.341282        0.403747
     482        0.000100        0.341358        0.403713
     483        0.000100        0.341475        0.403718
     484        0.000100        0.341690        0.403765
     485        0.000100        0.341874        0.403764
     486        0.000100        0.341760        0.403695
     487        0.000100        0.342013        0.403623
     488        0.000100        0.342137        0.403611
     489        0.000100        0.342385        0.403714
     490        0.000100        0.342533        0.403714
     491        0.000100        0.342420        0.403558
     492        0.000100        0.342308        0.403448
     493        0.000100        0.342793        0.403644
     494        0.000100        0.342930        0.403636
     495        0.000100        0.342820        0.403560
     496        0.000100        0.343007        0.403559
     497        0.000100        0.343059        0.403530
     498        0.000100        0.343302        0.403576
     499        0.000100        0.343546        0.403616
     500        0.000100        0.343985        0.403781
     501        0.000100        0.343673        0.403589
     502        0.000100        0.343957        0.403765
     503        0.000100        0.344107        0.403769
     504        0.000100        0.343843        0.403629
     505        0.000100        0.344139        0.403688
     506        0.000100        0.344076        0.403628
     507        0.000100        0.344175        0.403643
     508        0.000100        0.344264        0.403635
     509        0.000100        0.344294        0.403614
     510        0.000100        0.344483        0.403664
     511        0.000100        0.344622        0.403664
     512        0.000100        0.344517        0.403573
     513        0.000100        0.344509        0.403538
     514        0.000100        0.344876        0.403600
     515        0.000100        0.344913        0.403565
     516        0.000100        0.345172        0.403605
     517        0.000100        0.344934        0.403431
     518        0.000100        0.345105        0.403485
     519        0.000100        0.345638        0.403626
     520        0.000100        0.344720        0.403253
     521        0.000100        0.344932        0.403330
     522        0.000100        0.345454        0.403418
     523        0.000100        0.345566        0.403382
     524        0.000100        0.345676        0.403314
     525        0.000100        0.346021        0.403418
     526        0.000100        0.345916        0.403300
     527        0.000100        0.346149        0.403339
     528        0.000100        0.346533        0.403403
     529        0.000100        0.345769        0.403146
     530        0.000100        0.345992        0.403143
     531        0.000100        0.346351        0.403150
     532        0.000100        0.346544        0.403219
     533        0.000100        0.346649        0.403163
     534        0.000100        0.346537        0.403011
     535        0.000100        0.346853        0.403123
     536        0.000100        0.346834        0.403070
     537        0.000100        0.346194        0.402781
     538        0.000100        0.346998        0.403022
     539        0.000100        0.347525        0.403131
     540        0.000100        0.347497        0.403017
     541        0.000100        0.347899        0.403072
     542        0.000100        0.348158        0.403118
     543        0.000100        0.348214        0.402996
     544        0.000100        0.348168        0.402967
     545        0.000100        0.348774        0.403123
     546        0.000100        0.348222        0.402845
     547        0.000100        0.348366        0.402883
     548        0.000100        0.348669        0.402952
     549        0.000100        0.348578        0.402923
     550        0.000100        0.348529        0.402805
     551        0.000100        0.348783        0.402857
     552        0.000100        0.349004        0.402877
     553        0.000100        0.349298        0.402896
     554        0.000100        0.349721        0.403010
     555        0.000100        0.349563        0.402875
     556        0.000100        0.349838        0.402912
     557        0.000100        0.349984        0.402909
     558        0.000100        0.350258        0.402960
     559        0.000100        0.350554        0.403116
     560        0.000100        0.350354        0.402963
     561        0.000100        0.350203        0.402899
     562        0.000100        0.350831        0.403053
     563        0.000100        0.350483        0.402938
     564        0.000100        0.349928        0.402765
     565        0.000100        0.350003        0.402703
     566        0.000100        0.350574        0.402835
     567        0.000100        0.350441        0.402735
     568        0.000100        0.350693        0.402819
     569        0.000100        0.350701        0.402808
     570        0.000100        0.350826        0.402836
     571        0.000100        0.351546        0.403055
     572        0.000100        0.351647        0.403098
     573        0.000100        0.351740        0.403166
     574        0.000100        0.351638        0.402994
     575        0.000100        0.351846        0.403084
     576        0.000100        0.351581        0.402932
     577        0.000100        0.351365        0.402856
     578        0.000100        0.350327        0.402419
     579        0.000100        0.351198        0.402746
     580        0.000100        0.351435        0.402721
     581        0.000100        0.351268        0.402619
     582        0.000100        0.351477        0.402602
     583        0.000100        0.351600        0.402643
     584        0.000100        0.351739        0.402560
     585        0.000100        0.351813        0.402649
     586        0.000100        0.351845        0.402581
     587        0.000100        0.352161        0.402660
     588        0.000100        0.352025        0.402429
     589        0.000100        0.352087        0.402447
     590        0.000100        0.352436        0.402469
     591        0.000100        0.352239        0.402392
     592        0.000100        0.353093        0.402663
     593        0.000100        0.352542        0.402461
     594        0.000100        0.352575        0.402393
     595        0.000100        0.353001        0.402465
     596        0.000100        0.353197        0.402452
     597        0.000100        0.353189        0.402295
     598        0.000100        0.353289        0.402227
     599        0.000100        0.354589        0.402784
     600        0.000100        0.355039        0.402806
     601        0.000100        0.354921        0.402752
     602        0.000100        0.355410        0.402838
     603        0.000100        0.355554        0.402795
     604        0.000100        0.355867        0.402838
     605        0.000100        0.355833        0.402778
     606        0.000100        0.356123        0.402691
     607        0.000100        0.356462        0.402770
     608        0.000100        0.356738        0.402754
     609        0.000100        0.357135        0.402871
     610        0.000100        0.357242        0.402752
     611        0.000100        0.356596        0.402533
     612        0.000100        0.357646        0.402770
     613        0.000100        0.357563        0.402685
     614        0.000100        0.357994        0.402769
     615        0.000100        0.357943        0.402742
     616        0.000100        0.358560        0.402847
     617        0.000100        0.358224        0.402766
     618        0.000100        0.359042        0.402987
     619        0.000100        0.358698        0.402796
     620        0.000100        0.359020        0.402893
     621        0.000100        0.359228        0.402885
     622        0.000100        0.359868        0.403023
     623        0.000100        0.359457        0.402880
     624        0.000100        0.359532        0.402891
     625        0.000100        0.359036        0.402741
     626        0.000100        0.359809        0.402903
     627        0.000100        0.359641        0.402910
     628        0.000100        0.360349        0.403024
     629        0.000100        0.360227        0.403037
     630        0.000100        0.360492        0.403042
     631        0.000100        0.360694        0.403133
     632        0.000100        0.360491        0.402962
     633        0.000100        0.360261        0.402969
     634        0.000100        0.360280        0.402858
     635        0.000100        0.360383        0.402965
     636        0.000100        0.360658        0.402921
     637        0.000100        0.360666        0.402882
     638        0.000100        0.360694        0.402836
     639        0.000100        0.360890        0.402925
     640        0.000100        0.361106        0.402925
     641        0.000100        0.361156        0.402973
     642        0.000100        0.361358        0.402955
     643        0.000100        0.361214        0.402843
     644        0.000100        0.361110        0.402719
     645        0.000100        0.360841        0.402592
     646        0.000100        0.361768        0.402869
     647        0.000100        0.361964        0.402937
     648        0.000100        0.362088        0.402836
     649        0.000100        0.361592        0.402672
     650        0.000100        0.362217        0.402818
     651        0.000100        0.362223        0.402739
     652        0.000100        0.362601        0.402847
     653        0.000100        0.362530        0.402777
     654        0.000100        0.363082        0.402826
     655        0.000100        0.363202        0.402768
     656        0.000100        0.363248        0.402692
     657        0.000100        0.363262        0.402723
     658        0.000100        0.362864        0.402399
     659        0.000100        0.363754        0.402600
     660        0.000100        0.364130        0.402652
     661        0.000100        0.364018        0.402666
     662        0.000100        0.364236        0.402562
     663        0.000100        0.364312        0.402578
     664        0.000100        0.364731        0.402559
     665        0.000100        0.364480        0.402377
     666        0.000100        0.365037        0.402565
     667        0.000100        0.364963        0.402443
     668        0.000100        0.365447        0.402566
     669        0.000100        0.364864        0.402270
     670        0.000100        0.365385        0.402321
     671        0.000100        0.366106        0.402563
     672        0.000100        0.365686        0.402351
     673        0.000100        0.365674        0.402294
     674        0.000100        0.366731        0.402547
     675        0.000100        0.366725        0.402542
     676        0.000100        0.366619        0.402358
     677        0.000100        0.366550        0.402377
     678        0.000100        0.367350        0.402639
     679        0.000100        0.367116        0.402551
     680        0.000100        0.367227        0.402422
     681        0.000100        0.367497        0.402591
     682        0.000100        0.367214        0.402358
     683        0.000100        0.367149        0.402416
     684        0.000100        0.366990        0.402342
     685        0.000100        0.367022        0.402232
     686        0.000100        0.367923        0.402507
     687        0.000100        0.367629        0.402475
     688        0.000100        0.368309        0.402606
     689        0.000100        0.367955        0.402454
     690        0.000100        0.368195        0.402460
     691        0.000100        0.368228        0.402467
     692        0.000100        0.368309        0.402520
     693        0.000100        0.368168        0.402407
     694        0.000100        0.368841        0.402575
     695        0.000100        0.369073        0.402686
     696        0.000100        0.369153        0.402579
     697        0.000100        0.369154        0.402611
     698        0.000100        0.369572        0.402736
     699        0.000100        0.369224        0.402594
     700        0.000100        0.369153        0.402448
     701        0.000100        0.369681        0.402630
     702        0.000100        0.370201        0.402702
     703        0.000100        0.370132        0.402619
     704        0.000100        0.370782        0.402815
     705        0.000100        0.370862        0.402837
     706        0.000100        0.371015        0.402813
     707        0.000100        0.370675        0.402668
     708        0.000100        0.370826        0.402615
     709        0.000100        0.370956        0.402654
     710        0.000100        0.371559        0.402762
     711        0.000100        0.371674        0.402703
     712        0.000100        0.372530        0.402967
     713        0.000100        0.372062        0.402754
     714        0.000100        0.372362        0.402772
     715        0.000100        0.371898        0.402542
     716        0.000100        0.372348        0.402610
     717        0.000100        0.372740        0.402672
     718        0.000100        0.373398        0.402721
     719        0.000100        0.372971        0.402560
     720        0.000100        0.373082        0.402483
     721        0.000100        0.372689        0.402350
     722        0.000100        0.373233        0.402460
     723        0.000100        0.373094        0.402334
     724        0.000100        0.373830        0.402536
     725        0.000100        0.373973        0.402484
     726        0.000100        0.374107        0.402457
     727        0.000100        0.373709        0.402136
     728        0.000100        0.374242        0.402221
     729        0.000100        0.374461        0.402347
     730        0.000100        0.374778        0.402262
     731        0.000100        0.373994        0.402006
     732        0.000100        0.374663        0.402170
     733        0.000100        0.375518        0.402409
     734        0.000100        0.375604        0.402345
     735        0.000100        0.375662        0.402372
     736        0.000100        0.375915        0.402416
     737        0.000100        0.375892        0.402469
     738        0.000100        0.375721        0.402248
     739        0.000100        0.375580        0.402268
     740        0.000100        0.376387        0.402431
     741        0.000100        0.376635        0.402586
     742        0.000100        0.377211        0.402685
     743        0.000100        0.376616        0.402472
     744        0.000100        0.377112        0.402465
     745        0.000100        0.376926        0.402464
     746        0.000100        0.377367        0.402560
     747        0.000100        0.377347        0.402554
     748        0.000100        0.377993        0.402729
     749        0.000100        0.377932        0.402598
     750        0.000100        0.379076        0.402933
     751        0.000100        0.378518        0.402796
     752        0.000100        0.378713        0.402807
     753        0.000100        0.378688        0.402736
     754        0.000100        0.379019        0.402753
     755        0.000100        0.379410        0.402885
     756        0.000100        0.380268        0.403118
     757        0.000100        0.380248        0.403074
     758        0.000100        0.380486        0.403071
     759        0.000100        0.379893        0.402815
     760        0.000100        0.380341        0.402903
     761        0.000100        0.380609        0.403047
     762        0.000100        0.380460        0.402836
     763        0.000100        0.381224        0.403147
     764        0.000100        0.381351        0.403046
     765        0.000100        0.381146        0.402958
     766        0.000100        0.380449        0.402574
     767        0.000100        0.381586        0.402911
     768        0.000100        0.382077        0.403038
     769        0.000100        0.381790        0.402896
     770        0.000100        0.382361        0.403000
     771        0.000100        0.382010        0.402825
     772        0.000100        0.382755        0.403054
     773        0.000100        0.382308        0.402887
     774        0.000100        0.382038        0.402671
     775        0.000100        0.382308        0.402672
     776        0.000100        0.383236        0.402912
     777        0.000100        0.383361        0.402930
     778        0.000100        0.383020        0.402640
     779        0.000100        0.383522        0.402905
     780        0.000100        0.383933        0.402900
     781        0.000100        0.383786        0.402842
     782        0.000100        0.383907        0.402680
     783        0.000100        0.384508        0.402905
     784        0.000100        0.385101        0.402955
     785        0.000100        0.385607        0.403139
     786        0.000100        0.385760        0.403018
     787        0.000100        0.385995        0.403159
     788        0.000100        0.385905        0.402955
     789        0.000100        0.385660        0.402744
     790        0.000100        0.386373        0.402943
     791        0.000100        0.387309        0.403262
     792        0.000100        0.387457        0.403178
     793        0.000100        0.386862        0.402922
     794        0.000100        0.387711        0.403030
     795        0.000100        0.387937        0.403142
     796        0.000100        0.388083        0.403123
     797        0.000100        0.388217        0.403093
     798        0.000100        0.388916        0.403288
     799        0.000100        0.388599        0.403153
     800        0.000100        0.389171        0.403261
     801        0.000100        0.388477        0.403042
     802        0.000100        0.389140        0.403288
     803        0.000100        0.388570        0.402978
     804        0.000100        0.389857        0.403380
     805        0.000100        0.389898        0.403369
     806        0.000100        0.390159        0.403327
     807        0.000100        0.390042        0.403340
     808        0.000100        0.390389        0.403438
     809        0.000100        0.389593        0.403173
     810        0.000100        0.389896        0.403151
     811        0.000100        0.390246        0.403307
     812        0.000100        0.391026        0.403499
     813        0.000100        0.390365        0.403272
     814        0.000100        0.391210        0.403395
     815        0.000100        0.391213        0.403480
     816        0.000100        0.391257        0.403342
     817        0.000100        0.391707        0.403531
     818        0.000100        0.391690        0.403428
     819        0.000100        0.392248        0.403663
     820        0.000100        0.392220        0.403526
     821        0.000100        0.392514        0.403671
     822        0.000100        0.392443        0.403451
     823        0.000100        0.392588        0.403534
     824        0.000100        0.392543        0.403417
     825        0.000100        0.393271        0.403663
     826        0.000100        0.393522        0.403565
     827        0.000100        0.394239        0.403843
     828        0.000100        0.394198        0.403665
     829        0.000100        0.394418        0.403772
     830        0.000100        0.393715        0.403352
     831        0.000100        0.394193        0.403587
     832        0.000100        0.394637        0.403483
     833        0.000100        0.395301        0.403696
     834        0.000100        0.395796        0.403762
     835        0.000100        0.396226        0.403890
     836        0.000100        0.396216        0.403713
     837        0.000100        0.395647        0.403483
     838        0.000100        0.396490        0.403684
     839        0.000100        0.396776        0.403769
     840        0.000100        0.397304        0.403831
     841        0.000100        0.397478        0.403775
     842        0.000100        0.397754        0.403765
     843        0.000100        0.397699        0.403753
     844        0.000100        0.398243        0.403806
     845        0.000100        0.397796        0.403557
     846        0.000100        0.398500        0.403758
     847        0.000100        0.398494        0.403667
     848        0.000100        0.399380        0.403857
     849        0.000100        0.399851        0.404003
     850        0.000100        0.400125        0.404002
     851        0.000100        0.399603        0.403820
     852        0.000100        0.399642        0.403757
     853        0.000100        0.398929        0.403443
     854        0.000100        0.400144        0.403824
     855        0.000100        0.399852        0.403669
     856        0.000100        0.401065        0.404054
     857        0.000100        0.400722        0.403894
     858        0.000100        0.400466        0.403731
     859        0.000100        0.400192        0.403638
     860        0.000100        0.400156        0.403443
     861        0.000100        0.400782        0.403780
     862        0.000100        0.401497        0.403924
     863        0.000100        0.401214        0.403767
     864        0.000100        0.401759        0.403960
     865        0.000100        0.401472        0.403835
     866        0.000100        0.401328        0.403615
     867        0.000100        0.401786        0.403941
     868        0.000100        0.401800        0.403738
     869        0.000100        0.402635        0.404063
     870        0.000100        0.403093        0.404022
     871        0.000100        0.402788        0.403891
     872        0.000100        0.403430        0.404114
     873        0.000100        0.402985        0.403902
     874        0.000100        0.403663        0.404122
     875        0.000100        0.403316        0.403899
     876        0.000100        0.404585        0.404283
     877        0.000100        0.404267        0.404101
     878        0.000100        0.405829        0.404628
     879        0.000100        0.405459        0.404462
     880        0.000100        0.404870        0.404139
     881        0.000100        0.405328        0.404314
     882        0.000100        0.405139        0.404083
     883        0.000100        0.405874        0.404366
     884        0.000100        0.406458        0.404389
     885        0.000100        0.406734        0.404470
     886        0.000100        0.407143        0.404491
     887        0.000100        0.406477        0.404176
     888        0.000100        0.407252        0.404377
     889        0.000100        0.407080        0.404305
     890        0.000100        0.407887        0.404396
     891        0.000100        0.407889        0.404284
     892        0.000100        0.408036        0.404293
     893        0.000100        0.408754        0.404569
     894        0.000100        0.408580        0.404301
     895        0.000100        0.408804        0.404462
     896        0.000100        0.409035        0.404248
     897        0.000100        0.410046        0.404667
     898        0.000100        0.410173        0.404542
     899        0.000100        0.410689        0.404702
     900        0.000100        0.411222        0.404788
     901        0.000100        0.410681        0.404616
     902        0.000100        0.411082        0.404578
     903        0.000100        0.410676        0.404336
     904        0.000100        0.411517        0.404584
     905        0.000100        0.411634        0.404530
     906        0.000100        0.412453        0.404747
     907        0.000100        0.412885        0.404932
     908        0.000100        0.412648        0.404817
     909        0.000100        0.411515        0.404371
     910        0.000100        0.412592        0.404703
     911        0.000100        0.412499        0.404624
     912        0.000100        0.412799        0.404625
     913        0.000100        0.412858        0.404575
     914        0.000100        0.413863        0.404905
     915        0.000100        0.413563        0.404803
     916        0.000100        0.413625        0.404680
     917        0.000100        0.413230        0.404609
     918        0.000100        0.413135        0.404350
     919        0.000100        0.413475        0.404407
     920        0.000100        0.414900        0.404859
     921        0.000100        0.415109        0.404943
     922        0.000100        0.415348        0.404918
     923        0.000100        0.414623        0.404624
     924        0.000100        0.415237        0.404781
     925        0.000100        0.414943        0.404559
     926        0.000100        0.416043        0.404897
     927        0.000100        0.415984        0.404784
     928        0.000100        0.416737        0.405062
     929        0.000100        0.416856        0.405075
     930        0.000100        0.416289        0.404761
     931        0.000100        0.416711        0.404949
     932        0.000100        0.416309        0.404676
     933        0.000100        0.417530        0.405061
     934        0.000100        0.417584        0.404872
     935        0.000100        0.418018        0.405119
     936        0.000100        0.418535        0.405178
     937        0.000100        0.418156        0.405038
     938        0.000100        0.418702        0.405132
     939        0.000100        0.418797        0.405094
     940        0.000100        0.418437        0.404787
     941        0.000100        0.419212        0.405018
     942        0.000100        0.419422        0.404889
     943        0.000100        0.420423        0.405314
     944        0.000100        0.420777        0.405345
     945        0.000100        0.420366        0.405202
     946        0.000100        0.420128        0.404887
     947        0.000100        0.420951        0.405106
     948        0.000100        0.420857        0.404936
     949        0.000100        0.421743        0.405246
     950        0.000100        0.422206        0.405269
     951        0.000100        0.421733        0.405106
     952        0.000100        0.422443        0.405283
     953        0.000100        0.422507        0.405259
     954        0.000100        0.423215        0.405214
     955        0.000100        0.423149        0.405124
     956        0.000100        0.424331        0.405491
     957        0.000100        0.424509        0.405481
     958        0.000100        0.424757        0.405464
     959        0.000100        0.425256        0.405633
     960        0.000100        0.424894        0.405392
     961        0.000100        0.425239        0.405486
     962        0.000100        0.425103        0.405260
     963        0.000100        0.425867        0.405457
     964        0.000100        0.425993        0.405352
     965        0.000100        0.426591        0.405646
     966        0.000100        0.427098        0.405791
     967        0.000100        0.426840        0.405734
     968        0.000100        0.427003        0.405617
     969        0.000100        0.426651        0.405352
     970        0.000100        0.427205        0.405377
     971        0.000100        0.427189        0.405402
     972        0.000100        0.428493        0.405734
     973        0.000100        0.428368        0.405767
     974        0.000100        0.428695        0.405870
     975        0.000100        0.427577        0.405477
     976        0.000100        0.428933        0.405798
     977        0.000100        0.428580        0.405585
     978        0.000100        0.429466        0.405823
     979        0.000100        0.429536        0.405738
     980        0.000100        0.430556        0.406123
     981        0.000100        0.430464        0.406131
     982        0.000100        0.429877        0.405847
     983        0.000100        0.430466        0.406041
     984        0.000100        0.430018        0.405714
     985        0.000100        0.430381        0.405714
     986        0.000100        0.431701        0.406053
     987        0.000100        0.431863        0.406116
     988        0.000100        0.431817        0.406086
     989        0.000100        0.432463        0.406401
     990        0.000100        0.432145        0.406193
     991        0.000100        0.432571        0.406175
     992        0.000100        0.432074        0.405872
     993        0.000100        0.433316        0.406222
     994        0.000100        0.433314        0.405979
     995        0.000100        0.434306        0.406357
     996        0.000100        0.434591        0.406418
     997        0.000100        0.434399        0.406346
     998        0.000100        0.434379        0.406264
     999        0.000100        0.434044        0.405974
    1000        0.000100        0.435447        0.406206
    1001        0.000100        0.435685        0.406126
    1002        0.000100        0.436402        0.406358
    1003        0.000100        0.436933        0.406507
    1004        0.000100        0.436741        0.406493
    1005        0.000100        0.436510        0.406406
    1006        0.000100        0.436865        0.406362
    1007        0.000100        0.436920        0.406176
    1008        0.000100        0.438623        0.406585
    1009        0.000100        0.439302        0.406705
    1010        0.000100        0.438902        0.406505
    1011        0.000100        0.439385        0.406769
    1012        0.000100        0.439353        0.406639
    1013        0.000100        0.439396        0.406653
    1014        0.000100        0.439878        0.406604
    1015        0.000100        0.439737        0.406397
    1016        0.000100        0.441402        0.406815
    1017        0.000100        0.441734        0.406859
    1018        0.000100        0.441023        0.406622
    1019        0.000100        0.441560        0.406850
    1020        0.000100        0.440859        0.406656
    1021        0.000100        0.440520        0.406442
    1022        0.000100        0.441924        0.406759
    1023        0.000100        0.442762        0.406882
    1024        0.000100        0.443532        0.407003
    1025        0.000100        0.444021        0.407129
    1026        0.000100        0.442816        0.406772
    1027        0.000100        0.442982        0.406937
    1028        0.000100        0.442133        0.406583
    1029        0.000100        0.443068        0.406769
    1030        0.000100        0.443743        0.406738
    1031        0.000100        0.445442        0.407221
    1032        0.000050        0.446126        0.407324
    1033        0.000050        0.447655        0.408526
    1034        0.000050        0.447975        0.408624
    1035        0.000050        0.448212        0.408714
    1036        0.000050        0.447894        0.408539
    1037        0.000050        0.448319        0.408672
    1038        0.000050        0.448433        0.408674
    1039        0.000050        0.448332        0.408637
    1040        0.000050        0.448525        0.408634
    1041        0.000050        0.448724        0.408645
    1042        0.000050        0.448826        0.408634
    1043        0.000050        0.448991        0.408641
    1044        0.000050        0.448831        0.408514
    1045        0.000050        0.449291        0.408653
    1046        0.000050        0.449229        0.408606
    1047        0.000050        0.449328        0.408559
    1048        0.000050        0.449692        0.408646
    1049        0.000050        0.450053        0.408704
    1050        0.000050        0.449850        0.408613
    1051        0.000050        0.450125        0.408633
    1052        0.000050        0.450005        0.408521
    1053        0.000050        0.450621        0.408699
    1054        0.000050        0.450550        0.408630
    1055        0.000050        0.450817        0.408658
    1056        0.000050        0.450744        0.408587
    1057        0.000050        0.451130        0.408664
    1058        0.000050        0.451301        0.408653
    1059        0.000050        0.451805        0.408741
    1060        0.000050        0.452013        0.408757
    1061        0.000050        0.452140        0.408757
    1062        0.000050        0.452094        0.408733
    1063        0.000050        0.451906        0.408594
    1064        0.000050        0.452529        0.408751
    1065        0.000050        0.452874        0.408763
    1066        0.000050        0.452273        0.408577
    1067        0.000050        0.452965        0.408726
    1068        0.000050        0.453331        0.408789
    1069        0.000050        0.453158        0.408682
    1070        0.000050        0.453760        0.408851
    1071        0.000050        0.453862        0.408816
    1072        0.000050        0.454072        0.408839
    1073        0.000050        0.454106        0.408796
    1074        0.000050        0.453716        0.408654
    1075        0.000050        0.454475        0.408833
    1076        0.000050        0.454886        0.408899
    1077        0.000050        0.454313        0.408677
    1078        0.000050        0.454872        0.408852
    1079        0.000050        0.455234        0.408867
    1080        0.000050        0.455385        0.408880
    1081        0.000050        0.455198        0.408759
    1082        0.000050        0.455620        0.408895
    1083        0.000050        0.456038        0.408939
    1084        0.000050        0.456259        0.408950
    1085        0.000050        0.456491        0.408969
    1086        0.000050        0.456671        0.409028
    1087        0.000050        0.456877        0.409045
    1088        0.000050        0.456823        0.408990
    1089        0.000050        0.456497        0.408830
    1090        0.000050        0.457401        0.409038
    1091        0.000050        0.457720        0.409085
    1092        0.000050        0.457270        0.408966
    1093        0.000050        0.457292        0.408884
    1094        0.000050        0.458041        0.409079
    1095        0.000050        0.458059        0.409024
    1096        0.000050        0.457988        0.409020
    1097        0.000050        0.458161        0.409009
    1098        0.000050        0.458068        0.408891
    1099        0.000050        0.459049        0.409133
    1100        0.000050        0.459072        0.409123
    1101        0.000050        0.459290        0.409175
    1102        0.000050        0.458516        0.408917
    1103        0.000050        0.459363        0.409070
    1104        0.000050        0.459966        0.409228
    1105        0.000050        0.459560        0.409044
    1106        0.000050        0.459831        0.409170
    1107        0.000050        0.460244        0.409205
    1108        0.000050        0.459901        0.409052
    1109        0.000050        0.460602        0.409201
    1110        0.000050        0.460552        0.409183
    1111        0.000050        0.460833        0.409182
    1112        0.000050        0.461088        0.409231
    1113        0.000050        0.460649        0.409033
    1114        0.000050        0.461234        0.409218
    1115        0.000050        0.461591        0.409248
    1116        0.000050        0.461772        0.409274
    1117        0.000050        0.461884        0.409275
    1118        0.000050        0.461923        0.409272
    1119        0.000050        0.462551        0.409359
    1120        0.000050        0.462212        0.409201
    1121        0.000050        0.462791        0.409365
    1122        0.000050        0.462949        0.409394
    1123        0.000050        0.463250        0.409407
    1124        0.000050        0.463369        0.409437
    1125        0.000050        0.463028        0.409246
    1126        0.000050        0.463575        0.409408
    1127        0.000050        0.464157        0.409488
    1128        0.000050        0.463913        0.409429
    1129        0.000050        0.464063        0.409411
    1130        0.000050        0.464348        0.409434
    1131        0.000050        0.464567        0.409428
    1132        0.000050        0.464410        0.409369
    1133        0.000050        0.464820        0.409420
    1134        0.000050        0.465060        0.409480
    1135        0.000050        0.464600        0.409278
    1136        0.000050        0.465165        0.409455
    1137        0.000050        0.465687        0.409508
    1138        0.000050        0.465773        0.409496
    1139        0.000050        0.465614        0.409369
    1140        0.000050        0.466247        0.409597
    1141        0.000050        0.466548        0.409618
    1142        0.000050        0.466347        0.409555
    1143        0.000050        0.466716        0.409576
    1144        0.000050        0.466119        0.409352
    1145        0.000050        0.467219        0.409633
    1146        0.000050        0.467213        0.409590
    1147        0.000050        0.467220        0.409565
    1148        0.000050        0.466476        0.409335
    1149        0.000050        0.467411        0.409529
    1150        0.000050        0.467593        0.409549
    1151        0.000050        0.467923        0.409582
    1152        0.000050        0.467541        0.409427
    1153        0.000050        0.468211        0.409617
    1154        0.000050        0.468552        0.409661
    1155        0.000050        0.468951        0.409719
    1156        0.000050        0.469111        0.409781
    1157        0.000050        0.468791        0.409672
    1158        0.000050        0.469156        0.409747
    1159        0.000050        0.468960        0.409567
    1160        0.000050        0.469739        0.409815
    1161        0.000050        0.469956        0.409840
    1162        0.000050        0.469853        0.409799
    1163        0.000050        0.470165        0.409817
    1164        0.000050        0.469569        0.409587
    1165        0.000050        0.470483        0.409818
    1166        0.000050        0.470577        0.409823
    1167        0.000050        0.470719        0.409802
    1168        0.000050        0.470898        0.409830
    1169        0.000050        0.471092        0.409847
    1170        0.000050        0.471097        0.409841
    1171        0.000050        0.470558        0.409596
    1172        0.000050        0.471506        0.409845
    1173        0.000050        0.471906        0.409898
    1174        0.000050        0.471890        0.409883
    1175        0.000050        0.472186        0.409917
    1176        0.000050        0.472491        0.409968
    1177        0.000050        0.472583        0.409944
    1178        0.000050        0.472784        0.409991
    1179        0.000050        0.472868        0.409973
    1180        0.000050        0.472259        0.409740
    1181        0.000050        0.473059        0.409948
    1182        0.000050        0.473390        0.409998
    1183        0.000050        0.473478        0.409990
    1184        0.000050        0.473386        0.409945
    1185        0.000050        0.473752        0.409963
    1186        0.000050        0.473858        0.409968
    1187        0.000050        0.473361        0.409717
    1188        0.000050        0.474315        0.409997
    1189        0.000050        0.474732        0.410017
    1190        0.000050        0.474640        0.410005
    1191        0.000050        0.474933        0.410023
    1192        0.000050        0.475161        0.410018
    1193        0.000050        0.475545        0.410067
    1194        0.000050        0.475543        0.410041
    1195        0.000050        0.475980        0.410100
    1196        0.000050        0.476058        0.410109
    1197        0.000050        0.476368        0.410115
    1198        0.000050        0.476597        0.410173
    1199        0.000050        0.476766        0.410178
    1200        0.000050        0.476625        0.410120
    1201        0.000050        0.476044        0.409847
    1202        0.000050        0.476184        0.409823
    1203        0.000050        0.477261        0.410080
    1204        0.000050        0.477546        0.410146
    1205        0.000050        0.477716        0.410115
    1206        0.000050        0.478093        0.410230
    1207        0.000050        0.478230        0.410215
    1208        0.000050        0.478480        0.410249
    1209        0.000050        0.478615        0.410215
    1210        0.000050        0.479059        0.410324
    1211        0.000050        0.478966        0.410229
    1212        0.000050        0.478397        0.409981
    1213        0.000050        0.479357        0.410254
    1214        0.000050        0.479695        0.410340
    1215        0.000050        0.479441        0.410220
    1216        0.000050        0.479587        0.410214
    1217        0.000050        0.480006        0.410254
    1218        0.000050        0.479523        0.410036
    1219        0.000050        0.480430        0.410286
    1220        0.000050        0.480876        0.410420
    1221        0.000050        0.481021        0.410420
    1222        0.000050        0.480536        0.410264
    1223        0.000050        0.481164        0.410365
    1224        0.000050        0.480684        0.410170
    1225        0.000050        0.481646        0.410426
    1226        0.000050        0.481867        0.410493
    1227        0.000050        0.481936        0.410465
    1228        0.000050        0.482033        0.410453
    1229        0.000050        0.482449        0.410514
    1230        0.000050        0.481866        0.410286
    1231        0.000050        0.482845        0.410534
    1232        0.000050        0.482993        0.410535
    1233        0.000050        0.483186        0.410553
    1234        0.000050        0.483073        0.410544
    1235        0.000050        0.483061        0.410491
    1236        0.000050        0.483427        0.410527
    1237        0.000050        0.483648        0.410513
    1238        0.000050        0.484115        0.410596
    1239        0.000050        0.484383        0.410634
    1240        0.000050        0.484271        0.410612
    1241        0.000050        0.483647        0.410351
    1242        0.000050        0.484708        0.410645
    1243        0.000050        0.484893        0.410612
    1244        0.000050        0.484768        0.410582
    1245        0.000050        0.484988        0.410601
    1246        0.000050        0.485248        0.410623
    1247        0.000050        0.485356        0.410610
    1248        0.000050        0.485746        0.410669
    1249        0.000050        0.485923        0.410666
    1250        0.000050        0.486074        0.410666
    1251        0.000050        0.486515        0.410719
    1252        0.000050        0.486487        0.410688
    1253        0.000050        0.486132        0.410513
    1254        0.000050        0.486834        0.410729
    1255        0.000050        0.487323        0.410779
    1256        0.000050        0.487215        0.410744
    1257        0.000050        0.487602        0.410763
    1258        0.000050        0.487813        0.410797
    1259        0.000050        0.488129        0.410805
    1260        0.000050        0.488184        0.410820
    1261        0.000050        0.488152        0.410746
    1262        0.000050        0.488402        0.410783
    1263        0.000050        0.488220        0.410627
    1264        0.000050        0.489446        0.410976
    1265        0.000050        0.489544        0.410934
    1266        0.000050        0.489579        0.410922
    1267        0.000050        0.488606        0.410571
    1268        0.000050        0.489334        0.410651
    1269        0.000050        0.490269        0.410932
    1270        0.000050        0.490495        0.410964
    1271        0.000050        0.490524        0.410937
    1272        0.000050        0.490510        0.410927
    1273        0.000050        0.490034        0.410653
    1274        0.000050        0.491304        0.411041
    1275        0.000050        0.491419        0.411008
    1276        0.000050        0.491590        0.411059
    1277        0.000050        0.491577        0.411004
    1278        0.000050        0.491474        0.410985
    1279        0.000050        0.491429        0.410900
    1280        0.000050        0.491308        0.410797
    1281        0.000050        0.492087        0.410994
    1282        0.000050        0.492623        0.411099
    1283        0.000050        0.492760        0.411114
    1284        0.000050        0.492709        0.411093
    1285        0.000050        0.492563        0.411034
    1286        0.000050        0.492074        0.410815
    1287        0.000050        0.493006        0.411035
    1288        0.000050        0.493537        0.411153
    1289        0.000050        0.493593        0.411118
    1290        0.000050        0.493891        0.411174
    1291        0.000050        0.493787        0.411133
    1292        0.000050        0.493834        0.411127
    1293        0.000050        0.493547        0.410950
    1294        0.000050        0.494039        0.411097
    1295        0.000050        0.494726        0.411184
    1296        0.000050        0.494807        0.411206
    1297        0.000050        0.495219        0.411260
    1298        0.000050        0.495323        0.411246
    1299        0.000050        0.495655        0.411294
    1300        0.000050        0.495539        0.411242
    1301        0.000050        0.495647        0.411219
    1302        0.000050        0.495406        0.411132
    1303        0.000050        0.495810        0.411159
    1304        0.000050        0.495719        0.411050
    1305        0.000050        0.496273        0.411195
    1306        0.000050        0.496997        0.411315
    1307        0.000050        0.497419        0.411395
    1308        0.000050        0.497266        0.411331
    1309        0.000050        0.497455        0.411334
    1310        0.000050        0.497686        0.411361
    1311        0.000050        0.497675        0.411301
    1312        0.000050        0.498210        0.411404
    1313        0.000050        0.498349        0.411435
    1314        0.000050        0.498227        0.411336
    1315        0.000050        0.498776        0.411407
    1316        0.000050        0.498906        0.411419
    1317        0.000050        0.499186        0.411418
    1318        0.000050        0.499289        0.411430
    1319        0.000050        0.499581        0.411407
    1320        0.000050        0.499684        0.411447
    1321        0.000050        0.499704        0.411387
    1322        0.000050        0.499037        0.411121
    1323        0.000050        0.500489        0.411526
    1324        0.000050        0.500517        0.411491
    1325        0.000050        0.500621        0.411454
    1326        0.000050        0.500706        0.411438
    1327        0.000050        0.500996        0.411494
    1328        0.000050        0.500701        0.411381
    1329        0.000050        0.500715        0.411274
    1330        0.000050        0.501661        0.411569
    1331        0.000050        0.501892        0.411572
    1332        0.000050        0.501919        0.411532
    1333        0.000025        0.502073        0.411570
    1334        0.000025        0.501231        0.410726
    1335        0.000025        0.501344        0.410622
    1336        0.000025        0.501448        0.410614
    1337        0.000025        0.500855        0.410367
    1338        0.000025        0.501404        0.410555
