       0        0.000100     4111.688612       63.722191
       1        0.000100     4041.030547       63.165249
       2        0.000100     3978.415234       62.667946
       3        0.000100     3915.579356       62.165169
       4        0.000100     3850.191923       61.638000
       5        0.000100     3781.430112       61.079105
       6        0.000100     3708.506463       60.480946
       7        0.000100     3630.150900       59.831810
       8        0.000100     3545.236948       59.120525
       9        0.000100     3453.075991       58.338856
      10        0.000100     3353.675928       57.483635
      11        0.000100     3246.322464       56.545647
      12        0.000100     3131.252999       55.522495
      13        0.000100     3008.758854       54.412056
      14        0.000100     2879.736770       53.216888
      15        0.000100     2743.832466       51.928150
      16        0.000100     2602.653028       50.554092
      17        0.000100     2456.515433       49.090809
      18        0.000100     2306.829466       47.544514
      19        0.000100     2154.906475       45.921246
      20        0.000100     2001.534087       44.221321
      21        0.000100     1848.035213       42.451126
      22        0.000100     1696.003199       40.620636
      23        0.000100     1546.333137       38.732643
      24        0.000100     1401.036632       36.805664
      25        0.000100     1259.737781       34.828457
      26        0.000100     1125.026921       32.830315
      27        0.000100      997.141190       30.811592
      28        0.000100      877.114765       28.786011
      29        0.000100      765.805795       26.769115
      30        0.000100      663.560866       24.772224
      31        0.000100      570.657725       22.805468
      32        0.000100      487.377364       20.882927
      33        0.000100      413.842553       19.024496
      34        0.000100      349.207701       17.239859
      35        0.000100      294.089583       15.576077
      36        0.000100      246.902179       14.029424
      37        0.000100      207.511322       12.636321
      38        0.000100      175.057366       11.412513
      39        0.000100      148.757316       10.368397
      40        0.000100      127.737125        9.492280
      41        0.000100      111.330088        8.774347
      42        0.000100       98.316824        8.182298
      43        0.000100       88.443708        7.712583
      44        0.000100       80.785918        7.337070
      45        0.000100       75.087666        7.049408
      46        0.000100       70.529799        6.809278
      47        0.000100       67.056300        6.620557
      48        0.000100       64.377907        6.473229
      49        0.000100       62.179135        6.349902
      50        0.000100       60.329661        6.244009
      51        0.000100       58.715381        6.150801
      52        0.000100       57.275669        6.067425
      53        0.000100       55.945161        5.989365
      54        0.000100       54.666044        5.912776
      55        0.000100       53.488467        5.844318
      56        0.000100       52.291312        5.772533
      57        0.000100       51.139246        5.704411
      58        0.000100       50.007210        5.636487
      59        0.000100       48.892411        5.568698
      60        0.000100       47.806288        5.502245
      61        0.000100       46.704951        5.434941
      62        0.000100       45.605449        5.366742
      63        0.000100       44.550328        5.300922
      64        0.000100       43.497354        5.234260
      65        0.000100       42.438955        5.167339
      66        0.000100       41.420895        5.100646
      67        0.000100       40.406553        5.034112
      68        0.000100       39.384464        4.966473
      69        0.000100       38.399192        4.900923
      70        0.000100       37.417453        4.834489
      71        0.000100       36.449036        4.769839
      72        0.000100       35.480995        4.701746
      73        0.000100       34.557246        4.635110
      74        0.000100       33.622282        4.571536
      75        0.000100       32.718899        4.506290
      76        0.000100       31.831209        4.441113
      77        0.000100       30.950866        4.374548
      78        0.000100       30.092334        4.311014
      79        0.000100       29.246620        4.245553
      80        0.000100       28.417310        4.181586
      81        0.000100       27.616769        4.120157
      82        0.000100       26.812437        4.055510
      83        0.000100       26.053358        3.996329
      84        0.000100       25.266574        3.931350
      85        0.000100       24.534798        3.870198
      86        0.000100       23.800417        3.808825
      87        0.000100       23.101572        3.748339
      88        0.000100       22.398361        3.689558
      89        0.000100       21.718913        3.628714
      90        0.000100       21.053986        3.572002
      91        0.000100       20.418741        3.512686
      92        0.000100       19.787083        3.457183
      93        0.000100       19.172997        3.399201
      94        0.000100       18.576994        3.343654
      95        0.000100       18.000842        3.287277
      96        0.000100       17.434781        3.233951
      97        0.000100       16.879733        3.177998
      98        0.000100       16.344812        3.125966
      99        0.000100       15.825243        3.073589
     100        0.000100       15.312244        3.024874
     101        0.000100       14.820618        2.967266
     102        0.000100       14.344848        2.918015
     103        0.000100       13.875550        2.868668
     104        0.000100       13.424935        2.816849
     105        0.000100       12.984361        2.769936
     106        0.000100       12.559824        2.718058
     107        0.000100       12.146291        2.672575
     108        0.000100       11.746030        2.626113
     109        0.000100       11.358569        2.577125
     110        0.000100       10.993897        2.531055
     111        0.000100       10.625589        2.486778
     112        0.000100       10.270664        2.441015
     113        0.000100        9.922305        2.399168
     114        0.000100        9.583217        2.354744
     115        0.000100        9.262795        2.313542
     116        0.000100        8.960402        2.269074
     117        0.000100        8.645762        2.229239
     118        0.000100        8.363212        2.189078
     119        0.000100        8.079845        2.151073
     120        0.000100        7.813093        2.111071
     121        0.000100        7.557697        2.069754
     122        0.000100        7.303968        2.033285
     123        0.000100        7.050170        1.998060
     124        0.000100        6.814681        1.963992
     125        0.000100        6.583700        1.928204
     126        0.000100        6.363792        1.891945
     127        0.000100        6.161965        1.860345
     128        0.000100        5.949927        1.825519
     129        0.000100        5.757889        1.792010
     130        0.000100        5.570724        1.761470
     131        0.000100        5.382068        1.730393
     132        0.000100        5.211861        1.700140
     133        0.000100        5.044370        1.670844
     134        0.000100        4.886072        1.640962
     135        0.000100        4.732551        1.614567
     136        0.000100        4.577132        1.589370
     137        0.000100        4.435587        1.560672
     138        0.000100        4.304661        1.535372
     139        0.000100        4.163525        1.512084
     140        0.000100        4.043894        1.485332
     141        0.000100        3.919619        1.462976
     142        0.000100        3.803680        1.439562
     143        0.000100        3.702033        1.416304
     144        0.000100        3.584827        1.397806
     145        0.000100        3.491163        1.375649
     146        0.000100        3.381770        1.357100
     147        0.000100        3.286571        1.337982
     148        0.000100        3.194092        1.322268
     149        0.000100        3.106776        1.302148
     150        0.000100        3.028827        1.283096
     151        0.000100        2.950262        1.265733
     152        0.000100        2.862974        1.251491
     153        0.000100        2.787221        1.236171
     154        0.000100        2.720616        1.219179
     155        0.000100        2.648259        1.205235
     156        0.000100        2.584266        1.190039
     157        0.000100        2.519719        1.178416
     158        0.000100        2.466550        1.160747
     159        0.000100        2.398946        1.150054
     160        0.000100        2.344573        1.135612
     161        0.000100        2.297625        1.122069
     162        0.000100        2.237136        1.114283
     163        0.000100        2.189480        1.098324
     164        0.000100        2.137911        1.087171
     165        0.000100        2.091777        1.080737
     166        0.000100        2.045984        1.065689
     167        0.000100        2.002626        1.055761
     168        0.000100        1.959441        1.044876
     169        0.000100        1.925446        1.032838
     170        0.000100        1.883882        1.022945
     171        0.000100        1.840981        1.014199
     172        0.000100        1.810309        1.003213
     173        0.000100        1.769802        0.995063
     174        0.000100        1.737097        0.984901
     175        0.000100        1.704766        0.975772
     176        0.000100        1.669760        0.969758
     177        0.000100        1.644497        0.957852
     178        0.000100        1.618175        0.949573
     179        0.000100        1.579120        0.942225
     180        0.000100        1.550777        0.936763
     181        0.000100        1.523315        0.928757
     182        0.000100        1.498349        0.917749
     183        0.000100        1.473923        0.909761
     184        0.000100        1.446408        0.904066
     185        0.000100        1.422850        0.896510
     186        0.000100        1.399332        0.888608
     187        0.000100        1.376323        0.882545
     188        0.000100        1.355881        0.874022
     189        0.000100        1.335148        0.866908
     190        0.000100        1.313685        0.861120
     191        0.000100        1.293122        0.855432
     192        0.000100        1.273431        0.849962
     193        0.000100        1.257202        0.841310
     194        0.000100        1.238104        0.839009
     195        0.000100        1.219422        0.830972
     196        0.000100        1.202355        0.825068
     197        0.000100        1.188827        0.818088
     198        0.000100        1.172356        0.812200
     199        0.000100        1.154421        0.808653
     200        0.000100        1.139110        0.802210
     201        0.000100        1.124801        0.796923
     202        0.000100        1.112475        0.791429
     203        0.000100        1.104119        0.786456
     204        0.000100        1.086707        0.787910
     205        0.000100        1.070416        0.778854
     206        0.000100        1.057108        0.773360
     207        0.000100        1.047619        0.767305
     208        0.000100        1.032883        0.765093
     209        0.000100        1.022395        0.762135
     210        0.000100        1.009743        0.755984
     211        0.000100        1.003501        0.750392
     212        0.000100        0.988531        0.746740
     213        0.000100        0.978924        0.742115
     214        0.000100        0.969255        0.738657
     215        0.000100        0.957682        0.736012
     216        0.000100        0.956116        0.731298
     217        0.000100        0.938950        0.727163
     218        0.000100        0.933349        0.723231
     219        0.000100        0.920371        0.720956
     220        0.000100        0.913340        0.720314
     221        0.000100        0.903560        0.713247
     222        0.000100        0.894248        0.710695
     223        0.000100        0.887511        0.706531
     224        0.000100        0.880896        0.703046
     225        0.000100        0.876394        0.706888
     226        0.000100        0.869405        0.697318
     227        0.000100        0.855493        0.694224
     228        0.000100        0.848035        0.691887
     229        0.000100        0.847177        0.688486
     230        0.000100        0.834977        0.685244
     231        0.000100        0.831204        0.682277
     232        0.000100        0.821344        0.682020
     233        0.000100        0.814105        0.676506
     234        0.000100        0.812173        0.673986
     235        0.000100        0.805222        0.671193
     236        0.000100        0.799213        0.668594
     237        0.000100        0.791440        0.669820
     238        0.000100        0.783402        0.663381
     239        0.000100        0.779025        0.660574
     240        0.000100        0.772309        0.657953
     241        0.000100        0.765899        0.655573
     242        0.000100        0.770503        0.654956
     243        0.000100        0.754058        0.651088
     244        0.000100        0.754105        0.648651
     245        0.000100        0.742821        0.647169
     246        0.000100        0.740207        0.643111
     247        0.000100        0.737498        0.641333
     248        0.000100        0.729060        0.638178
     249        0.000100        0.720143        0.635492
     250        0.000100        0.715024        0.633019
     251        0.000100        0.709108        0.631374
     252        0.000100        0.703441        0.628471
     253        0.000100        0.703774        0.631384
     254        0.000100        0.693698        0.624725
     255        0.000100        0.688143        0.620730
     256        0.000100        0.683602        0.618816
     257        0.000100        0.679111        0.617779
     258        0.000100        0.674353        0.614013
     259        0.000100        0.669345        0.612276
     260        0.000100        0.665827        0.611272
     261        0.000100        0.671320        0.610190
     262        0.000100        0.655779        0.604909
     263        0.000100        0.656697        0.603232
     264        0.000100        0.660133        0.610329
     265        0.000100        0.656688        0.602247
     266        0.000100        0.642708        0.596222
     267        0.000100        0.644705        0.596358
     268        0.000100        0.633099        0.592304
     269        0.000100        0.639411        0.592915
     270        0.000100        0.630378        0.591180
     271        0.000100        0.624411        0.586755
     272        0.000100        0.621372        0.584528
     273        0.000100        0.624129        0.583480
     274        0.000100        0.617617        0.580470
     275        0.000100        0.618772        0.579903
     276        0.000100        0.612751        0.576874
     277        0.000100        0.612133        0.575145
     278        0.000100        0.608822        0.573283
     279        0.000100        0.605478        0.571587
     280        0.000100        0.609509        0.572109
     281        0.000100        0.601721        0.568439
     282        0.000100        0.598273        0.566065
     283        0.000100        0.594963        0.564175
     284        0.000100        0.599243        0.564869
     285        0.000100        0.590677        0.560812
     286        0.000100        0.591083        0.559806
     287        0.000100        0.587534        0.558568
     288        0.000100        0.584945        0.556564
     289        0.000100        0.581625        0.554151
     290        0.000100        0.577905        0.551978
     291        0.000100        0.582562        0.555191
     292        0.000100        0.573312        0.548894
     293        0.000100        0.580593        0.550993
     294        0.000100        0.572068        0.546082
     295        0.000100        0.569117        0.544675
     296        0.000100        0.576159        0.548998
     297        0.000100        0.565234        0.541499
     298        0.000100        0.564793        0.540539
     299        0.000100        0.560354        0.537863
     300        0.000100        0.560134        0.535992
     301        0.000100        0.575544        0.545582
     302        0.000100        0.558663        0.533767
     303        0.000100        0.559707        0.532705
     304        0.000100        0.555486        0.530236
     305        0.000100        0.554576        0.529124
     306        0.000100        0.552810        0.527728
     307        0.000100        0.556747        0.527731
     308        0.000100        0.555752        0.526724
     309        0.000100        0.555586        0.525452
     310        0.000100        0.560288        0.526457
     311        0.000100        0.560542        0.525326
     312        0.000100        0.557702        0.523165
     313        0.000100        0.558670        0.522421
     314        0.000100        0.551336        0.518579
     315        0.000100        0.553812        0.517587
     316        0.000100        0.551337        0.516574
     317        0.000100        0.551120        0.515474
     318        0.000100        0.557611        0.516776
     319        0.000100        0.555994        0.514405
     320        0.000100        0.555698        0.513035
     321        0.000100        0.555563        0.512277
     322        0.000100        0.560309        0.511771
     323        0.000100        0.558763        0.509770
     324        0.000100        0.556409        0.509939
     325        0.000100        0.557515        0.510180
     326        0.000100        0.561006        0.507708
     327        0.000100        0.557091        0.506519
     328        0.000100        0.559029        0.506323
     329        0.000100        0.555324        0.504885
     330        0.000100        0.557375        0.504037
     331        0.000100        0.559012        0.503509
     332        0.000100        0.557530        0.503084
     333        0.000100        0.558568        0.501429
     334        0.000100        0.558131        0.502329
     335        0.000100        0.557084        0.499735
     336        0.000100        0.567065        0.503619
     337        0.000100        0.561668        0.501835
     338        0.000100        0.558663        0.497939
     339        0.000100        0.560939        0.496822
     340        0.000100        0.559381        0.496710
     341        0.000100        0.558792        0.496290
     342        0.000100        0.558845        0.496017
     343        0.000100        0.556836        0.496183
     344        0.000100        0.558488        0.494421
     345        0.000100        0.558547        0.492967
     346        0.000100        0.565486        0.501465
     347        0.000100        0.561057        0.491743
     348        0.000100        0.558426        0.491754
     349        0.000100        0.561209        0.491759
     350        0.000100        0.558811        0.489903
     351        0.000100        0.559877        0.489700
     352        0.000100        0.567099        0.489280
     353        0.000100        0.560111        0.488157
     354        0.000100        0.564409        0.488056
     355        0.000100        0.579508        0.503159
     356        0.000100        0.562996        0.487122
     357        0.000100        0.565557        0.487021
     358        0.000100        0.572531        0.490110
     359        0.000100        0.570975        0.488224
     360        0.000100        0.558564        0.484825
     361        0.000100        0.566484        0.488229
     362        0.000100        0.561887        0.484588
     363        0.000100        0.565732        0.483762
     364        0.000100        0.565885        0.484336
     365        0.000100        0.565618        0.483771
     366        0.000100        0.565317        0.482116
     367        0.000100        0.573579        0.482419
     368        0.000100        0.569234        0.481767
     369        0.000100        0.569781        0.482742
     370        0.000100        0.568390        0.483741
     371        0.000100        0.572215        0.482448
     372        0.000100        0.570097        0.484963
     373        0.000100        0.574237        0.479992
     374        0.000100        0.567041        0.479872
     375        0.000100        0.568250        0.478766
     376        0.000100        0.575036        0.479674
     377        0.000100        0.575295        0.478172
     378        0.000100        0.573100        0.477739
     379        0.000100        0.569406        0.478644
     380        0.000100        0.570521        0.476944
     381        0.000100        0.572018        0.479532
     382        0.000100        0.570780        0.476219
     383        0.000100        0.577930        0.480464
     384        0.000100        0.572279        0.475749
     385        0.000100        0.576867        0.475523
     386        0.000100        0.579920        0.475378
     387        0.000100        0.584340        0.481059
     388        0.000100        0.580074        0.476471
     389        0.000100        0.579926        0.476340
     390        0.000100        0.578930        0.477365
     391        0.000100        0.578764        0.474691
     392        0.000100        0.583633        0.474371
     393        0.000100        0.575902        0.474583
     394        0.000100        0.578138        0.472087
     395        0.000100        0.590038        0.473791
     396        0.000100        0.588118        0.473462
     397        0.000100        0.584356        0.472028
     398        0.000100        0.589842        0.475574
     399        0.000100        0.582490        0.471187
     400        0.000100        0.585577        0.471316
     401        0.000100        0.588644        0.474865
     402        0.000100        0.587615        0.474785
     403        0.000100        0.585435        0.471428
     404        0.000100        0.586148        0.470259
     405        0.000100        0.588284        0.470683
     406        0.000100        0.586134        0.469581
     407        0.000100        0.590973        0.469545
     408        0.000100        0.581188        0.469106
     409        0.000100        0.587771        0.468551
     410        0.000100        0.586215        0.468592
     411        0.000100        0.596461        0.472818
     412        0.000100        0.603626        0.476680
     413        0.000100        0.594133        0.470131
     414        0.000100        0.610335        0.471156
     415        0.000100        0.595159        0.468055
     416        0.000100        0.597666        0.468538
     417        0.000100        0.600200        0.467864
     418        0.000100        0.598306        0.471352
     419        0.000100        0.596939        0.470981
     420        0.000100        0.590656        0.466497
     421        0.000100        0.608720        0.474408
     422        0.000100        0.598529        0.466767
     423        0.000100        0.595345        0.467927
     424        0.000100        0.595446        0.465782
     425        0.000100        0.598531        0.467978
     426        0.000100        0.604259        0.466004
     427        0.000100        0.603536        0.466214
     428        0.000100        0.606447        0.470720
     429        0.000100        0.602493        0.467193
     430        0.000100        0.595659        0.465593
     431        0.000100        0.598332        0.465181
     432        0.000100        0.603894        0.464485
     433        0.000100        0.609191        0.465988
     434        0.000100        0.601769        0.464167
     435        0.000100        0.610819        0.468944
     436        0.000100        0.603027        0.463596
     437        0.000100        0.605343        0.463920
     438        0.000100        0.610844        0.471360
     439        0.000100        0.604823        0.463615
     440        0.000100        0.611560        0.463291
     441        0.000100        0.607666        0.463105
     442        0.000100        0.608159        0.469924
     443        0.000100        0.600341        0.462485
     444        0.000100        0.608040        0.467439
     445        0.000100        0.604727        0.462330
     446        0.000100        0.609573        0.463198
     447        0.000100        0.601234        0.462814
     448        0.000100        0.608955        0.463624
     449        0.000100        0.608913        0.462000
     450        0.000100        0.615234        0.466681
     451        0.000100        0.618723        0.463308
     452        0.000100        0.608099        0.461830
     453        0.000100        0.616520        0.462712
     454        0.000100        0.613770        0.462610
     455        0.000100        0.616304        0.462887
     456        0.000100        0.616930        0.462133
     457        0.000100        0.615261        0.466671
     458        0.000100        0.619912        0.461570
     459        0.000100        0.611229        0.461070
     460        0.000100        0.631237        0.463881
     461        0.000100        0.611446        0.462495
     462        0.000100        0.619167        0.462605
     463        0.000100        0.620093        0.462947
     464        0.000100        0.630586        0.461931
     465        0.000100        0.625021        0.466181
     466        0.000100        0.622467        0.460574
     467        0.000100        0.627246        0.460904
     468        0.000100        0.622621        0.460638
     469        0.000100        0.626675        0.464648
     470        0.000100        0.622473        0.460164
     471        0.000100        0.624696        0.460349
     472        0.000100        0.627919        0.461807
     473        0.000100        0.617130        0.461329
     474        0.000100        0.628324        0.460619
     475        0.000100        0.622121        0.459296
     476        0.000100        0.622821        0.459588
     477        0.000100        0.619015        0.459184
     478        0.000100        0.638553        0.460660
     479        0.000100        0.625321        0.462653
     480        0.000100        0.623505        0.459946
     481        0.000100        0.631162        0.460011
     482        0.000100        0.627668        0.459516
     483        0.000100        0.646826        0.467188
     484        0.000100        0.629924        0.459735
     485        0.000100        0.641187        0.461141
     486        0.000100        0.634242        0.459595
     487        0.000100        0.635021        0.459522
     488        0.000100        0.632361        0.461078
     489        0.000100        0.645739        0.460553
     490        0.000100        0.632327        0.458806
     491        0.000100        0.629813        0.459037
     492        0.000100        0.637854        0.460128
     493        0.000100        0.641381        0.459702
     494        0.000100        0.630033        0.458828
     495        0.000100        0.640973        0.459655
     496        0.000100        0.636112        0.459874
     497        0.000100        0.653864        0.460110
     498        0.000100        0.626610        0.457887
     499        0.000100        0.645636        0.460671
     500        0.000100        0.636345        0.458760
     501        0.000100        0.637024        0.459521
     502        0.000100        0.652711        0.459433
     503        0.000100        0.640093        0.458573
     504        0.000100        0.647654        0.460314
     505        0.000100        0.639511        0.460520
     506        0.000100        0.640590        0.458100
     507        0.000100        0.645507        0.461622
     508        0.000100        0.660095        0.459932
     509        0.000100        0.641952        0.458046
     510        0.000100        0.643907        0.459802
     511        0.000100        0.648277        0.458426
     512        0.000100        0.650994        0.458843
     513        0.000100        0.656574        0.458686
     514        0.000100        0.651464        0.459095
     515        0.000100        0.661822        0.458856
     516        0.000100        0.645157        0.460215
     517        0.000100        0.655231        0.460332
     518        0.000100        0.650800        0.459823
     519        0.000100        0.657379        0.458792
     520        0.000100        0.657030        0.464727
     521        0.000100        0.659992        0.458339
     522        0.000100        0.657905        0.458686
     523        0.000100        0.655554        0.458214
     524        0.000100        0.650975        0.458120
     525        0.000100        0.652050        0.461117
     526        0.000100        0.651428        0.460140
     527        0.000100        0.648997        0.458368
     528        0.000100        0.670269        0.458253
     529        0.000100        0.655882        0.458125
     530        0.000100        0.666085        0.464098
     531        0.000100        0.666314        0.461639
     532        0.000100        0.680618        0.460741
     533        0.000100        0.664882        0.460373
     534        0.000100        0.661483        0.460403
     535        0.000100        0.667846        0.458195
     536        0.000100        0.672688        0.460031
     537        0.000100        0.669419        0.458575
     538        0.000100        0.667113        0.458557
     539        0.000100        0.669417        0.460786
     540        0.000100        0.668934        0.460532
     541        0.000100        0.667657        0.458095
     542        0.000100        0.668761        0.463408
     543        0.000100        0.664868        0.458295
     544        0.000100        0.663879        0.463429
     545        0.000100        0.667201        0.460223
     546        0.000100        0.672941        0.461355
     547        0.000100        0.670018        0.458023
     548        0.000100        0.675486        0.466578
     549        0.000100        0.674355        0.459420
     550        0.000100        0.668847        0.459300
     551        0.000100        0.675000        0.459116
     552        0.000100        0.670932        0.458024
     553        0.000100        0.673392        0.459010
     554        0.000100        0.685038        0.459739
     555        0.000100        0.672498        0.460064
     556        0.000100        0.678547        0.462307
     557        0.000100        0.669631        0.457959
     558        0.000100        0.663078        0.458027
     559        0.000100        0.665422        0.458792
     560        0.000100        0.688719        0.462645
     561        0.000100        0.687188        0.459838
     562        0.000100        0.680524        0.459402
     563        0.000100        0.675032        0.460671
     564        0.000100        0.680846        0.458119
     565        0.000100        0.684498        0.458587
     566        0.000100        0.675823        0.458583
     567        0.000100        0.683290        0.458794
     568        0.000100        0.686633        0.459827
     569        0.000100        0.678335        0.459172
     570        0.000100        0.683290        0.459437
     571        0.000100        0.689311        0.458849
     572        0.000100        0.696270        0.459054
     573        0.000100        0.683725        0.458617
     574        0.000100        0.683195        0.458761
     575        0.000100        0.681947        0.457837
     576        0.000100        0.692784        0.458616
     577        0.000100        0.687191        0.460223
     578        0.000100        0.686478        0.460128
     579        0.000100        0.697672        0.460367
     580        0.000100        0.684500        0.462304
     581        0.000100        0.688770        0.458566
     582        0.000100        0.685043        0.459334
     583        0.000100        0.693322        0.459894
     584        0.000100        0.678822        0.457264
     585        0.000100        0.683789        0.458787
     586        0.000100        0.685998        0.459233
     587        0.000100        0.698574        0.461051
     588        0.000100        0.689608        0.458526
     589        0.000100        0.696755        0.458764
     590        0.000100        0.685382        0.457968
     591        0.000100        0.686648        0.458211
     592        0.000100        0.694249        0.460727
     593        0.000100        0.703644        0.459619
     594        0.000100        0.696929        0.460685
     595        0.000100        0.682335        0.458067
     596        0.000100        0.697033        0.458344
     597        0.000100        0.704582        0.459830
     598        0.000100        0.698182        0.458430
     599        0.000100        0.701059        0.459044
     600        0.000100        0.697288        0.458306
     601        0.000100        0.704135        0.459131
     602        0.000100        0.698538        0.459428
     603        0.000100        0.699467        0.459328
     604        0.000100        0.696584        0.461138
     605        0.000100        0.696687        0.459052
     606        0.000100        0.698218        0.460650
     607        0.000100        0.717334        0.462087
     608        0.000100        0.714826        0.458833
     609        0.000100        0.701688        0.458272
     610        0.000100        0.702510        0.460989
     611        0.000100        0.706034        0.458979
     612        0.000100        0.708279        0.461655
     613        0.000100        0.712260        0.458728
     614        0.000100        0.713419        0.460295
     615        0.000100        0.711664        0.459069
     616        0.000100        0.716565        0.459823
     617        0.000100        0.713262        0.462423
     618        0.000100        0.707891        0.460525
     619        0.000100        0.716903        0.459246
     620        0.000100        0.727117        0.460008
     621        0.000100        0.716837        0.459826
     622        0.000100        0.713162        0.459013
     623        0.000100        0.718009        0.460032
     624        0.000100        0.723138        0.461276
     625        0.000100        0.714602        0.459623
     626        0.000100        0.716415        0.460434
     627        0.000100        0.710461        0.460392
     628        0.000100        0.714024        0.459947
     629        0.000100        0.719124        0.460719
     630        0.000100        0.709356        0.459517
     631        0.000100        0.719108        0.460541
     632        0.000100        0.718093        0.460193
     633        0.000100        0.711024        0.459396
     634        0.000100        0.722782        0.460483
     635        0.000100        0.722626        0.459740
     636        0.000100        0.739142        0.463212
     637        0.000100        0.728543        0.463137
     638        0.000100        0.719408        0.459029
     639        0.000100        0.723950        0.459600
     640        0.000100        0.729454        0.461001
     641        0.000100        0.726659        0.460685
     642        0.000100        0.714404        0.459878
     643        0.000100        0.730352        0.459592
     644        0.000100        0.735860        0.460813
     645        0.000100        0.735136        0.460346
     646        0.000100        0.732648        0.460147
     647        0.000100        0.734946        0.460330
     648        0.000100        0.740726        0.461400
     649        0.000100        0.735899        0.460314
     650        0.000100        0.742857        0.460261
     651        0.000100        0.736106        0.460704
     652        0.000100        0.735961        0.460311
     653        0.000100        0.741550        0.460835
     654        0.000100        0.733275        0.461796
     655        0.000100        0.739841        0.461410
     656        0.000100        0.729667        0.460438
     657        0.000100        0.742947        0.460550
     658        0.000100        0.757192        0.467408
     659        0.000100        0.749849        0.462480
     660        0.000100        0.738478        0.461185
     661        0.000100        0.752997        0.462271
     662        0.000100        0.746493        0.461173
     663        0.000100        0.758530        0.461276
     664        0.000100        0.746239        0.461256
     665        0.000100        0.751905        0.462855
     666        0.000100        0.748789        0.461746
     667        0.000100        0.750669        0.462651
     668        0.000100        0.751052        0.462256
     669        0.000100        0.754050        0.462262
     670        0.000100        0.740407        0.460330
     671        0.000100        0.748301        0.461583
     672        0.000100        0.747996        0.460811
     673        0.000100        0.763502        0.461906
     674        0.000100        0.747354        0.461421
     675        0.000100        0.746798        0.461092
     676        0.000100        0.749433        0.462904
     677        0.000100        0.747543        0.462996
     678        0.000100        0.762073        0.463211
     679        0.000100        0.762959        0.461556
     680        0.000100        0.769060        0.467040
     681        0.000100        0.760606        0.462030
     682        0.000100        0.759911        0.464642
     683        0.000100        0.755069        0.463254
     684        0.000100        0.757159        0.464670
     685        0.000100        0.755993        0.463949
     686        0.000100        0.761392        0.468174
     687        0.000100        0.762009        0.462502
     688        0.000100        0.768708        0.462689
     689        0.000100        0.761940        0.462323
     690        0.000100        0.761213        0.462760
     691        0.000100        0.770134        0.464022
     692        0.000100        0.762511        0.462723
     693        0.000100        0.772097        0.469789
     694        0.000100        0.744724        0.463361
     695        0.000100        0.765920        0.463898
     696        0.000100        0.771520        0.464166
     697        0.000100        0.775708        0.464246
     698        0.000100        0.766520        0.463177
     699        0.000100        0.771430        0.463549
     700        0.000100        0.765854        0.463354
     701        0.000100        0.768015        0.463606
     702        0.000100        0.770203        0.466824
     703        0.000100        0.766501        0.463759
     704        0.000100        0.770133        0.463776
     705        0.000100        0.777934        0.463511
     706        0.000100        0.766922        0.463275
     707        0.000100        0.780809        0.464517
     708        0.000100        0.776674        0.463383
     709        0.000100        0.779961        0.464037
     710        0.000100        0.782347        0.464126
     711        0.000100        0.778192        0.469365
     712        0.000100        0.783026        0.465531
     713        0.000100        0.796962        0.464110
     714        0.000100        0.779823        0.464989
     715        0.000100        0.782886        0.464953
     716        0.000100        0.784164        0.470325
     717        0.000100        0.783433        0.464478
     718        0.000100        0.783566        0.464097
     719        0.000100        0.783607        0.464987
     720        0.000100        0.790942        0.465286
     721        0.000100        0.790159        0.465077
     722        0.000100        0.777763        0.464314
     723        0.000100        0.796495        0.465520
     724        0.000100        0.811824        0.469176
     725        0.000100        0.787105        0.464574
     726        0.000100        0.806421        0.465377
     727        0.000100        0.787814        0.466359
     728        0.000100        0.800370        0.465880
     729        0.000100        0.793277        0.466421
     730        0.000100        0.794019        0.465203
     731        0.000100        0.787803        0.470270
     732        0.000100        0.801489        0.467345
     733        0.000100        0.790511        0.465425
     734        0.000100        0.795375        0.465717
     735        0.000100        0.800863        0.465459
     736        0.000100        0.795229        0.466113
     737        0.000100        0.794121        0.466880
     738        0.000100        0.803508        0.467012
     739        0.000100        0.794833        0.466731
     740        0.000100        0.802773        0.465950
     741        0.000100        0.804114        0.470226
     742        0.000100        0.797640        0.469052
     743        0.000100        0.801832        0.466574
     744        0.000100        0.803943        0.466093
     745        0.000100        0.803212        0.467790
     746        0.000100        0.804877        0.466282
     747        0.000100        0.802292        0.465905
     748        0.000100        0.798102        0.466465
     749        0.000100        0.806103        0.467045
     750        0.000100        0.809014        0.466488
     751        0.000100        0.809934        0.466628
     752        0.000100        0.809117        0.467079
     753        0.000100        0.806428        0.472583
     754        0.000100        0.815054        0.466974
     755        0.000100        0.818946        0.467568
     756        0.000100        0.808200        0.470077
     757        0.000100        0.817934        0.467675
     758        0.000100        0.803450        0.467199
     759        0.000100        0.807183        0.467625
     760        0.000100        0.810265        0.470243
     761        0.000100        0.823434        0.468522
     762        0.000100        0.826758        0.467980
     763        0.000100        0.817509        0.467530
     764        0.000100        0.812293        0.469692
     765        0.000100        0.811206        0.469081
     766        0.000100        0.829668        0.467574
     767        0.000100        0.835027        0.472489
     768        0.000100        0.828233        0.468105
     769        0.000100        0.826734        0.475811
     770        0.000100        0.823630        0.468881
     771        0.000100        0.827112        0.472387
     772        0.000100        0.822253        0.469755
     773        0.000100        0.830646        0.468194
     774        0.000100        0.814402        0.472291
     775        0.000100        0.829195        0.468091
     776        0.000100        0.831909        0.469657
     777        0.000100        0.824557        0.469572
     778        0.000100        0.828765        0.469474
     779        0.000100        0.830144        0.470820
     780        0.000100        0.829294        0.469146
     781        0.000100        0.840426        0.472956
     782        0.000100        0.836977        0.477348
     783        0.000100        0.818278        0.468836
     784        0.000100        0.840980        0.484578
     785        0.000100        0.825665        0.469646
     786        0.000100        0.837060        0.470970
     787        0.000100        0.838461        0.475558
     788        0.000100        0.834297        0.473658
     789        0.000100        0.833632        0.470013
     790        0.000100        0.845037        0.470306
     791        0.000100        0.819434        0.471213
     792        0.000100        0.836115        0.477430
     793        0.000100        0.841106        0.473151
     794        0.000100        0.843678        0.471389
     795        0.000100        0.849648        0.471099
     796        0.000100        0.837540        0.472286
     797        0.000100        0.862987        0.471842
     798        0.000100        0.848407        0.470720
     799        0.000100        0.859721        0.471138
     800        0.000100        0.838300        0.473242
     801        0.000100        0.848417        0.471808
     802        0.000100        0.836206        0.470897
     803        0.000100        0.837731        0.470625
     804        0.000100        0.851260        0.470987
     805        0.000100        0.844645        0.471400
     806        0.000100        0.850964        0.473258
     807        0.000100        0.853689        0.472246
     808        0.000100        0.846780        0.470970
     809        0.000100        0.856612        0.471800
     810        0.000100        0.847535        0.471758
     811        0.000100        0.853509        0.472474
     812        0.000100        0.858243        0.472238
     813        0.000100        0.858844        0.471573
     814        0.000100        0.852259        0.471647
