       0        0.000100     4070.165062       63.333931
       1        0.000100     3869.691995       61.731697
       2        0.000100     3684.509603       60.218506
       3        0.000100     3509.090689       58.749161
       4        0.000100     3334.735115       57.251301
       5        0.000100     3156.356869       55.677380
       6        0.000100     2971.098164       53.993870
       7        0.000100     2777.804097       52.178913
       8        0.000100     2577.357413       50.226612
       9        0.000100     2370.827248       48.131767
      10        0.000100     2160.783750       45.902271
      11        0.000100     1951.102388       43.561161
      12        0.000100     1743.970618       41.116226
      13        0.000100     1541.824279       38.579254
      14        0.000100     1347.944343       35.975613
      15        0.000100     1163.756339       33.311428
      16        0.000100      993.055096       30.631760
      17        0.000100      836.660610       27.948912
      18        0.000100      695.266249       25.278246
      19        0.000100      571.578374       22.681978
      20        0.000100      464.961916       20.177565
      21        0.000100      374.479403       17.792900
      22        0.000100      300.046981       15.610141
      23        0.000100      239.967609       13.656943
      24        0.000100      192.688780       11.988006
      25        0.000100      156.671440       10.613568
      26        0.000100      129.380520        9.506350
      27        0.000100      109.513170        8.651703
      28        0.000100       95.259570        8.013044
      29        0.000100       84.702333        7.518649
      30        0.000100       77.197425        7.149813
      31        0.000100       71.764386        6.873142
      32        0.000100       67.614597        6.656674
      33        0.000100       64.542677        6.492574
      34        0.000100       61.944578        6.349987
      35        0.000100       59.653283        6.220359
      36        0.000100       57.655652        6.104911
      37        0.000100       55.819618        5.999944
      38        0.000100       54.042992        5.895758
      39        0.000100       52.335428        5.795229
      40        0.000100       50.687068        5.698502
      41        0.000100       49.085604        5.602485
      42        0.000100       47.541996        5.508512
      43        0.000100       45.969579        5.411686
      44        0.000100       44.503681        5.322033
      45        0.000100       43.025936        5.226650
      46        0.000100       41.620314        5.136802
      47        0.000100       40.197532        5.044744
      48        0.000100       38.840535        4.956183
      49        0.000100       37.518695        4.867105
      50        0.000100       36.207452        4.778599
      51        0.000100       34.928439        4.690397
      52        0.000100       33.703877        4.604976
      53        0.000100       32.469009        4.514177
      54        0.000100       31.323063        4.430732
      55        0.000100       30.164193        4.345863
      56        0.000100       29.069038        4.262334
      57        0.000100       28.000092        4.181423
      58        0.000100       26.959844        4.100317
      59        0.000100       25.923785        4.017212
      60        0.000100       24.974219        3.940797
      61        0.000100       24.011708        3.860713
      62        0.000100       23.092431        3.784010
      63        0.000100       22.192358        3.707122
      64        0.000100       21.331668        3.632727
      65        0.000100       20.511616        3.559924
      66        0.000100       19.710975        3.486852
      67        0.000100       18.941595        3.415010
      68        0.000100       18.185118        3.345097
      69        0.000100       17.465176        3.275574
      70        0.000100       16.768823        3.206624
      71        0.000100       16.098462        3.140281
      72        0.000100       15.446865        3.072662
      73        0.000100       14.828123        3.009213
      74        0.000100       14.231549        2.944994
      75        0.000100       13.650610        2.883047
      76        0.000100       13.092372        2.822261
      77        0.000100       12.561905        2.761942
      78        0.000100       12.045527        2.701875
      79        0.000100       11.548928        2.642882
      80        0.000100       11.067215        2.585222
      81        0.000100       10.616816        2.530094
      82        0.000100       10.176781        2.474998
      83        0.000100        9.767558        2.423686
      84        0.000100        9.354169        2.368860
      85        0.000100        8.971127        2.318758
      86        0.000100        8.590502        2.265419
      87        0.000100        8.243486        2.217994
      88        0.000100        7.904252        2.169680
      89        0.000100        7.579613        2.122629
      90        0.000100        7.271035        2.076815
      91        0.000100        6.969985        2.030350
      92        0.000100        6.688886        1.987278
      93        0.000100        6.411727        1.943561
      94        0.000100        6.157323        1.903613
      95        0.000100        5.916321        1.864941
      96        0.000100        5.672771        1.824630
      97        0.000100        5.448538        1.784515
      98        0.000100        5.237647        1.749442
      99        0.000100        5.032348        1.712150
     100        0.000100        4.836417        1.676487
     101        0.000100        4.653491        1.642493
     102        0.000100        4.482082        1.609204
     103        0.000100        4.318515        1.578520
     104        0.000100        4.163033        1.550286
     105        0.000100        4.014619        1.519502
     106        0.000100        3.873335        1.491259
     107        0.000100        3.738139        1.461560
     108        0.000100        3.610657        1.435892
     109        0.000100        3.494650        1.410112
     110        0.000100        3.377805        1.387349
     111        0.000100        3.269752        1.363026
     112        0.000100        3.168948        1.340117
     113        0.000100        3.072095        1.319484
     114        0.000100        2.983704        1.297052
     115        0.000100        2.893596        1.277763
     116        0.000100        2.814530        1.258052
     117        0.000100        2.733705        1.240288
     118        0.000100        2.657468        1.222073
     119        0.000100        2.588108        1.204905
     120        0.000100        2.520241        1.187971
     121        0.000100        2.456736        1.171651
     122        0.000100        2.394053        1.156832
     123        0.000100        2.339284        1.140454
     124        0.000100        2.286953        1.125936
     125        0.000100        2.230402        1.111298
     126        0.000100        2.175459        1.097229
     127        0.000100        2.126122        1.084012
     128        0.000100        2.078451        1.072826
     129        0.000100        2.032174        1.060208
     130        0.000100        1.993588        1.045327
     131        0.000100        1.946285        1.034939
     132        0.000100        1.907648        1.021356
     133        0.000100        1.869981        1.009755
     134        0.000100        1.832253        0.998392
     135        0.000100        1.795453        0.988061
     136        0.000100        1.767410        0.976916
     137        0.000100        1.740216        0.967414
     138        0.000100        1.701519        0.956837
     139        0.000100        1.667609        0.947314
     140        0.000100        1.632867        0.938706
     141        0.000100        1.610389        0.928315
     142        0.000100        1.583999        0.918891
     143        0.000100        1.566841        0.911273
     144        0.000100        1.530987        0.901229
     145        0.000100        1.503818        0.893177
     146        0.000100        1.474392        0.887493
     147        0.000100        1.454505        0.877731
     148        0.000100        1.428481        0.870967
     149        0.000100        1.405875        0.861558
     150        0.000100        1.383522        0.855527
     151        0.000100        1.366638        0.854464
     152        0.000100        1.344701        0.839591
     153        0.000100        1.323510        0.834280
     154        0.000100        1.304086        0.828853
     155        0.000100        1.300322        0.821063
     156        0.000100        1.267978        0.815454
     157        0.000100        1.270772        0.810110
     158        0.000100        1.233392        0.802388
     159        0.000100        1.217151        0.795447
     160        0.000100        1.201876        0.789671
     161        0.000100        1.185051        0.783976
     162        0.000100        1.176505        0.778409
     163        0.000100        1.157386        0.772477
     164        0.000100        1.140089        0.768506
     165        0.000100        1.129049        0.768664
     166        0.000100        1.119078        0.757605
     167        0.000100        1.099836        0.755564
     168        0.000100        1.091747        0.747832
     169        0.000100        1.076917        0.743330
     170        0.000100        1.062105        0.739290
     171        0.000100        1.055218        0.733448
     172        0.000100        1.040348        0.728814
     173        0.000100        1.026938        0.726732
     174        0.000100        1.016925        0.720945
     175        0.000100        1.007434        0.716708
     176        0.000100        0.996849        0.713184
     177        0.000100        0.992055        0.709009
     178        0.000100        0.975856        0.704739
     179        0.000100        0.965050        0.701306
     180        0.000100        0.959788        0.697249
     181        0.000100        0.947269        0.693479
     182        0.000100        0.940387        0.689683
     183        0.000100        0.933817        0.693701
     184        0.000100        0.922197        0.683109
     185        0.000100        0.910687        0.679263
     186        0.000100        0.917963        0.679428
     187        0.000100        0.896249        0.672742
     188        0.000100        0.888526        0.669332
     189        0.000100        0.880685        0.666304
     190        0.000100        0.869822        0.663975
     191        0.000100        0.861513        0.661743
     192        0.000100        0.855839        0.657381
     193        0.000100        0.869404        0.660549
     194        0.000100        0.840974        0.651349
     195        0.000100        0.833882        0.648734
     196        0.000100        0.826371        0.645523
     197        0.000100        0.825359        0.643613
     198        0.000100        0.822013        0.641777
     199        0.000100        0.806412        0.639358
     200        0.000100        0.800030        0.637439
     201        0.000100        0.793335        0.632848
     202        0.000100        0.787242        0.629995
     203        0.000100        0.781428        0.627379
     204        0.000100        0.778571        0.624429
     205        0.000100        0.769313        0.622451
     206        0.000100        0.771897        0.621043
     207        0.000100        0.758710        0.617679
     208        0.000100        0.762852        0.617091
     209        0.000100        0.750488        0.617445
     210        0.000100        0.743731        0.613545
     211        0.000100        0.738290        0.610211
     212        0.000100        0.762818        0.616983
     213        0.000100        0.729470        0.603804
     214        0.000100        0.722475        0.603743
     215        0.000100        0.718219        0.601832
     216        0.000100        0.711566        0.597628
     217        0.000100        0.708186        0.597136
     218        0.000100        0.705748        0.593014
     219        0.000100        0.700288        0.593889
     220        0.000100        0.694149        0.589408
     221        0.000100        0.693050        0.586958
     222        0.000100        0.694868        0.587280
     223        0.000100        0.682233        0.583500
     224        0.000100        0.677977        0.581988
     225        0.000100        0.674841        0.579725
     226        0.000100        0.672991        0.581624
     227        0.000100        0.676391        0.578514
     228        0.000100        0.662224        0.574204
     229        0.000100        0.661598        0.572561
     230        0.000100        0.656868        0.570338
     231        0.000100        0.664106        0.572500
     232        0.000100        0.648154        0.566857
     233        0.000100        0.650228        0.566550
     234        0.000100        0.641237        0.563374
     235        0.000100        0.639067        0.561577
     236        0.000100        0.635947        0.560187
     237        0.000100        0.632450        0.560734
     238        0.000100        0.627516        0.558624
     239        0.000100        0.636552        0.559607
     240        0.000100        0.627107        0.561022
     241        0.000100        0.618541        0.553768
     242        0.000100        0.617924        0.551221
     243        0.000100        0.611712        0.549550
     244        0.000100        0.615913        0.555571
     245        0.000100        0.611091        0.547588
     246        0.000100        0.604074        0.547110
     247        0.000100        0.603485        0.543926
     248        0.000100        0.600477        0.542463
     249        0.000100        0.594801        0.540629
     250        0.000100        0.592570        0.538923
     251        0.000100        0.595099        0.539232
     252        0.000100        0.588221        0.536513
     253        0.000100        0.588667        0.539765
     254        0.000100        0.583102        0.535452
     255        0.000100        0.582140        0.532465
     256        0.000100        0.578444        0.531237
     257        0.000100        0.575904        0.529460
     258        0.000100        0.577571        0.533620
     259        0.000100        0.570661        0.526450
     260        0.000100        0.583835        0.532284
     261        0.000100        0.566399        0.523656
     262        0.000100        0.563341        0.522434
     263        0.000100        0.561851        0.520987
     264        0.000100        0.558646        0.520316
     265        0.000100        0.559527        0.521798
     266        0.000100        0.554724        0.517609
     267        0.000100        0.553687        0.515855
     268        0.000100        0.553917        0.518002
     269        0.000100        0.549567        0.515289
     270        0.000100        0.549216        0.512043
     271        0.000100        0.545487        0.510548
     272        0.000100        0.543758        0.509323
     273        0.000100        0.540836        0.507586
     274        0.000100        0.542272        0.507822
     275        0.000100        0.539122        0.505692
     276        0.000100        0.538385        0.507130
     277        0.000100        0.535988        0.503852
     278        0.000100        0.533164        0.502643
     279        0.000100        0.532826        0.503108
     280        0.000100        0.532430        0.500668
     281        0.000100        0.532302        0.503339
     282        0.000100        0.530837        0.500086
     283        0.000100        0.527241        0.498290
     284        0.000100        0.528312        0.500315
     285        0.000100        0.524483        0.495976
     286        0.000100        0.521362        0.494192
     287        0.000100        0.525066        0.496073
     288        0.000100        0.522111        0.493698
     289        0.000100        0.521604        0.492218
     290        0.000100        0.517919        0.490674
     291        0.000100        0.517876        0.489985
     292        0.000100        0.517346        0.489095
     293        0.000100        0.516970        0.488525
     294        0.000100        0.515245        0.487708
     295        0.000100        0.516311        0.489645
     296        0.000100        0.514274        0.488617
     297        0.000100        0.513147        0.486408
     298        0.000100        0.512518        0.485185
     299        0.000100        0.510429        0.484024
     300        0.000100        0.512540        0.484112
     301        0.000100        0.511592        0.483016
     302        0.000100        0.519459        0.488063
     303        0.000100        0.509035        0.481253
     304        0.000100        0.509662        0.482372
     305        0.000100        0.509365        0.482351
     306        0.000100        0.514623        0.485831
     307        0.000100        0.516323        0.484375
     308        0.000100        0.518682        0.486583
     309        0.000100        0.510256        0.480993
     310        0.000100        0.517597        0.482934
     311        0.000100        0.513395        0.481729
     312        0.000100        0.507452        0.477108
     313        0.000100        0.510537        0.479384
     314        0.000100        0.507389        0.475907
     315        0.000100        0.507997        0.476083
     316        0.000100        0.506865        0.474748
     317        0.000100        0.514721        0.478887
     318        0.000100        0.508977        0.475576
     319        0.000100        0.508907        0.474344
     320        0.000100        0.517597        0.479648
     321        0.000100        0.511561        0.472895
     322        0.000100        0.510947        0.472226
     323        0.000100        0.511999        0.471893
     324        0.000100        0.514403        0.473383
     325        0.000100        0.513623        0.472473
     326        0.000100        0.510967        0.471881
     327        0.000100        0.514100        0.470587
     328        0.000100        0.509280        0.470160
     329        0.000100        0.513884        0.472096
     330        0.000100        0.517944        0.475473
     331        0.000100        0.513014        0.469501
     332        0.000100        0.507897        0.468217
     333        0.000100        0.516127        0.469087
     334        0.000100        0.513643        0.470707
     335        0.000100        0.512690        0.468566
     336        0.000100        0.513984        0.468109
     337        0.000100        0.510626        0.467251
     338        0.000100        0.516644        0.469966
     339        0.000100        0.514855        0.468888
     340        0.000100        0.526510        0.478525
     341        0.000100        0.514670        0.466345
     342        0.000100        0.516378        0.469873
     343        0.000100        0.515083        0.465505
     344        0.000100        0.513060        0.465465
     345        0.000100        0.512649        0.468457
     346        0.000100        0.519998        0.469828
     347        0.000100        0.510933        0.464556
     348        0.000100        0.513106        0.465884
     349        0.000100        0.512158        0.464820
     350        0.000100        0.515789        0.463755
     351        0.000100        0.508147        0.463393
     352        0.000100        0.518812        0.465496
     353        0.000100        0.513765        0.464021
     354        0.000100        0.517146        0.465895
     355        0.000100        0.515593        0.463248
     356        0.000100        0.513640        0.461599
     357        0.000100        0.511928        0.461722
     358        0.000100        0.515400        0.462680
     359        0.000100        0.515745        0.461063
     360        0.000100        0.514960        0.460985
     361        0.000100        0.515406        0.460627
     362        0.000100        0.514483        0.460078
     363        0.000100        0.515528        0.460306
     364        0.000100        0.519936        0.462069
     365        0.000100        0.517256        0.462203
     366        0.000100        0.514400        0.460166
     367        0.000100        0.525586        0.465294
     368        0.000100        0.514821        0.458942
     369        0.000100        0.517863        0.460908
     370        0.000100        0.522429        0.460666
     371        0.000100        0.512751        0.457992
     372        0.000100        0.523345        0.461464
     373        0.000100        0.521333        0.460205
     374        0.000100        0.525606        0.463079
     375        0.000100        0.518878        0.459740
     376        0.000100        0.522928        0.458772
     377        0.000100        0.522895        0.459511
     378        0.000100        0.520738        0.457531
     379        0.000100        0.526172        0.460208
     380        0.000100        0.519453        0.457092
     381        0.000100        0.517025        0.457174
     382        0.000100        0.528121        0.461538
     383        0.000100        0.520552        0.457373
     384        0.000100        0.519736        0.456682
     385        0.000100        0.522707        0.456664
     386        0.000100        0.521781        0.457345
     387        0.000100        0.523962        0.456584
     388        0.000100        0.524842        0.457039
     389        0.000100        0.538092        0.467010
     390        0.000100        0.525744        0.455749
     391        0.000100        0.525418        0.455775
     392        0.000100        0.523743        0.455675
     393        0.000100        0.527721        0.456753
     394        0.000100        0.526250        0.456824
     395        0.000100        0.527222        0.455138
     396        0.000100        0.525790        0.455440
     397        0.000100        0.529414        0.456455
     398        0.000100        0.527618        0.455098
     399        0.000100        0.524833        0.455541
     400        0.000100        0.533388        0.455958
     401        0.000100        0.530286        0.455124
     402        0.000100        0.529399        0.454068
     403        0.000100        0.529398        0.454484
     404        0.000100        0.531046        0.454422
     405        0.000100        0.534165        0.454582
     406        0.000100        0.526581        0.455262
     407        0.000100        0.540411        0.454261
     408        0.000100        0.539484        0.457820
     409        0.000100        0.531220        0.453457
     410        0.000100        0.541807        0.458339
     411        0.000100        0.536405        0.454127
     412        0.000100        0.534187        0.454554
     413        0.000100        0.529853        0.453239
     414        0.000100        0.554482        0.463716
     415        0.000100        0.535046        0.453112
     416        0.000100        0.540748        0.453962
     417        0.000100        0.538548        0.454542
     418        0.000100        0.540197        0.453044
     419        0.000100        0.542047        0.453282
     420        0.000100        0.541097        0.453976
     421        0.000100        0.546632        0.454506
     422        0.000100        0.545190        0.454822
     423        0.000100        0.539880        0.452817
     424        0.000100        0.543282        0.453146
     425        0.000100        0.559950        0.466204
     426        0.000100        0.538879        0.452469
     427        0.000100        0.547278        0.455511
     428        0.000100        0.549730        0.452423
     429        0.000100        0.548972        0.455957
     430        0.000100        0.548912        0.453226
     431        0.000100        0.542194        0.451791
     432        0.000100        0.546768        0.451967
     433        0.000100        0.554555        0.452973
     434        0.000100        0.551606        0.453542
     435        0.000100        0.549698        0.453288
     436        0.000100        0.553169        0.455038
     437        0.000100        0.550646        0.452957
     438        0.000100        0.553790        0.453150
     439        0.000100        0.551632        0.452071
     440        0.000100        0.569065        0.463328
     441        0.000100        0.553018        0.451822
     442        0.000100        0.547867        0.451692
     443        0.000100        0.555860        0.451508
     444        0.000100        0.557602        0.452823
     445        0.000100        0.552825        0.451876
     446        0.000100        0.550617        0.452255
     447        0.000100        0.563134        0.455050
     448        0.000100        0.554136        0.451778
     449        0.000100        0.554687        0.451518
     450        0.000100        0.555716        0.452981
     451        0.000100        0.557957        0.451841
     452        0.000100        0.555901        0.451842
     453        0.000100        0.558276        0.451767
     454        0.000100        0.557831        0.450841
     455        0.000100        0.556953        0.453672
     456        0.000100        0.560896        0.451960
     457        0.000100        0.558994        0.455719
     458        0.000100        0.557880        0.453720
     459        0.000100        0.557093        0.451328
     460        0.000100        0.562536        0.451697
     461        0.000100        0.560308        0.452613
     462        0.000100        0.556535        0.450868
     463        0.000100        0.559910        0.450966
     464        0.000100        0.557472        0.451466
     465        0.000100        0.554153        0.451722
     466        0.000100        0.565625        0.453608
     467        0.000100        0.561001        0.453180
     468        0.000100        0.566069        0.454500
     469        0.000100        0.561247        0.451609
     470        0.000100        0.559744        0.450592
     471        0.000100        0.560373        0.451184
     472        0.000100        0.565386        0.451916
     473        0.000100        0.560328        0.451902
     474        0.000100        0.562761        0.453175
     475        0.000100        0.558289        0.450438
     476        0.000100        0.564064        0.451118
     477        0.000100        0.558166        0.450276
     478        0.000100        0.563015        0.451157
     479        0.000100        0.566195        0.455588
     480        0.000100        0.565950        0.452710
     481        0.000100        0.564450        0.452315
     482        0.000100        0.560072        0.450467
     483        0.000100        0.572289        0.453362
     484        0.000100        0.565279        0.451159
     485        0.000100        0.566135        0.450442
     486        0.000100        0.573698        0.453093
     487        0.000100        0.565821        0.451547
     488        0.000100        0.571682        0.452807
     489        0.000100        0.574964        0.456163
     490        0.000100        0.568817        0.450917
     491        0.000100        0.580937        0.455759
     492        0.000100        0.570848        0.451498
     493        0.000100        0.566074        0.451171
     494        0.000100        0.569443        0.451859
     495        0.000100        0.570635        0.452501
     496        0.000100        0.577724        0.456469
     497        0.000100        0.576266        0.452823
     498        0.000100        0.578641        0.451751
     499        0.000100        0.569646        0.450642
     500        0.000100        0.576226        0.451763
     501        0.000100        0.572262        0.450506
     502        0.000100        0.577984        0.453107
     503        0.000100        0.583644        0.456439
     504        0.000100        0.576319        0.454122
     505        0.000100        0.580205        0.452202
     506        0.000100        0.579720        0.453158
     507        0.000100        0.583598        0.453539
     508        0.000100        0.578545        0.451581
     509        0.000100        0.573513        0.450897
     510        0.000100        0.579529        0.450824
     511        0.000100        0.580243        0.452142
     512        0.000100        0.590188        0.458445
     513        0.000100        0.589574        0.453348
     514        0.000100        0.578129        0.451615
     515        0.000100        0.578665        0.453069
     516        0.000100        0.585915        0.451795
     517        0.000100        0.588577        0.454326
     518        0.000100        0.583043        0.452947
     519        0.000100        0.591201        0.455013
     520        0.000100        0.582527        0.451698
     521        0.000100        0.582020        0.452474
     522        0.000100        0.583627        0.452284
     523        0.000100        0.593883        0.456359
     524        0.000100        0.586549        0.451407
     525        0.000100        0.593174        0.454640
     526        0.000100        0.590370        0.454141
     527        0.000100        0.604647        0.457299
     528        0.000100        0.592914        0.452971
     529        0.000100        0.593762        0.453218
     530        0.000100        0.600260        0.456875
     531        0.000100        0.588700        0.453980
     532        0.000100        0.589452        0.451785
     533        0.000100        0.595834        0.453519
     534        0.000100        0.609288        0.459442
     535        0.000100        0.592090        0.451726
     536        0.000100        0.597540        0.453654
     537        0.000100        0.598236        0.452145
     538        0.000100        0.599905        0.452738
     539        0.000100        0.601607        0.453535
     540        0.000100        0.599648        0.452751
     541        0.000100        0.600615        0.453600
     542        0.000100        0.597695        0.453386
     543        0.000100        0.601336        0.455116
     544        0.000100        0.611310        0.459696
     545        0.000100        0.599042        0.454900
     546        0.000100        0.599737        0.453669
     547        0.000100        0.601249        0.453390
     548        0.000100        0.602260        0.452866
     549        0.000100        0.613353        0.457631
     550        0.000100        0.604214        0.454356
     551        0.000100        0.601766        0.453251
     552        0.000100        0.602854        0.453002
     553        0.000100        0.607797        0.456436
     554        0.000100        0.607733        0.453946
     555        0.000100        0.605288        0.452798
     556        0.000100        0.610527        0.456230
     557        0.000100        0.614912        0.457677
     558        0.000100        0.610221        0.454983
     559        0.000100        0.614616        0.455376
     560        0.000100        0.623668        0.461845
     561        0.000100        0.620815        0.457195
     562        0.000100        0.611330        0.453886
     563        0.000100        0.611994        0.454114
     564        0.000100        0.612666        0.453950
     565        0.000100        0.609473        0.453859
     566        0.000100        0.617588        0.457156
     567        0.000100        0.607841        0.453310
     568        0.000100        0.619255        0.454754
     569        0.000100        0.617945        0.455252
     570        0.000100        0.613775        0.454274
     571        0.000100        0.619634        0.454975
     572        0.000100        0.621538        0.455961
     573        0.000100        0.620902        0.455625
     574        0.000100        0.622730        0.456871
     575        0.000100        0.625513        0.458961
     576        0.000100        0.618542        0.454360
     577        0.000100        0.621900        0.455497
     578        0.000100        0.615430        0.455866
     579        0.000100        0.621933        0.454514
     580        0.000100        0.629960        0.456939
     581        0.000100        0.631358        0.456269
     582        0.000100        0.636547        0.462317
     583        0.000100        0.629329        0.456125
     584        0.000100        0.629003        0.455001
     585        0.000100        0.626752        0.455574
     586        0.000100        0.630726        0.456968
     587        0.000100        0.639731        0.461254
     588        0.000100        0.633080        0.458578
     589        0.000100        0.631647        0.456130
     590        0.000100        0.640436        0.460149
     591        0.000100        0.633410        0.459457
     592        0.000100        0.634465        0.456320
     593        0.000100        0.634270        0.455825
     594        0.000100        0.638467        0.457628
     595        0.000100        0.642430        0.458205
     596        0.000100        0.636434        0.456661
     597        0.000100        0.640809        0.457854
     598        0.000100        0.642220        0.457716
     599        0.000100        0.654812        0.462344
     600        0.000100        0.641986        0.456744
     601        0.000100        0.640725        0.457780
     602        0.000100        0.640776        0.457315
     603        0.000100        0.636284        0.456442
     604        0.000100        0.650405        0.458880
     605        0.000100        0.648550        0.462501
     606        0.000100        0.640926        0.456445
     607        0.000100        0.644754        0.457385
     608        0.000100        0.652875        0.459520
     609        0.000100        0.651146        0.458424
     610        0.000100        0.649903        0.457998
     611        0.000100        0.656145        0.461976
     612        0.000100        0.655471        0.460199
     613        0.000100        0.645102        0.458846
     614        0.000100        0.651796        0.458581
     615        0.000100        0.648494        0.458433
     616        0.000100        0.660826        0.458167
     617        0.000100        0.651126        0.457908
     618        0.000100        0.656462        0.461826
     619        0.000100        0.657394        0.458771
     620        0.000100        0.655964        0.458546
     621        0.000100        0.672996        0.466728
     622        0.000100        0.653159        0.458322
     623        0.000100        0.657961        0.458734
     624        0.000100        0.666371        0.462275
     625        0.000100        0.668567        0.460543
     626        0.000100        0.665555        0.463297
     627        0.000100        0.658201        0.459324
     628        0.000100        0.660555        0.459243
     629        0.000100        0.656195        0.459779
     630        0.000100        0.663893        0.458911
     631        0.000100        0.664023        0.458988
     632        0.000100        0.665975        0.459803
     633        0.000100        0.666291        0.459392
     634        0.000100        0.672558        0.460325
     635        0.000100        0.672860        0.460838
     636        0.000100        0.667350        0.459871
     637        0.000100        0.676532        0.461253
     638        0.000100        0.673928        0.460378
     639        0.000100        0.666587        0.461110
     640        0.000100        0.675489        0.461545
     641        0.000100        0.672074        0.459962
     642        0.000100        0.673835        0.459628
     643        0.000100        0.686680        0.468510
     644        0.000100        0.684093        0.461850
     645        0.000100        0.690513        0.465167
     646        0.000100        0.689739        0.466104
     647        0.000100        0.694668        0.465659
     648        0.000100        0.678254        0.464334
     649        0.000100        0.681896        0.462383
     650        0.000100        0.682786        0.461570
     651        0.000100        0.682817        0.460822
     652        0.000100        0.682607        0.461780
     653        0.000100        0.684200        0.462326
     654        0.000100        0.686870        0.461711
     655        0.000100        0.694461        0.463488
     656        0.000100        0.699814        0.466318
     657        0.000100        0.687041        0.462589
     658        0.000100        0.689877        0.463241
     659        0.000100        0.701296        0.465960
     660        0.000100        0.693328        0.463473
     661        0.000100        0.694550        0.463473
     662        0.000100        0.689256        0.463463
     663        0.000100        0.688165        0.462137
     664        0.000100        0.695855        0.465146
     665        0.000100        0.696326        0.463850
     666        0.000100        0.700320        0.464443
     667        0.000100        0.696990        0.466731
     668        0.000100        0.702452        0.467047
     669        0.000100        0.705787        0.466109
     670        0.000100        0.707236        0.463573
     671        0.000100        0.707355        0.465041
     672        0.000100        0.701576        0.462956
     673        0.000100        0.700965        0.463006
     674        0.000100        0.707746        0.465738
     675        0.000100        0.707306        0.464693
     676        0.000100        0.707662        0.466009
     677        0.000100        0.704801        0.464916
     678        0.000100        0.707805        0.463350
     679        0.000100        0.708834        0.463358
     680        0.000100        0.707134        0.466499
     681        0.000100        0.710604        0.465713
     682        0.000100        0.710679        0.464881
     683        0.000100        0.710067        0.466063
     684        0.000100        0.720544        0.466471
     685        0.000100        0.710871        0.466472
     686        0.000100        0.716667        0.464007
     687        0.000100        0.720179        0.466909
     688        0.000100        0.717956        0.466200
     689        0.000100        0.713498        0.464847
     690        0.000100        0.718833        0.464234
     691        0.000100        0.721179        0.466365
     692        0.000100        0.723490        0.468969
     693        0.000100        0.726193        0.467214
     694        0.000100        0.730161        0.466824
     695        0.000100        0.723959        0.465899
     696        0.000100        0.731259        0.467988
     697        0.000100        0.723906        0.466357
     698        0.000100        0.726414        0.467355
     699        0.000100        0.734174        0.466376
     700        0.000100        0.740268        0.472828
     701        0.000100        0.729773        0.466802
     702        0.000100        0.738123        0.467329
     703        0.000100        0.738276        0.470336
     704        0.000100        0.734651        0.467038
     705        0.000100        0.734659        0.467753
     706        0.000100        0.741656        0.468655
     707        0.000100        0.744763        0.467518
     708        0.000100        0.746659        0.469665
     709        0.000100        0.735525        0.466481
     710        0.000100        0.751636        0.475393
     711        0.000100        0.751692        0.472836
     712        0.000100        0.742287        0.467591
     713        0.000100        0.747033        0.468841
     714        0.000100        0.748739        0.467867
     715        0.000100        0.746823        0.467740
     716        0.000100        0.751084        0.470532
     717        0.000100        0.754831        0.470266
     718        0.000100        0.751023        0.468111
     719        0.000100        0.751210        0.468380
     720        0.000100        0.750485        0.467848
     721        0.000100        0.756785        0.468923
     722        0.000100        0.748962        0.468632
     723        0.000100        0.756718        0.469307
     724        0.000100        0.753566        0.468542
     725        0.000100        0.761129        0.469397
     726        0.000100        0.753481        0.471586
     727        0.000100        0.756420        0.469722
     728        0.000100        0.767873        0.469684
     729        0.000100        0.770047        0.472663
     730        0.000100        0.766084        0.470303
     731        0.000100        0.759801        0.469505
     732        0.000100        0.760365        0.469790
     733        0.000100        0.759800        0.469301
     734        0.000100        0.778992        0.474031
     735        0.000100        0.771936        0.472340
     736        0.000100        0.770855        0.470388
     737        0.000100        0.783148        0.479547
     738        0.000100        0.773957        0.472737
     739        0.000100        0.768523        0.469923
     740        0.000100        0.774247        0.471419
     741        0.000100        0.766344        0.472695
     742        0.000100        0.770957        0.470833
     743        0.000100        0.777001        0.472219
     744        0.000100        0.775640        0.472745
     745        0.000100        0.776568        0.471370
     746        0.000100        0.774307        0.472201
     747        0.000100        0.779633        0.471651
     748        0.000100        0.779504        0.472306
     749        0.000100        0.778030        0.471505
     750        0.000100        0.780785        0.472915
     751        0.000100        0.790270        0.475441
     752        0.000100        0.778028        0.472565
     753        0.000100        0.787718        0.472402
     754        0.000100        0.784461        0.471809
     755        0.000100        0.789472        0.472478
     756        0.000100        0.787373        0.472480
     757        0.000100        0.789941        0.475396
     758        0.000100        0.792505        0.473325
     759        0.000100        0.789686        0.472679
     760        0.000100        0.790862        0.474283
     761        0.000100        0.808876        0.473741
     762        0.000100        0.804835        0.475725
     763        0.000100        0.801336        0.472727
     764        0.000100        0.797174        0.473161
     765        0.000100        0.802244        0.473744
     766        0.000100        0.798290        0.472702
     767        0.000100        0.808302        0.474565
     768        0.000100        0.808756        0.474603
     769        0.000100        0.809378        0.477172
     770        0.000100        0.796585        0.472426
     771        0.000100        0.804336        0.473963
     772        0.000100        0.809617        0.474432
     773        0.000100        0.806627        0.474465
     774        0.000100        0.814693        0.475544
     775        0.000100        0.805701        0.473408
     776        0.000100        0.811767        0.474673
     777        0.000100        0.827628        0.479223
     778        0.000050        0.813919        0.474783
     779        0.000050        0.816443        0.474373
     780        0.000050        0.817151        0.474782
     781        0.000050        0.815659        0.474306
     782        0.000050        0.817014        0.474390
     783        0.000050        0.816294        0.474510
     784        0.000050        0.817165        0.474679
     785        0.000050        0.823627        0.476344
     786        0.000050        0.820994        0.475449
     787        0.000050        0.820349        0.474846
     788        0.000050        0.822529        0.475832
     789        0.000050        0.822090        0.475320
     790        0.000050        0.821227        0.475856
     791        0.000050        0.824881        0.475153
     792        0.000050        0.827766        0.476726
     793        0.000050        0.826000        0.475703
     794        0.000050        0.827827        0.476459
     795        0.000050        0.829047        0.476455
     796        0.000050        0.828765        0.475459
     797        0.000050        0.831197        0.476274
     798        0.000050        0.826253        0.475314
     799        0.000050        0.835225        0.477669
     800        0.000050        0.832943        0.476659
     801        0.000050        0.831296        0.477103
     802        0.000050        0.831093        0.476102
     803        0.000050        0.828836        0.475558
     804        0.000050        0.836978        0.477406
     805        0.000050        0.838468        0.477714
     806        0.000050        0.833517        0.476328
     807        0.000050        0.831741        0.475804
     808        0.000050        0.837194        0.477019
     809        0.000050        0.839476        0.477681
     810        0.000050        0.841203        0.477479
     811        0.000050        0.831811        0.475921
     812        0.000050        0.840884        0.477906
