       0        0.000100       12.726006        2.790318
       1        0.000100        3.052992        1.375824
       2        0.000100        1.582585        0.982855
       3        0.000100        1.150664        0.833551
       4        0.000100        0.854274        0.711844
       5        0.000100        0.669498        0.624940
       6        0.000100        0.574885        0.577439
       7        0.000100        0.514891        0.547346
       8        0.000100        0.442288        0.507680
       9        0.000100        0.393240        0.479594
      10        0.000100        0.363011        0.461808
      11        0.000100        0.346132        0.453387
      12        0.000100        0.354473        0.454058
      13        0.000100        0.335823        0.448475
      14        0.000100        0.335189        0.441925
      15        0.000100        0.322436        0.433784
      16        0.000100        0.322278        0.425797
      17        0.000100        0.299935        0.419062
      18        0.000100        0.294020        0.414180
      19        0.000100        0.279045        0.408241
      20        0.000100        0.285470        0.407178
      21        0.000100        0.279008        0.403029
      22        0.000100        0.291258        0.402120
      23        0.000100        0.276976        0.395640
      24        0.000100        0.274426        0.393464
      25        0.000100        0.256900        0.387332
      26        0.000100        0.265117        0.388090
      27        0.000100        0.255009        0.383969
      28        0.000100        0.273229        0.386253
      29        0.000100        0.266053        0.381565
      30        0.000100        0.268395        0.380629
      31        0.000100        0.248117        0.374389
      32        0.000100        0.254468        0.373846
      33        0.000100        0.243549        0.370939
      34        0.000100        0.259226        0.372704
      35        0.000100        0.253847        0.369092
      36        0.000100        0.261243        0.368468
      37        0.000100        0.243494        0.363733
      38        0.000100        0.248979        0.363219
      39        0.000100        0.233885        0.358671
      40        0.000100        0.244362        0.358823
      41        0.000100        0.240423        0.356441
      42        0.000100        0.254554        0.356343
      43        0.000100        0.239957        0.353526
      44        0.000100        0.243742        0.352360
      45        0.000100        0.227621        0.349203
      46        0.000100        0.235279        0.348197
      47        0.000100        0.230112        0.347260
      48        0.000100        0.247560        0.348380
      49        0.000100        0.235853        0.345266
      50        0.000100        0.241671        0.345169
      51        0.000100        0.224330        0.342081
      52        0.000100        0.233837        0.342988
      53        0.000100        0.222614        0.340992
      54        0.000100        0.244329        0.344288
      55        0.000100        0.237622        0.342353
      56        0.000100        0.244407        0.342558
      57        0.000100        0.226463        0.340150
      58        0.000100        0.235901        0.341875
      59        0.000100        0.222063        0.339637
      60        0.000100        0.238755        0.342014
      61        0.000100        0.236631        0.342049
      62        0.000100        0.247767        0.342430
      63        0.000100        0.231175        0.340744
      64        0.000100        0.239652        0.342900
      65        0.000100        0.222522        0.339554
      66        0.000100        0.235830        0.340436
      67        0.000100        0.235825        0.343463
      68        0.000100        0.251134        0.342332
      69        0.000100        0.236941        0.342279
      70        0.000100        0.242582        0.342530
      71        0.000100        0.225515        0.341311
      72        0.000100        0.237622        0.341861
      73        0.000100        0.229317        0.340970
      74        0.000100        0.250854        0.344096
      75        0.000100        0.236998        0.341772
      76        0.000100        0.246201        0.344443
      77        0.000100        0.226264        0.340858
      78        0.000100        0.241463        0.345119
      79        0.000100        0.227468        0.341590
      80        0.000100        0.249375        0.343429
      81        0.000100        0.239950        0.342617
      82        0.000100        0.248832        0.344097
      83        0.000100        0.226139        0.339018
      84        0.000100        0.239507        0.341551
      85        0.000100        0.222867        0.336542
      86        0.000100        0.243003        0.338313
      87        0.000100        0.234098        0.335944
      88        0.000100        0.251105        0.343969
      89        0.000100        0.269254        0.381285
      90        0.000100        0.236844        0.334703
      91        0.000100        0.219179        0.331218
      92        0.000100        0.241769        0.334745
      93        0.000100        0.233862        0.334184
      94        0.000100        0.247616        0.337857
      95        0.000100        0.227121        0.336510
      96        0.000100        0.243086        0.342377
      97        0.000100        0.226956        0.339702
      98        0.000100        0.240146        0.337038
      99        0.000100        0.230793        0.332473
     100        0.000100        0.241779        0.334176
     101        0.000100        0.224928        0.333796
     102        0.000100        0.234863        0.334884
     103        0.000100        0.223577        0.336011
     104        0.000100        0.238947        0.335126
     105        0.000100        0.238117        0.338213
     106        0.000100        0.249537        0.337809
     107        0.000100        0.231771        0.337319
     108        0.000100        0.238994        0.336245
     109        0.000100        0.227635        0.338448
     110        0.000100        0.238283        0.335116
     111        0.000100        0.239802        0.339431
     112        0.000100        0.251459        0.338180
     113        0.000100        0.236795        0.340065
     114        0.000100        0.243001        0.338285
     115        0.000100        0.230169        0.340455
     116        0.000100        0.240102        0.337156
     117        0.000100        0.238553        0.340169
     118        0.000100        0.254540        0.338685
     119        0.000100        0.239056        0.340320
     120        0.000100        0.248937        0.340306
     121        0.000100        0.230405        0.340999
     122        0.000100        0.243955        0.339468
     123        0.000100        0.237718        0.341368
     124        0.000100        0.258904        0.341662
     125        0.000100        0.242241        0.342427
     126        0.000100        0.251035        0.341450
     127        0.000100        0.233485        0.342551
     128        0.000100        0.244572        0.339726
     129        0.000100        0.235097        0.340588
     130        0.000100        0.258290        0.341785
     131        0.000100        0.283472        0.389068
     132        0.000100        0.248242        0.343241
     133        0.000100        0.244254        0.361134
     134        0.000100        0.251877        0.357705
     135        0.000100        0.240078        0.354768
     136        0.000100        0.255856        0.351449
     137        0.000100        0.241946        0.346516
     138        0.000100        0.247200        0.345385
     139        0.000100        0.226302        0.341254
     140        0.000100        0.242341        0.342383
     141        0.000100        0.233869        0.346255
     142        0.000100        0.257378        0.348905
     143        0.000100        0.238119        0.340451
     144        0.000100        0.243638        0.336102
     145        0.000100        0.222262        0.330795
     146        0.000100        0.238158        0.333745
     147        0.000100        0.227277        0.333789
     148        0.000100        0.251177        0.337167
     149        0.000100        0.240670        0.337590
     150        0.000100        0.255946        0.340839
     151        0.000100        0.237876        0.341729
     152        0.000100        0.251986        0.344115
     153        0.000100        0.241045        0.343767
     154        0.000100        0.253279        0.339238
     155        0.000100        0.245103        0.339922
     156        0.000100        0.260136        0.342422
     157        0.000100        0.237226        0.339965
     158        0.000100        0.247427        0.338324
     159        0.000100        0.228736        0.334521
     160        0.000100        0.253803        0.338149
     161        0.000100        0.238728        0.335878
     162        0.000100        0.256089        0.338324
     163        0.000100        0.233842        0.336259
     164        0.000100        0.244099        0.336908
     165        0.000100        0.232842        0.337189
     166        0.000100        0.247033        0.337898
     167        0.000100        0.240672        0.338802
     168        0.000100        0.259235        0.342818
     169        0.000100        0.307467        0.416626
     170        0.000100        0.263212        0.366143
     171        0.000100        0.242682        0.357959
     172        0.000100        0.246912        0.351999
     173        0.000100        0.239182        0.351412
     174        0.000100        0.256964        0.354149
     175        0.000100        0.242971        0.354375
     176        0.000100        0.249882        0.353377
     177        0.000100        0.232923        0.348981
     178        0.000100        0.247961        0.350430
     179        0.000100        0.235572        0.348329
     180        0.000100        0.253971        0.347790
     181        0.000100        0.243847        0.352566
     182        0.000100        0.249855        0.348651
     183        0.000100        0.231291        0.343888
     184        0.000100        0.242270        0.340858
     185        0.000100        0.229364        0.336690
     186        0.000100        0.248572        0.337830
     187        0.000100        0.235647        0.337862
     188        0.000100        0.243641        0.336780
     189        0.000100        0.236079        0.342778
     190        0.000100        0.243157        0.338747
     191        0.000100        0.245613        0.346667
     192        0.000100        0.250970        0.339958
     193        0.000100        0.245879        0.346936
     194        0.000100        0.247341        0.340301
     195        0.000100        0.242685        0.349309
     196        0.000100        0.249088        0.344057
     197        0.000100        0.243936        0.346835
     198        0.000100        0.254933        0.345180
     199        0.000100        0.244934        0.349401
