       0        0.000100     5843.147549       75.991440
       1        0.000100     5130.045262       71.186134
       2        0.000100     4409.062992       65.965080
       3        0.000100     3664.531421       60.095604
       4        0.000100     2918.028636       53.566875
       5        0.000100     2207.070631       46.503506
       6        0.000100     1573.051848       39.142891
       7        0.000100     1048.603723       31.791075
       8        0.000100      650.056025       24.787470
       9        0.000100      374.741470       18.462473
      10        0.000100      203.634357       13.101130
      11        0.000100      108.617868        9.010564
      12        0.000100       61.381747        6.407648
      13        0.000100       39.914097        5.037823
      14        0.000100       30.442804        4.414361
      15        0.000100       25.859411        4.100565
      16        0.000100       23.070476        3.887518
      17        0.000100       20.916611        3.707017
      18        0.000100       19.016929        3.535882
      19        0.000100       17.260644        3.367829
      20        0.000100       15.619933        3.201833
      21        0.000100       14.089657        3.038423
      22        0.000100       12.670027        2.877808
      23        0.000100       11.361563        2.721091
      24        0.000100       10.163767        2.569734
      25        0.000100        9.074776        2.424609
      26        0.000100        8.091329        2.286219
      27        0.000100        7.208801        2.155547
      28        0.000100        6.421569        2.033288
      29        0.000100        5.723129        1.919685
      30        0.000100        5.106370        1.814198
      31        0.000100        4.563807        1.715763
      32        0.000100        4.087899        1.623924
      33        0.000100        3.671242        1.538802
      34        0.000100        3.306704        1.459938
      35        0.000100        2.987672        1.386534
      36        0.000100        2.708079        1.318334
      37        0.000100        2.462524        1.255556
      38        0.000100        2.246260        1.197077
      39        0.000100        2.055170        1.142631
      40        0.000100        1.885765        1.092093
      41        0.000100        1.735073        1.044814
      42        0.000100        1.600615        1.000913
      43        0.000100        1.480288        0.960026
      44        0.000100        1.372304        0.922179
      45        0.000100        1.275173        0.886998
      46        0.000100        1.187591        0.854121
      47        0.000100        1.108438        0.823543
      48        0.000100        1.036734        0.795050
      49        0.000100        0.971603        0.768421
      50        0.000100        0.912288        0.743275
      51        0.000100        0.858104        0.719547
      52        0.000100        0.808450        0.697125
      53        0.000100        0.762788        0.676136
      54        0.000100        0.720638        0.656363
      55        0.000100        0.681579        0.637691
      56        0.000100        0.645245        0.619975
      57        0.000100        0.611316        0.603014
      58        0.000100        0.579507        0.586848
      59        0.000100        0.549587        0.571240
      60        0.000100        0.521354        0.556174
      61        0.000100        0.494641        0.541602
      62        0.000100        0.469308        0.527482
      63        0.000100        0.445237        0.513744
      64        0.000100        0.422332        0.500324
      65        0.000100        0.400516        0.487200
      66        0.000100        0.379720        0.474343
      67        0.000100        0.359892        0.461700
      68        0.000100        0.340982        0.449223
      69        0.000100        0.322951        0.436947
      70        0.000100        0.305763        0.424881
      71        0.000100        0.289388        0.412951
      72        0.000100        0.273800        0.401194
      73        0.000100        0.258970        0.389676
      74        0.000100        0.244876        0.378396
      75        0.000100        0.231493        0.367377
      76        0.000100        0.218800        0.356570
      77        0.000100        0.206777        0.345961
      78        0.000100        0.195399        0.335606
      79        0.000100        0.184644        0.325526
      80        0.000100        0.174488        0.315693
      81        0.000100        0.164905        0.306097
      82        0.000100        0.155869        0.296782
      83        0.000100        0.147355        0.287714
      84        0.000100        0.139338        0.278896
      85        0.000100        0.131793        0.270324
      86        0.000100        0.124696        0.262003
      87        0.000100        0.118027        0.253914
      88        0.000100        0.111765        0.246075
      89        0.000100        0.105892        0.238483
      90        0.000100        0.100389        0.231161
      91        0.000100        0.095237        0.224089
      92        0.000100        0.090416        0.217268
      93        0.000100        0.085904        0.210687
      94        0.000100        0.081677        0.204374
      95        0.000100        0.077710        0.198302
      96        0.000100        0.073979        0.192429
      97        0.000100        0.070463        0.186763
      98        0.000100        0.067148        0.181303
      99        0.000100        0.064024        0.176087
     100        0.000100        0.061088        0.171084
     101        0.000100        0.058341        0.166299
     102        0.000100        0.055777        0.161746
     103        0.000100        0.053392        0.157441
     104        0.000100        0.051172        0.153383
     105        0.000100        0.049101        0.149564
     106        0.000100        0.047159        0.145931
     107        0.000100        0.045333        0.142457
     108        0.000100        0.043607        0.139107
     109        0.000100        0.041975        0.135890
     110        0.000100        0.040428        0.132754
     111        0.000100        0.038965        0.129747
     112        0.000100        0.037582        0.126855
     113        0.000100        0.036281        0.124092
     114        0.000100        0.035059        0.121456
     115        0.000100        0.033917        0.118965
     116        0.000100        0.032850        0.116611
     117        0.000100        0.031857        0.114409
     118        0.000100        0.030932        0.112336
     119        0.000100        0.030069        0.110377
     120        0.000100        0.029264        0.108517
     121        0.000100        0.028509        0.106755
     122        0.000100        0.027797        0.105059
     123        0.000100        0.027124        0.103423
     124        0.000100        0.026485        0.101852
     125        0.000100        0.025880        0.100338
     126        0.000100        0.025309        0.098883
     127        0.000100        0.024770        0.097510
     128        0.000100        0.024266        0.096224
     129        0.000100        0.023796        0.095017
     130        0.000100        0.023356        0.093881
     131        0.000100        0.022949        0.092829
     132        0.000100        0.022571        0.091867
     133        0.000100        0.022222        0.090993
     134        0.000100        0.021899        0.090198
     135        0.000100        0.021600        0.089478
     136        0.000100        0.021325        0.088826
     137        0.000100        0.021067        0.088215
     138        0.000100        0.020830        0.087657
     139        0.000100        0.020607        0.087135
     140        0.000100        0.020397        0.086645
     141        0.000100        0.020197        0.086172
     142        0.000100        0.020009        0.085735
     143        0.000100        0.019823        0.085254
     144        0.000100        0.019657        0.084898
     145        0.000100        0.019473        0.084317
     146        0.000100        0.019329        0.084086
     147        0.000100        0.019148        0.083462
     148        0.000100        0.019003        0.083164
     149        0.000100        0.018837        0.082612
     150        0.000100        0.018685        0.082214
     151        0.000100        0.018528        0.081702
     152        0.000100        0.018391        0.081335
     153        0.000100        0.018266        0.080964
     154        0.000100        0.018185        0.080836
     155        0.000100        0.018017        0.080219
     156        0.000100        0.017845        0.079626
     157        0.000100        0.017687        0.079023
     158        0.000100        0.017558        0.078645
     159        0.000100        0.017430        0.078156
     160        0.000100        0.017326        0.077919
     161        0.000100        0.017204        0.077404
     162        0.000100        0.017103        0.077189
     163        0.000100        0.016986        0.076672
     164        0.000100        0.016887        0.076434
     165        0.000100        0.016774        0.075946
     166        0.000100        0.016680        0.075707
     167        0.000100        0.016578        0.075270
     168        0.000100        0.016498        0.075087
     169        0.000100        0.016414        0.074738
     170        0.000100        0.016361        0.074687
     171        0.000100        0.016265        0.074231
     172        0.000100        0.016143        0.073805
     173        0.000100        0.016013        0.073115
     174        0.000100        0.015917        0.072832
     175        0.000100        0.015827        0.072388
     176        0.000100        0.015756        0.072260
     177        0.000100        0.015666        0.071766
     178        0.000100        0.015584        0.071520
     179        0.000100        0.015489        0.070991
     180        0.000100        0.015390        0.070642
     181        0.000100        0.015302        0.070158
     182        0.000100        0.015186        0.069670
     183        0.000100        0.015107        0.069249
     184        0.000100        0.015014        0.068871
     185        0.000100        0.014963        0.068612
     186        0.000100        0.014903        0.068429
     187        0.000100        0.014821        0.067943
     188        0.000100        0.014709        0.067441
     189        0.000100        0.014615        0.066850
     190        0.000100        0.014521        0.066457
     191        0.000100        0.014443        0.066008
     192        0.000100        0.014374        0.065759
     193        0.000100        0.014313        0.065370
     194        0.000100        0.014249        0.065131
     195        0.000100        0.014185        0.064724
     196        0.000100        0.014108        0.064392
     197        0.000100        0.014030        0.063885
     198        0.000100        0.013937        0.063447
     199        0.000100        0.013861        0.062934
     200        0.000100        0.013804        0.062740
     201        0.000100        0.013759        0.062452
     202        0.000100        0.013708        0.062284
     203        0.000100        0.013652        0.061875
     204        0.000100        0.013588        0.061577
     205        0.000100        0.013515        0.061070
     206        0.000100        0.013444        0.060741
     207        0.000100        0.013379        0.060275
     208        0.000100        0.013324        0.060038
     209        0.000100        0.013279        0.059718
     210        0.000100        0.013239        0.059590
     211        0.000100        0.013202        0.059306
     212        0.000100        0.013148        0.059062
     213        0.000100        0.013086        0.058572
     214        0.000100        0.013028        0.058285
     215        0.000100        0.012973        0.057854
     216        0.000100        0.012924        0.057699
     217        0.000100        0.012888        0.057415
     218        0.000100        0.012862        0.057376
     219        0.000100        0.012831        0.057108
     220        0.000100        0.012796        0.056997
     221        0.000100        0.012748        0.056621
     222        0.000100        0.012702        0.056417
     223        0.000100        0.012656        0.056059
     224        0.000100        0.012618        0.055931
     225        0.000100        0.012589        0.055715
     226        0.000100        0.012570        0.055729
     227        0.000100        0.012548        0.055548
     228        0.000100        0.012527        0.055533
     229        0.000100        0.012486        0.055196
     230        0.000100        0.012454        0.055093
     231        0.000100        0.012415        0.054769
     232        0.000100        0.012385        0.054720
     233        0.000100        0.012351        0.054475
     234        0.000100        0.012347        0.054572
     235        0.000100        0.012323        0.054393
     236        0.000100        0.012321        0.054500
     237        0.000100        0.012276        0.054182
     238        0.000100        0.012255        0.054122
     239        0.000100        0.012216        0.053829
     240        0.000100        0.012204        0.053830
     241        0.000100        0.012166        0.053583
     242        0.000100        0.012175        0.053763
     243        0.000100        0.012133        0.053511
     244        0.000100        0.012146        0.053707
     245        0.000100        0.012093        0.053377
     246        0.000100        0.012091        0.053401
     247        0.000100        0.012053        0.053118
     248        0.000100        0.012066        0.053201
     249        0.000100        0.012025        0.052934
     250        0.000100        0.012048        0.053151
     251        0.000100        0.011991        0.052880
     252        0.000100        0.011994        0.052991
     253        0.000100        0.011934        0.052727
     254        0.000100        0.011909        0.052568
     255        0.000100        0.011880        0.052405
     256        0.000100        0.011915        0.052535
     257        0.000100        0.011916        0.052425
     258        0.000100        0.012004        0.052917
     259        0.000100        0.011951        0.052527
     260        0.000100        0.011969        0.052838
     261        0.000100        0.011835        0.052104
     262        0.000100        0.011790        0.052031
     263        0.000100        0.011675        0.051358
     264        0.000100        0.011689        0.051443
     265        0.000100        0.011699        0.051424
     266        0.000100        0.011801        0.051905
     267        0.000100        0.011856        0.052150
     268        0.000100        0.011902        0.052328
     269        0.000100        0.011820        0.051919
     270        0.000100        0.011752        0.051600
     271        0.000100        0.011636        0.050986
     272        0.000100        0.011620        0.050924
     273        0.000100        0.011559        0.050552
     274        0.000100        0.011612        0.050900
     275        0.000100        0.011602        0.050771
     276        0.000100        0.011680        0.051185
     277        0.000100        0.011675        0.051080
     278        0.000100        0.011698        0.051071
     279        0.000100        0.011663        0.050862
     280        0.000100        0.011659        0.050790
     281        0.000100        0.011572        0.050369
     282        0.000100        0.011553        0.050314
     283        0.000100        0.011466        0.049914
     284        0.000100        0.011440        0.049758
     285        0.000100        0.011365        0.049361
     286        0.000100        0.011376        0.049330
     287        0.000100        0.011369        0.049124
     288        0.000100        0.011466        0.049608
     289        0.000100        0.011553        0.049953
     290        0.000100        0.011641        0.050238
     291        0.000100        0.011554        0.049807
     292        0.000100        0.011441        0.049340
     293        0.000100        0.011331        0.048901
     294        0.000100        0.011322        0.048855
     295        0.000100        0.011293        0.048649
     296        0.000100        0.011307        0.048617
     297        0.000100        0.011287        0.048382
     298        0.000100        0.011335        0.048614
     299        0.000100        0.011331        0.048523
     300        0.000100        0.011383        0.048821
     301        0.000100        0.011347        0.048601
     302        0.000100        0.011341        0.048602
     303        0.000100        0.011257        0.048197
     304        0.000100        0.011211        0.047922
     305        0.000100        0.011126        0.047520
     306        0.000100        0.011096        0.047214
     307        0.000100        0.011063        0.047069
     308        0.000100        0.011107        0.047108
     309        0.000100        0.011147        0.047344
     310        0.000100        0.011237        0.047670
     311        0.000100        0.011316        0.048156
     312        0.000100        0.011354        0.048094
     313        0.000100        0.011240        0.047632
     314        0.000100        0.011135        0.047179
     315        0.000100        0.011035        0.046775
     316        0.000100        0.011066        0.047057
     317        0.000100        0.011002        0.046509
     318        0.000100        0.011039        0.046727
     319        0.000100        0.011024        0.046571
     320        0.000100        0.011048        0.046598
     321        0.000100        0.011041        0.046615
     322        0.000100        0.011058        0.046526
     323        0.000100        0.011045        0.046569
     324        0.000100        0.011078        0.046640
     325        0.000100        0.011064        0.046712
     326        0.000100        0.011076        0.046736
     327        0.000100        0.011047        0.046790
     328        0.000100        0.010985        0.046307
     329        0.000100        0.010873        0.045785
     330        0.000100        0.010867        0.045738
     331        0.000100        0.010788        0.045228
     332        0.000100        0.010859        0.045455
     333        0.000100        0.010888        0.045549
     334        0.000100        0.010977        0.045880
     335        0.000100        0.011036        0.046239
     336        0.000100        0.011060        0.046246
     337        0.000100        0.010982        0.045885
     338        0.000100        0.010919        0.045607
     339        0.000100        0.010846        0.045302
     340        0.000100        0.010851        0.045390
     341        0.000100        0.010811        0.045145
     342        0.000100        0.010859        0.045430
     343        0.000100        0.010827        0.045153
     344        0.000100        0.010846        0.045087
     345        0.000100        0.010831        0.045043
     346        0.000100        0.010905        0.045484
     347        0.000100        0.010909        0.045559
     348        0.000100        0.010949        0.045527
     349        0.000100        0.010954        0.045754
     350        0.000100        0.010941        0.045507
     351        0.000100        0.010843        0.045198
     352        0.000100        0.010795        0.044922
     353        0.000100        0.010703        0.044467
     354        0.000100        0.010693        0.044308
     355        0.000100        0.010664        0.044088
     356        0.000100        0.010719        0.044236
     357        0.000100        0.010746        0.044235
     358        0.000100        0.010826        0.044685
     359        0.000100        0.010849        0.044747
     360        0.000100        0.010933        0.045246
     361        0.000100        0.010892        0.045024
     362        0.000100        0.010829        0.044693
     363        0.000100        0.010697        0.043930
     364        0.000100        0.010689        0.043893
     365        0.000100        0.010635        0.043697
     366        0.000100        0.010676        0.043725
     367        0.000100        0.010663        0.043680
     368        0.000100        0.010703        0.043783
     369        0.000100        0.010696        0.043921
     370        0.000100        0.010728        0.043874
     371        0.000100        0.010772        0.044488
     372        0.000100        0.010790        0.044299
     373        0.000100        0.010768        0.044323
     374        0.000100        0.010739        0.043990
     375        0.000100        0.010751        0.044421
     376        0.000100        0.010681        0.043610
     377        0.000100        0.010623        0.043722
     378        0.000100        0.010586        0.043158
     379        0.000100        0.010566        0.043279
     380        0.000100        0.010568        0.042837
     381        0.000100        0.010603        0.043227
     382        0.000100        0.010642        0.043015
     383        0.000100        0.010696        0.043575
     384        0.000100        0.010747        0.043577
     385        0.000100        0.010791        0.044132
     386        0.000100        0.010785        0.043805
     387        0.000100        0.010739        0.043839
     388        0.000100        0.010648        0.043117
     389        0.000100        0.010593        0.043092
     390        0.000100        0.010565        0.042662
     391        0.000100        0.010564        0.042803
     392        0.000100        0.010580        0.042481
     393        0.000100        0.010597        0.042811
     394        0.000100        0.010646        0.042715
     395        0.000100        0.010685        0.043343
     396        0.000100        0.010708        0.043034
     397        0.000100        0.010729        0.043608
     398        0.000100        0.010703        0.043044
     399        0.000100        0.010675        0.043374
     400        0.000100        0.010620        0.042671
     401        0.000100        0.010582        0.042840
     402        0.000100        0.010545        0.042241
     403        0.000100        0.010522        0.042364
     404        0.000100        0.010534        0.041999
     405        0.000100        0.010552        0.042273
     406        0.000100        0.010594        0.042181
     407        0.000100        0.010646        0.042669
     408        0.000100        0.010684        0.042686
     409        0.000100        0.010724        0.043176
     410        0.000100        0.010743        0.043081
     411        0.000100        0.010706        0.043145
     412        0.000100        0.010628        0.042459
     413        0.000100        0.010549        0.042406
     414        0.000100        0.010507        0.041797
     415        0.000100        0.010497        0.042013
     416        0.000100        0.010522        0.041685
     417        0.000100        0.010551        0.042189
     418        0.000100        0.010588        0.041919
     419        0.000100        0.010607        0.042351
     420        0.000100        0.010616        0.042072
     421        0.000100        0.010625        0.042489
     422        0.000100        0.010650        0.042382
     423        0.000100        0.010656        0.042708
     424        0.000100        0.010607        0.042147
     425        0.000100        0.010552        0.042200
     426        0.000100        0.010498        0.041546
     427        0.000100        0.010467        0.041658
     428        0.000100        0.010478        0.041366
     429        0.000100        0.010481        0.041543
     430        0.000100        0.010523        0.041310
     431        0.000100        0.010544        0.041737
     432        0.000100        0.010580        0.041508
     433        0.000100        0.010661        0.042398
     434        0.000100        0.010731        0.042445
     435        0.000100        0.010727        0.042760
     436        0.000100        0.010617        0.041846
     437        0.000100        0.010519        0.041691
     438        0.000100        0.010488        0.041270
     439        0.000100        0.010469        0.041390
     440        0.000100        0.010488        0.041143
     441        0.000100        0.010486        0.041358
     442        0.000100        0.010511        0.041116
     443        0.000100        0.010528        0.041518
     444        0.000100        0.010551        0.041269
     445        0.000100        0.010601        0.041931
     446        0.000100        0.010601        0.041598
     447        0.000100        0.010604        0.041812
     448        0.000100        0.010591        0.041421
     449        0.000100        0.010587        0.041788
     450        0.000100        0.010575        0.041337
     451        0.000100        0.010511        0.041303
     452        0.000100        0.010478        0.040854
     453        0.000100        0.010435        0.040843
     454        0.000100        0.010464        0.040644
     455        0.000100        0.010481        0.040901
     456        0.000100        0.010533        0.040724
     457        0.000100        0.010572        0.041168
     458        0.000100        0.010648        0.041226
     459        0.000100        0.010712        0.041947
     460        0.000100        0.010711        0.041610
     461        0.000100        0.010642        0.041602
     462        0.000100        0.010553        0.040845
     463        0.000100        0.010488        0.040844
     464        0.000100        0.010495        0.040525
     465        0.000100        0.010486        0.040764
     466        0.000100        0.010527        0.040589
     467        0.000100        0.010538        0.040923
     468        0.000100        0.010553        0.040570
     469        0.000100        0.010542        0.040827
     470        0.000100        0.010573        0.040666
     471        0.000100        0.010586        0.041046
     472        0.000100        0.010616        0.040912
     473        0.000100        0.010645        0.041417
     474        0.000100        0.010644        0.041023
     475        0.000100        0.010618        0.041316
     476        0.000100        0.010652        0.041243
     477        0.000100        0.010609        0.041183
     478        0.000100        0.010537        0.040558
     479        0.000100        0.010457        0.040439
     480        0.000100        0.010438        0.040045
     481        0.000100        0.010440        0.040244
     482        0.000100        0.010528        0.040252
     483        0.000100        0.010575        0.040583
     484        0.000100        0.010641        0.040570
     485        0.000100        0.010634        0.040820
     486        0.000100        0.010643        0.040570
     487        0.000100        0.010611        0.040738
     488        0.000100        0.010605        0.040377
     489        0.000100        0.010563        0.040488
     490        0.000100        0.010545        0.040018
     491        0.000100        0.010519        0.040189
     492        0.000100        0.010529        0.039890
     493        0.000100        0.010535        0.040169
     494        0.000100        0.010581        0.039990
     495        0.000100        0.010576        0.040115
     496        0.000100        0.010616        0.039995
     497        0.000100        0.010619        0.040256
     498        0.000100        0.010698        0.040354
     499        0.000100        0.010818        0.041375
     500        0.000100        0.010933        0.041603
     501        0.000100        0.010811        0.041225
     502        0.000100        0.010643        0.040136
     503        0.000100        0.010539        0.039983
     504        0.000100        0.010577        0.039894
     505        0.000100        0.010571        0.040039
     506        0.000100        0.010627        0.039962
     507        0.000100        0.010627        0.040158
     508        0.000100        0.010664        0.040030
     509        0.000100        0.010676        0.040412
     510        0.000100        0.010701        0.040161
     511        0.000100        0.010679        0.040428
     512        0.000100        0.010663        0.039911
     513        0.000100        0.010629        0.040090
     514        0.000100        0.010658        0.039968
     515        0.000100        0.010666        0.040227
     516        0.000100        0.010631        0.039721
     517        0.000100        0.010601        0.039896
     518        0.000100        0.010605        0.039482
     519        0.000100        0.010575        0.039583
     520        0.000100        0.010639        0.039681
     521        0.000100        0.010631        0.039592
     522        0.000100        0.010700        0.039705
     523        0.000100        0.010738        0.040050
     524        0.000100        0.010870        0.040480
     525        0.000100        0.010983        0.041391
     526        0.000100        0.010925        0.040742
     527        0.000100        0.010730        0.040016
     528        0.000100        0.010671        0.039592
     529        0.000100        0.010652        0.039739
     530        0.000100        0.010703        0.039728
     531        0.000100        0.010677        0.039706
     532        0.000100        0.010715        0.039595
     533        0.000100        0.010715        0.039849
     534        0.000100        0.010758        0.039725
     535        0.000100        0.010784        0.040327
     536        0.000100        0.010777        0.039719
     537        0.000100        0.010779        0.040273
     538        0.000100        0.010774        0.039706
     539        0.000100        0.010756        0.040084
     540        0.000100        0.010800        0.040053
     541        0.000100        0.010749        0.039907
     542        0.000100        0.010703        0.039442
     543        0.000100        0.010642        0.039352
     544        0.000100        0.010645        0.039145
     545        0.000100        0.010652        0.039340
     546        0.000100        0.010713        0.039303
     547        0.000100        0.010727        0.039404
     548        0.000100        0.010828        0.039632
     549        0.000100        0.010900        0.040167
     550        0.000100        0.011004        0.040498
     551        0.000100        0.010940        0.040383
     552        0.000100        0.010866        0.039837
     553        0.000100        0.010749        0.039462
     554        0.000100        0.010757        0.039351
     555        0.000100        0.010726        0.039305
     556        0.000100        0.010770        0.039359
     557        0.000100        0.010729        0.039079
     558        0.000100        0.010789        0.039311
     559        0.000100        0.010795        0.039307
     560        0.000100        0.010908        0.039911
     561        0.000100        0.010896        0.039798
     562        0.000100        0.010956        0.040034
     563        0.000100        0.010937        0.040087
     564        0.000100        0.010987        0.040321
     565        0.000100        0.010911        0.040023
     566        0.000100        0.010875        0.039628
     567        0.000100        0.010738        0.039082
     568        0.000100        0.010723        0.038945
     569        0.000100        0.010686        0.038903
     570        0.000100        0.010786        0.039071
     571        0.000100        0.010824        0.039227
     572        0.000100        0.010944        0.039529
     573        0.000100        0.010944        0.039649
     574        0.000100        0.011002        0.039839
     575        0.000100        0.010949        0.039773
     576        0.000100        0.010930        0.039414
     577        0.000100        0.010837        0.039072
     578        0.000100        0.010867        0.039249
     579        0.000100        0.010811        0.038847
     580        0.000100        0.010847        0.039028
     581        0.000100        0.010822        0.038894
     582        0.000100        0.010876        0.038962
     583        0.000100        0.010854        0.038913
     584        0.000100        0.010903        0.038910
     585        0.000100        0.010874        0.038893
     586        0.000100        0.010982        0.039351
     587        0.000100        0.011082        0.040118
     588        0.000100        0.011176        0.040107
     589        0.000100        0.011154        0.040397
     590        0.000100        0.011058        0.039542
     591        0.000100        0.010890        0.039106
     592        0.000100        0.010875        0.038760
     593        0.000100        0.010846        0.038854
     594        0.000100        0.010911        0.038807
     595        0.000100        0.010934        0.039096
     596        0.000100        0.010988        0.038919
     597        0.000100        0.011016        0.039372
     598        0.000100        0.011049        0.039199
     599        0.000100        0.011079        0.039838
     600        0.000100        0.011086        0.039375
     601        0.000100        0.011019        0.039338
     602        0.000100        0.011027        0.039048
     603        0.000100        0.011032        0.039527
     604        0.000100        0.011032        0.038975
     605        0.000100        0.010944        0.038877
     606        0.000100        0.010949        0.038656
     607        0.000100        0.010902        0.038592
     608        0.000100        0.010970        0.038663
     609        0.000100        0.010988        0.038746
     610        0.000100        0.011067        0.038790
     611        0.000100        0.011132        0.039405
     612        0.000100        0.011261        0.039699
     613        0.000100        0.011295        0.040266
     614        0.000100        0.011225        0.039537
     615        0.000100        0.011097        0.039299
     616        0.000100        0.011064        0.038769
     617        0.000100        0.011018        0.038834
     618        0.000100        0.011060        0.038637
     619        0.000100        0.011056        0.038826
     620        0.000100        0.011141        0.038992
     621        0.000100        0.011146        0.039301
     622        0.000100        0.011161        0.038859
     623        0.000100        0.011160        0.039321
     624        0.000100        0.011235        0.039326
     625        0.000100        0.011237        0.039758
     626        0.000100        0.011276        0.039564
     627        0.000100        0.011256        0.039801
     628        0.000100        0.011221        0.039254
     629        0.000100        0.011152        0.039294
     630        0.000100        0.011141        0.038872
     631        0.000100        0.011037        0.038594
     632        0.000100        0.011065        0.038504
     633        0.000100        0.011062        0.038574
     634        0.000100        0.011163        0.038582
     635        0.000100        0.011225        0.039109
     636        0.000100        0.011295        0.038868
     637        0.000100        0.011354        0.040135
     638        0.000100        0.011341        0.039369
     639        0.000100        0.011262        0.039285
     640        0.000100        0.011247        0.038817
     641        0.000100        0.011180        0.038683
     642        0.000100        0.011201        0.038523
     643        0.000100        0.011232        0.039205
     644        0.000100        0.011260        0.038820
     645        0.000100        0.011225        0.038742
     646        0.000100        0.011241        0.038361
     647        0.000100        0.011275        0.039199
     648        0.000100        0.011346        0.039017
     649        0.000100        0.011356        0.039379
     650        0.000100        0.011447        0.039609
     651        0.000100        0.011444        0.039625
     652        0.000100        0.011479        0.039801
     653        0.000100        0.011475        0.040171
     654        0.000100        0.011355        0.039077
     655        0.000100        0.011224        0.038680
     656        0.000100        0.011198        0.038277
     657        0.000100        0.011179        0.038378
     658        0.000100        0.011279        0.038451
     659        0.000100        0.011334        0.038935
     660        0.000100        0.011414        0.038788
     661        0.000100        0.011416        0.039218
     662        0.000100        0.011454        0.039008
     663        0.000100        0.011453        0.039652
     664        0.000100        0.011451        0.039048
     665        0.000100        0.011389        0.039091
     666        0.000100        0.011395        0.038677
     667        0.000100        0.011344        0.038670
     668        0.000100        0.011379        0.038577
     669        0.000100        0.011389        0.038987
     670        0.000100        0.011400        0.038490
     671        0.000100        0.011367        0.038588
     672        0.000100        0.011391        0.038264
     673        0.000100        0.011390        0.038449
     674        0.000100        0.011431        0.038492
     675        0.000100        0.011425        0.038626
     676        0.000100        0.011575        0.039218
     677        0.000100        0.011569        0.039104
     678        0.000100        0.011723        0.040210
     679        0.000100        0.011601        0.039269
     680        0.000100        0.011508        0.038773
     681        0.000100        0.011385        0.038385
     682        0.000100        0.011408        0.038307
     683        0.000100        0.011386        0.038273
     684        0.000100        0.011466        0.038395
     685        0.000100        0.011458        0.038334
     686        0.000100        0.011543        0.038627
     687        0.000100        0.011529        0.038632
     688        0.000100        0.011632        0.039273
     689        0.000100        0.011614        0.039256
     690        0.000100        0.011639        0.039091
     691        0.000100        0.011541        0.038578
     692        0.000100        0.011571        0.038644
     693        0.000100        0.011556        0.038953
     694        0.000100        0.011535        0.038480
     695        0.000100        0.011463        0.038217
     696        0.000100        0.011485        0.038106
     697        0.000100        0.011439        0.037920
     698        0.000100        0.011519        0.038197
     699        0.000100        0.011534        0.038172
     700        0.000100        0.011653        0.038509
     701        0.000100        0.011692        0.038752
     702        0.000100        0.011802        0.039123
     703        0.000100        0.011722        0.038842
     704        0.000100        0.011706        0.038816
     705        0.000100        0.011605        0.038431
     706        0.000100        0.011629        0.038330
     707        0.000100        0.011577        0.038070
     708        0.000100        0.011628        0.038111
     709        0.000100        0.011606        0.038088
     710        0.000100        0.011706        0.038606
     711        0.000100        0.011698        0.038579
     712        0.000100        0.011741        0.038525
     713        0.000100        0.011717        0.038552
     714        0.000100        0.011811        0.038956
     715        0.000100        0.011785        0.039048
     716        0.000100        0.011881        0.039526
     717        0.000100        0.011846        0.039344
     718        0.000100        0.011770        0.038732
     719        0.000100        0.011671        0.038423
     720        0.000100        0.011646        0.038134
     721        0.000100        0.011583        0.037951
     722        0.000100        0.011672        0.038171
     723        0.000100        0.011710        0.038276
     724        0.000100        0.011822        0.038576
     725        0.000100        0.011835        0.038810
     726        0.000100        0.011892        0.038981
     727        0.000100        0.011848        0.039010
     728        0.000100        0.011882        0.039029
     729        0.000100        0.011815        0.038728
     730        0.000100        0.011840        0.038549
     731        0.000100        0.011796        0.038535
     732        0.000100        0.011895        0.039105
     733        0.000100        0.011868        0.038983
     734        0.000100        0.011886        0.038706
     735        0.000100        0.011851        0.038679
     736        0.000100        0.011929        0.038946
     737        0.000100        0.011880        0.038814
     738        0.000100        0.012007        0.039742
     739        0.000100        0.012006        0.039645
     740        0.000100        0.012019        0.039556
     741        0.000100        0.012080        0.040515
     742        0.000100        0.012129        0.040280
     743        0.000100        0.012031        0.040103
     744        0.000100        0.012099        0.040427
     745        0.000100        0.011961        0.039459
     746        0.000100        0.011944        0.039127
     747        0.000100        0.011859        0.038609
     748        0.000100        0.011904        0.038566
     749        0.000100        0.011927        0.038860
     750        0.000100        0.012092        0.039777
     751        0.000100        0.012139        0.039934
     752        0.000100        0.012227        0.040206
     753        0.000100        0.012214        0.040222
     754        0.000100        0.012247        0.040274
     755        0.000100        0.012177        0.040044
     756        0.000100        0.012189        0.039834
     757        0.000100        0.012119        0.039531
     758        0.000100        0.012164        0.039367
     759        0.000100        0.012127        0.039349
     760        0.000100        0.012227        0.039708
     761        0.000100        0.012225        0.039806
     762        0.000100        0.012287        0.039667
     763        0.000100        0.012237        0.039268
     764        0.000100        0.012335        0.039782
     765        0.000100        0.012438        0.040625
     766        0.000100        0.012500        0.040445
     767        0.000100        0.012479        0.040430
     768        0.000100        0.012480        0.039906
     769        0.000100        0.012348        0.039258
     770        0.000100        0.012317        0.038780
     771        0.000100        0.012220        0.038109
     772        0.000100        0.012274        0.037948
     773        0.000100        0.012282        0.037927
     774        0.000100        0.012396        0.038117
     775        0.000100        0.012420        0.038212
     776        0.000100        0.012526        0.038575
     777        0.000100        0.012502        0.038516
     778        0.000100        0.012578        0.039071
     779        0.000100        0.012541        0.038879
     780        0.000100        0.012550        0.038799
     781        0.000100        0.012477        0.038318
     782        0.000100        0.012498        0.038297
     783        0.000100        0.012480        0.038301
     784        0.000100        0.012561        0.038591
     785        0.000100        0.012572        0.038662
     786        0.000100        0.012648        0.038630
     787        0.000100        0.012629        0.038635
     788        0.000100        0.012709        0.038764
     789        0.000100        0.012716        0.039250
     790        0.000100        0.012867        0.039809
     791        0.000100        0.012813        0.039526
     792        0.000100        0.012824        0.039394
     793        0.000100        0.012723        0.038932
     794        0.000100        0.012660        0.038454
     795        0.000100        0.012589        0.038150
     796        0.000100        0.012634        0.038066
     797        0.000100        0.012655        0.038076
     798        0.000100        0.012756        0.038368
     799        0.000100        0.012768        0.038387
     800        0.000100        0.012860        0.038815
     801        0.000100        0.012835        0.038832
     802        0.000100        0.012898        0.039062
     803        0.000100        0.012811        0.038563
     804        0.000100        0.012834        0.038514
     805        0.000100        0.012741        0.038059
     806        0.000100        0.012777        0.038091
     807        0.000100        0.012749        0.038192
     808        0.000100        0.012804        0.038183
     809        0.000100        0.012757        0.037989
     810        0.000100        0.012813        0.038081
     811        0.000100        0.012769        0.038023
     812        0.000100        0.012823        0.038120
     813        0.000100        0.012813        0.038345
     814        0.000100        0.012932        0.038959
     815        0.000100        0.012875        0.038565
     816        0.000100        0.013053        0.039863
     817        0.000100        0.012994        0.039370
     818        0.000100        0.012918        0.038689
     819        0.000100        0.012778        0.038354
     820        0.000100        0.012780        0.038152
     821        0.000100        0.012737        0.038055
     822        0.000100        0.012793        0.038048
     823        0.000100        0.012788        0.038315
     824        0.000100        0.012861        0.038443
     825        0.000100        0.012829        0.038295
     826        0.000100        0.012901        0.038627
     827        0.000100        0.012849        0.038441
     828        0.000100        0.012923        0.038810
     829        0.000100        0.012896        0.038826
     830        0.000100        0.012931        0.038759
     831        0.000100        0.012830        0.038216
     832        0.000100        0.012848        0.038172
     833        0.000100        0.012768        0.037936
     834        0.000100        0.012799        0.037798
     835        0.000100        0.012738        0.037607
     836        0.000100        0.012811        0.037627
     837        0.000100        0.012813        0.037637
     838        0.000100        0.012908        0.037872
     839        0.000100        0.012914        0.038034
     840        0.000100        0.013055        0.038630
     841        0.000100        0.013029        0.038642
     842        0.000100        0.013009        0.038227
     843        0.000100        0.012897        0.037779
     844        0.000100        0.012920        0.037720
     845        0.000100        0.012857        0.037555
     846        0.000100        0.012926        0.037678
     847        0.000100        0.012897        0.037594
     848        0.000100        0.012964        0.037732
     849        0.000100        0.012940        0.037665
     850        0.000100        0.012998        0.037811
     851        0.000100        0.012986        0.037941
     852        0.000100        0.013059        0.038129
     853        0.000100        0.013013        0.038083
     854        0.000100        0.013075        0.038240
     855        0.000100        0.013028        0.038133
     856        0.000100        0.013059        0.038158
     857        0.000100        0.012969        0.037812
     858        0.000100        0.012942        0.037482
     859        0.000100        0.012903        0.037549
     860        0.000100        0.012998        0.037571
     861        0.000100        0.012997        0.037497
     862        0.000100        0.013079        0.037592
     863        0.000100        0.013067        0.037639
     864        0.000100        0.013130        0.037748
     865        0.000100        0.013075        0.037645
     866        0.000100        0.013116        0.037654
     867        0.000100        0.013078        0.037560
     868        0.000100        0.013109        0.037605
     869        0.000100        0.013083        0.037524
     870        0.000100        0.013144        0.037590
     871        0.000100        0.013102        0.037492
     872        0.000100        0.013175        0.037566
     873        0.000100        0.013125        0.037562
     874        0.000100        0.013203        0.037628
     875        0.000100        0.013138        0.037436
     876        0.000100        0.013218        0.037876
     877        0.000100        0.013197        0.037788
     878        0.000100        0.013257        0.037739
     879        0.000100        0.013244        0.038058
     880        0.000100        0.013273        0.037760
     881        0.000100        0.013188        0.037697
     882        0.000100        0.013227        0.037608
     883        0.000100        0.013168        0.037537
     884        0.000100        0.013221        0.037446
     885        0.000100        0.013159        0.037409
     886        0.000100        0.013293        0.037622
     887        0.000100        0.013263        0.037483
     888        0.000100        0.013365        0.037460
     889        0.000100        0.013338        0.037622
     890        0.000100        0.013455        0.037826
     891        0.000100        0.013399        0.037959
     892        0.000100        0.013415        0.037660
     893        0.000100        0.013324        0.037582
     894        0.000100        0.013371        0.037463
     895        0.000100        0.013296        0.037427
     896        0.000100        0.013381        0.037456
     897        0.000100        0.013342        0.037522
     898        0.000100        0.013429        0.037482
     899        0.000100        0.013384        0.037574
     900        0.000100        0.013446        0.037524
     901        0.000100        0.013413        0.037714
     902        0.000100        0.013476        0.037813
     903        0.000100        0.013450        0.038060
     904        0.000100        0.013495        0.037976
     905        0.000100        0.013522        0.038961
     906        0.000100        0.013528        0.038362
     907        0.000100        0.013385        0.038303
     908        0.000100        0.013372        0.037824
     909        0.000100        0.013321        0.037747
     910        0.000100        0.013435        0.037965
     911        0.000100        0.013462        0.038841
     912        0.000100        0.013591        0.039350
     913        0.000100        0.013589        0.039707
     914        0.000100        0.013619        0.039339
     915        0.000100        0.013585        0.039507
     916        0.000100        0.013617        0.039211
     917        0.000100        0.013607        0.039658
     918        0.000100        0.013627        0.038872
     919        0.000100        0.013591        0.038955
     920        0.000100        0.013627        0.038386
     921        0.000100        0.013615        0.038755
     922        0.000100        0.013706        0.038840
     923        0.000100        0.013672        0.038526
     924        0.000100        0.013715        0.038201
     925        0.000100        0.013747        0.038735
     926        0.000100        0.013775        0.038304
     927        0.000100        0.013724        0.038564
     928        0.000100        0.013772        0.038565
     929        0.000100        0.013610        0.038003
     930        0.000100        0.013610        0.037696
     931        0.000100        0.013600        0.037922
     932        0.000100        0.013733        0.038409
     933        0.000100        0.013783        0.039048
     934        0.000100        0.013878        0.039083
     935        0.000100        0.013856        0.039135
     936        0.000100        0.013896        0.038896
     937        0.000100        0.013860        0.038944
     938        0.000100        0.013940        0.039167
     939        0.000100        0.013895        0.038970
     940        0.000100        0.013945        0.038754
     941        0.000100        0.013864        0.038212
     942        0.000100        0.013935        0.038363
     943        0.000100        0.013901        0.038242
     944        0.000100        0.013962        0.038197
     945        0.000100        0.013954        0.038428
     946        0.000100        0.014017        0.038045
     947        0.000100        0.013958        0.037660
     948        0.000100        0.014057        0.038132
     949        0.000100        0.014012        0.037826
     950        0.000100        0.014107        0.038160
     951        0.000100        0.014126        0.038499
     952        0.000100        0.014176        0.038438
     953        0.000100        0.014200        0.039071
     954        0.000100        0.014248        0.039001
     955        0.000100        0.014155        0.038823
     956        0.000100        0.014116        0.038090
     957        0.000100        0.013998        0.037699
     958        0.000100        0.014054        0.037385
     959        0.000100        0.014021        0.037342
     960        0.000100        0.014138        0.037353
     961        0.000100        0.014119        0.037491
     962        0.000100        0.014215        0.037527
     963        0.000100        0.014192        0.037896
     964        0.000100        0.014259        0.038010
     965        0.000100        0.014224        0.038587
     966        0.000100        0.014218        0.038015
     967        0.000100        0.014154        0.038256
     968        0.000100        0.014154        0.037625
     969        0.000100        0.014094        0.037807
     970        0.000100        0.014138        0.037479
     971        0.000100        0.014084        0.037641
     972        0.000100        0.014164        0.037436
     973        0.000100        0.014131        0.037541
     974        0.000100        0.014217        0.037464
     975        0.000100        0.014184        0.037690
     976        0.000100        0.014266        0.037880
     977        0.000100        0.014267        0.038505
     978        0.000100        0.014354        0.038680
     979        0.000100        0.014313        0.038826
     980        0.000100        0.014259        0.038027
     981        0.000100        0.014134        0.037764
     982        0.000100        0.014152        0.037440
     983        0.000100        0.014119        0.037627
     984        0.000100        0.014189        0.037421
     985        0.000100        0.014165        0.037759
     986        0.000100        0.014235        0.037510
     987        0.000100        0.014191        0.037887
     988        0.000100        0.014255        0.037717
     989        0.000100        0.014205        0.038187
     990        0.000100        0.014257        0.037943
     991        0.000100        0.014191        0.037874
     992        0.000100        0.014229        0.037617
     993        0.000100        0.014195        0.037953
     994        0.000100        0.014205        0.037419
     995        0.000100        0.014127        0.037561
     996        0.000100        0.014177        0.037343
     997        0.000100        0.014140        0.037304
     998        0.000100        0.014224        0.037245
     999        0.000100        0.014201        0.037374
    1000        0.000100        0.014300        0.037276
    1001        0.000100        0.014265        0.037665
    1002        0.000100        0.014353        0.037609
    1003        0.000100        0.014351        0.038057
    1004        0.000100        0.014391        0.037818
    1005        0.000100        0.014271        0.037694
    1006        0.000100        0.014268        0.037288
    1007        0.000100        0.014195        0.037306
    1008        0.000100        0.014268        0.037193
    1009        0.000100        0.014223        0.037249
    1010        0.000100        0.014302        0.037158
    1011        0.000100        0.014250        0.037274
    1012        0.000100        0.014329        0.037264
    1013        0.000100        0.014287        0.037365
    1014        0.000100        0.014341        0.037258
    1015        0.000100        0.014300        0.037400
    1016        0.000100        0.014359        0.037294
    1017        0.000100        0.014287        0.037415
    1018        0.000100        0.014347        0.037359
    1019        0.000100        0.014271        0.037369
    1020        0.000100        0.014311        0.037127
    1021        0.000100        0.014247        0.037185
    1022        0.000100        0.014315        0.037097
    1023        0.000100        0.014264        0.037117
    1024        0.000100        0.014403        0.037323
    1025        0.000100        0.014381        0.037229
    1026        0.000100        0.014465        0.037156
    1027        0.000100        0.014421        0.037241
    1028        0.000100        0.014495        0.037303
    1029        0.000100        0.014426        0.037395
    1030        0.000100        0.014453        0.037205
    1031        0.000100        0.014378        0.037123
    1032        0.000100        0.014423        0.037065
    1033        0.000100        0.014361        0.037090
    1034        0.000100        0.014455        0.037110
    1035        0.000100        0.014402        0.037128
    1036        0.000100        0.014498        0.037153
    1037        0.000100        0.014440        0.037100
    1038        0.000100        0.014516        0.037084
    1039        0.000100        0.014457        0.037106
    1040        0.000100        0.014530        0.037099
    1041        0.000100        0.014489        0.037227
    1042        0.000100        0.014554        0.037208
    1043        0.000100        0.014509        0.037357
    1044        0.000100        0.014590        0.037634
    1045        0.000100        0.014529        0.037670
    1046        0.000100        0.014516        0.037363
    1047        0.000100        0.014407        0.037155
    1048        0.000100        0.014485        0.037281
    1049        0.000100        0.014459        0.037198
    1050        0.000100        0.014547        0.037152
    1051        0.000100        0.014503        0.037158
    1052        0.000100        0.014584        0.037226
    1053        0.000100        0.014540        0.037354
    1054        0.000100        0.014599        0.037291
    1055        0.000100        0.014537        0.037512
    1056        0.000100        0.014582        0.037377
    1057        0.000100        0.014537        0.037787
    1058        0.000100        0.014585        0.037426
    1059        0.000100        0.014557        0.037848
    1060        0.000100        0.014627        0.037757
    1061        0.000100        0.014602        0.038230
    1062        0.000100        0.014666        0.038366
    1063        0.000100        0.014640        0.038570
    1064        0.000100        0.014684        0.038020
    1065        0.000100        0.014685        0.038908
    1066        0.000100        0.014747        0.038833
    1067        0.000100        0.014794        0.039649
    1068        0.000100        0.014909        0.040096
    1069        0.000100        0.014805        0.039540
    1070        0.000100        0.014754        0.038731
    1071        0.000100        0.014646        0.038333
    1072        0.000100        0.014677        0.038145
    1073        0.000100        0.014652        0.037987
    1074        0.000100        0.014725        0.038081
    1075        0.000100        0.014709        0.037860
    1076        0.000100        0.014794        0.038153
    1077        0.000100        0.014761        0.037929
    1078        0.000100        0.014852        0.038560
    1079        0.000100        0.014833        0.038545
    1080        0.000100        0.014907        0.038826
    1081        0.000100        0.014839        0.038578
    1082        0.000100        0.014868        0.038440
    1083        0.000100        0.014788        0.038210
    1084        0.000100        0.014818        0.038122
    1085        0.000100        0.014736        0.037602
    1086        0.000100        0.014799        0.037445
    1087        0.000100        0.014784        0.037346
    1088        0.000100        0.014890        0.037456
    1089        0.000100        0.014885        0.037650
    1090        0.000100        0.014972        0.037972
    1091        0.000100        0.014958        0.038225
    1092        0.000100        0.015032        0.038422
    1093        0.000100        0.014964        0.038291
    1094        0.000100        0.014990        0.038280
    1095        0.000100        0.014904        0.037920
    1096        0.000100        0.014917        0.037697
    1097        0.000100        0.014853        0.037334
    1098        0.000100        0.014922        0.037326
    1099        0.000100        0.014896        0.037129
    1100        0.000100        0.014989        0.037250
    1101        0.000100        0.014964        0.037234
    1102        0.000100        0.015035        0.037416
    1103        0.000100        0.015000        0.037466
    1104        0.000100        0.015085        0.037776
    1105        0.000100        0.015055        0.037993
    1106        0.000100        0.015138        0.038320
    1107        0.000100        0.015036        0.038115
    1108        0.000100        0.015031        0.037794
    1109        0.000100        0.014930        0.037310
    1110        0.000100        0.014981        0.037161
    1111        0.000100        0.014926        0.037018
    1112        0.000100        0.014998        0.037161
    1113        0.000100        0.014987        0.037240
    1114        0.000100        0.015060        0.037486
    1115        0.000100        0.015030        0.037470
    1116        0.000100        0.015102        0.037789
    1117        0.000100        0.015056        0.037761
    1118        0.000100        0.015100        0.037950
    1119        0.000100        0.015013        0.037699
    1120        0.000100        0.015047        0.037573
    1121        0.000100        0.014961        0.037218
    1122        0.000100        0.015019        0.037226
    1123        0.000100        0.014950        0.037137
    1124        0.000100        0.015043        0.037100
    1125        0.000100        0.015015        0.037022
    1126        0.000100        0.015105        0.037129
    1127        0.000100        0.015077        0.037033
    1128        0.000100        0.015143        0.037304
    1129        0.000100        0.015142        0.037745
    1130        0.000100        0.015252        0.038342
    1131        0.000100        0.015195        0.038289
    1132        0.000100        0.015170        0.037795
    1133        0.000100        0.015042        0.037249
    1134        0.000100        0.015077        0.037226
    1135        0.000100        0.015029        0.037122
    1136        0.000100        0.015107        0.037256
    1137        0.000100        0.015072        0.037122
    1138        0.000100        0.015154        0.037339
    1139        0.000100        0.015106        0.037225
    1140        0.000100        0.015164        0.037515
    1141        0.000100        0.015119        0.037500
    1142        0.000100        0.015181        0.037693
    1143        0.000100        0.015120        0.037529
    1144        0.000100        0.015187        0.037628
    1145        0.000100        0.015142        0.037761
    1146        0.000100        0.015159        0.037488
    1147        0.000100        0.015068        0.037270
    1148        0.000100        0.015125        0.037346
    1149        0.000100        0.015061        0.036866
    1150        0.000100        0.015124        0.036894
    1151        0.000100        0.015108        0.036886
    1152        0.000100        0.015215        0.036958
    1153        0.000100        0.015182        0.037107
    1154        0.000100        0.015283        0.037423
    1155        0.000100        0.015256        0.037522
    1156        0.000100        0.015328        0.037724
    1157        0.000100        0.015229        0.037322
    1158        0.000100        0.015235        0.037281
    1159        0.000100        0.015154        0.036963
    1160        0.000100        0.015204        0.037050
    1161        0.000100        0.015173        0.036886
    1162        0.000100        0.015244        0.036949
    1163        0.000100        0.015205        0.036860
    1164        0.000100        0.015277        0.036931
    1165        0.000100        0.015222        0.036954
    1166        0.000100        0.015299        0.037053
    1167        0.000100        0.015254        0.037020
    1168        0.000100        0.015336        0.037195
    1169        0.000100        0.015304        0.037370
    1170        0.000100        0.015371        0.037482
    1171        0.000100        0.015305        0.037595
    1172        0.000100        0.015329        0.037391
    1173        0.000100        0.015204        0.036816
    1174        0.000100        0.015231        0.036755
    1175        0.000100        0.015215        0.036748
    1176        0.000100        0.015303        0.036789
    1177        0.000100        0.015279        0.036751
    1178        0.000100        0.015364        0.036881
    1179        0.000100        0.015328        0.036855
    1180        0.000100        0.015394        0.036954
    1181        0.000100        0.015339        0.036800
    1182        0.000100        0.015363        0.036879
    1183        0.000100        0.015311        0.036744
    1184        0.000100        0.015370        0.036816
    1185        0.000100        0.015315        0.036779
    1186        0.000100        0.015389        0.036805
    1187        0.000100        0.015340        0.036717
    1188        0.000100        0.015410        0.036738
    1189        0.000100        0.015383        0.036770
    1190        0.000100        0.015498        0.036971
    1191        0.000100        0.015437        0.036818
    1192        0.000100        0.015538        0.036865
    1193        0.000100        0.015491        0.036745
    1194        0.000100        0.015536        0.036885
    1195        0.000100        0.015534        0.037102
    1196        0.000100        0.015596        0.037400
    1197        0.000100        0.015475        0.037120
    1198        0.000100        0.015457        0.036858
    1199        0.000100        0.015369        0.036797
    1200        0.000100        0.015445        0.036923
    1201        0.000100        0.015409        0.037223
    1202        0.000100        0.015486        0.037547
    1203        0.000100        0.015485        0.038267
    1204        0.000100        0.015564        0.038655
    1205        0.000100        0.015553        0.039031
    1206        0.000100        0.015628        0.039248
    1207        0.000100        0.015532        0.038567
    1208        0.000100        0.015612        0.038840
    1209        0.000100        0.015550        0.038522
    1210        0.000100        0.015619        0.038563
    1211        0.000100        0.015565        0.038339
    1212        0.000100        0.015580        0.037817
    1213        0.000100        0.015488        0.037295
    1214        0.000100        0.015512        0.037135
    1215        0.000100        0.015447        0.037330
    1216        0.000100        0.015538        0.038008
    1217        0.000100        0.015565        0.038840
    1218        0.000100        0.015678        0.039281
    1219        0.000100        0.015680        0.039542
    1220        0.000100        0.015778        0.039896
    1221        0.000100        0.015764        0.040028
    1222        0.000100        0.015867        0.040539
    1223        0.000100        0.015799        0.040224
    1224        0.000100        0.015826        0.039988
    1225        0.000100        0.015685        0.038947
    1226        0.000100        0.015713        0.038715
    1227        0.000100        0.015641        0.038387
    1228        0.000100        0.015708        0.038423
    1229        0.000100        0.015654        0.037986
    1230        0.000100        0.015722        0.037802
    1231        0.000100        0.015707        0.037716
    1232        0.000100        0.015805        0.037822
    1233        0.000100        0.015792        0.037988
    1234        0.000100        0.015891        0.038287
    1235        0.000100        0.015890        0.038706
    1236        0.000100        0.016015        0.039032
    1237        0.000100        0.015972        0.039019
    1238        0.000100        0.015963        0.038559
    1239        0.000100        0.015804        0.037919
    1240        0.000100        0.015808        0.037487
    1241        0.000100        0.015766        0.037287
    1242        0.000100        0.015867        0.037343
    1243        0.000100        0.015854        0.037370
    1244        0.000100        0.015946        0.037565
    1245        0.000100        0.015909        0.037493
    1246        0.000100        0.015983        0.037717
    1247        0.000100        0.015921        0.037468
    1248        0.000100        0.015984        0.037688
    1249        0.000100        0.015924        0.037403
    1250        0.000100        0.015967        0.037288
    1251        0.000100        0.015907        0.037211
    1252        0.000100        0.015981        0.037316
    1253        0.000100        0.015888        0.037044
    1254        0.000100        0.015955        0.036896
    1255        0.000100        0.015897        0.036963
    1256        0.000100        0.015992        0.036744
    1257        0.000100        0.015968        0.036795
    1258        0.000100        0.016059        0.037028
    1259        0.000100        0.016032        0.037309
    1260        0.000100        0.016154        0.037994
    1261        0.000100        0.016107        0.038099
    1262        0.000100        0.016092        0.037765
    1263        0.000100        0.015965        0.037233
    1264        0.000100        0.015975        0.037098
    1265        0.000100        0.015912        0.036927
    1266        0.000100        0.015980        0.037020
    1267        0.000100        0.015933        0.036898
    1268        0.000100        0.016003        0.037070
    1269        0.000100        0.015954        0.036953
    1270        0.000100        0.016010        0.037156
    1271        0.000100        0.015969        0.037194
    1272        0.000100        0.016026        0.037364
    1273        0.000100        0.015974        0.037425
    1274        0.000100        0.016050        0.037747
    1275        0.000100        0.015996        0.037664
    1276        0.000100        0.016053        0.037868
    1277        0.000100        0.015998        0.037887
    1278        0.000100        0.015988        0.037545
    1279        0.000100        0.015885        0.037050
    1280        0.000100        0.015911        0.036950
    1281        0.000100        0.015859        0.036528
    1282        0.000100        0.015957        0.036669
    1283        0.000100        0.015960        0.036854
    1284        0.000100        0.016052        0.037121
    1285        0.000100        0.016032        0.037375
    1286        0.000100        0.016093        0.037400
    1287        0.000100        0.016010        0.037221
    1288        0.000100        0.016058        0.037265
    1289        0.000100        0.015978        0.036978
    1290        0.000100        0.016022        0.037162
    1291        0.000100        0.015975        0.036860
    1292        0.000100        0.016053        0.037021
    1293        0.000100        0.015999        0.036858
