       0        0.000100     6188.154915       78.170105
       1        0.000100     6043.175475       77.254234
       2        0.000100     5844.741715       75.971176
       3        0.000100     5591.506462       74.297966
       4        0.000100     5284.173844       72.214760
       5        0.000100     4924.945196       69.700485
       6        0.000100     4519.335818       66.747314
       7        0.000100     4075.969301       63.361507
       8        0.000100     3606.148736       59.563419
       9        0.000100     3123.234249       55.388107
      10        0.000100     2641.842299       50.885406
      11        0.000100     2176.888471       46.120239
      12        0.000100     1742.516870       41.172478
      13        0.000100     1350.973400       36.135929
      14        0.000100     1011.551506       31.116575
      15        0.000100      729.724931       26.228939
      16        0.000100      506.649942       21.590492
      17        0.000100      339.193095       17.313482
      18        0.000100      220.588862       13.509238
      19        0.000100      141.679023       10.335812
      20        0.000100       92.471680        7.950847
      21        0.000100       63.650446        6.437612
      22        0.000100       47.625298        5.529055
      23        0.000100       38.934734        4.997962
      24        0.000100       34.086888        4.687412
      25        0.000100       31.083588        4.481091
      26        0.000100       28.896754        4.322293
      27        0.000100       27.049047        4.184117
      28        0.000100       25.341092        4.052164
      29        0.000100       23.699426        3.920348
      30        0.000100       22.102037        3.787450
      31        0.000100       20.545845        3.653023
      32        0.000100       19.034028        3.517179
      33        0.000100       17.571481        3.380460
      34        0.000100       16.163269        3.243189
      35        0.000100       14.814062        3.105571
      36        0.000100       13.528111        2.968028
      37        0.000100       12.309005        2.831032
      38        0.000100       11.159687        2.695044
      39        0.000100       10.082363        2.560764
      40        0.000100        9.078462        2.428779
      41        0.000100        8.148617        2.299494
      42        0.000100        7.292638        2.173103
      43        0.000100        6.509606        2.050293
      44        0.000100        5.797769        1.931791
      45        0.000100        5.154694        1.818074
      46        0.000100        4.577306        1.709902
      47        0.000100        4.061985        1.607983
      48        0.000100        3.604655        1.512477
      49        0.000100        3.200908        1.423841
      50        0.000100        2.846134        1.341568
      51        0.000100        2.535616        1.264826
      52        0.000100        2.264711        1.193417
      53        0.000100        2.028866        1.127290
      54        0.000100        1.823793        1.066266
      55        0.000100        1.645491        1.009962
      56        0.000100        1.490315        0.958139
      57        0.000100        1.355010        0.910582
      58        0.000100        1.236706        0.866847
      59        0.000100        1.132916        0.826345
      60        0.000100        1.041514        0.788716
      61        0.000100        0.960702        0.753943
      62        0.000100        0.888967        0.721755
      63        0.000100        0.825040        0.691698
      64        0.000100        0.767861        0.663806
      65        0.000100        0.716542        0.638077
      66        0.000100        0.670335        0.614277
      67        0.000100        0.628604        0.592265
      68        0.000100        0.590804        0.571714
      69        0.000100        0.556467        0.552512
      70        0.000100        0.525181        0.534532
      71        0.000100        0.496588        0.517799
      72        0.000100        0.470372        0.502281
      73        0.000100        0.446251        0.487817
      74        0.000100        0.423977        0.474260
      75        0.000100        0.403330        0.461477
      76        0.000100        0.384114        0.449459
      77        0.000100        0.366161        0.438062
      78        0.000100        0.349324        0.427251
      79        0.000100        0.333475        0.417024
      80        0.000100        0.318509        0.407285
      81        0.000100        0.304337        0.397947
      82        0.000100        0.290883        0.388921
      83        0.000100        0.278086        0.380210
      84        0.000100        0.265900        0.371747
      85        0.000100        0.254278        0.363510
      86        0.000100        0.243191        0.355551
      87        0.000100        0.232610        0.347856
      88        0.000100        0.222512        0.340388
      89        0.000100        0.212874        0.333117
      90        0.000100        0.203680        0.326043
      91        0.000100        0.194911        0.319091
      92        0.000100        0.186550        0.312257
      93        0.000100        0.178581        0.305556
      94        0.000100        0.170985        0.299016
      95        0.000100        0.163746        0.292631
      96        0.000100        0.156844        0.286375
      97        0.000100        0.150259        0.280224
      98        0.000100        0.143969        0.274180
      99        0.000100        0.137961        0.268209
     100        0.000100        0.132215        0.262301
     101        0.000100        0.126722        0.256491
     102        0.000100        0.121473        0.250793
     103        0.000100        0.116459        0.245205
     104        0.000100        0.111677        0.239751
     105        0.000100        0.107124        0.234440
     106        0.000100        0.102794        0.229273
     107        0.000100        0.098680        0.224253
     108        0.000100        0.094773        0.219397
     109        0.000100        0.091066        0.214739
     110        0.000100        0.087548        0.210254
     111        0.000100        0.084214        0.205941
     112        0.000100        0.081056        0.201807
     113        0.000100        0.078072        0.197855
     114        0.000100        0.075255        0.194097
     115        0.000100        0.072603        0.190517
     116        0.000100        0.070113        0.187119
     117        0.000100        0.067779        0.183915
     118        0.000100        0.065594        0.180921
     119        0.000100        0.063550        0.178121
     120        0.000100        0.061636        0.175493
     121        0.000100        0.059839        0.173047
     122        0.000100        0.058146        0.170716
     123        0.000100        0.056545        0.168474
     124        0.000100        0.055027        0.166296
     125        0.000100        0.053576        0.164173
     126        0.000100        0.052185        0.162090
     127        0.000100        0.050842        0.160005
     128        0.000100        0.049548        0.157936
     129        0.000100        0.048293        0.155864
     130        0.000100        0.047075        0.153777
     131        0.000100        0.045894        0.151678
     132        0.000100        0.044746        0.149588
     133        0.000100        0.043634        0.147512
     134        0.000100        0.042555        0.145444
     135        0.000100        0.041508        0.143379
     136        0.000100        0.040497        0.141335
     137        0.000100        0.039515        0.139302
     138        0.000100        0.038567        0.137293
     139        0.000100        0.037649        0.135307
     140        0.000100        0.036759        0.133337
     141        0.000100        0.035895        0.131386
     142        0.000100        0.035058        0.129467
     143        0.000100        0.034248        0.127576
     144        0.000100        0.033465        0.125710
     145        0.000100        0.032703        0.123849
     146        0.000100        0.031965        0.122010
     147        0.000100        0.031249        0.120191
     148        0.000100        0.030553        0.118392
     149        0.000100        0.029879        0.116623
     150        0.000100        0.029223        0.114878
     151        0.000100        0.028587        0.113158
     152        0.000100        0.027966        0.111444
     153        0.000100        0.027366        0.109761
     154        0.000100        0.026782        0.108090
     155        0.000100        0.026212        0.106436
     156        0.000100        0.025662        0.104819
     157        0.000100        0.025127        0.103233
     158        0.000100        0.024610        0.101690
     159        0.000100        0.024112        0.100182
     160        0.000100        0.023632        0.098713
     161        0.000100        0.023169        0.097281
     162        0.000100        0.022724        0.095885
     163        0.000100        0.022299        0.094545
     164        0.000100        0.021893        0.093248
     165        0.000100        0.021504        0.092008
     166        0.000100        0.021138        0.090807
     167        0.000100        0.020782        0.089674
     168        0.000100        0.020449        0.088563
     169        0.000100        0.020129        0.087514
     170        0.000100        0.019826        0.086507
     171        0.000100        0.019536        0.085543
     172        0.000100        0.019259        0.084618
     173        0.000100        0.018995        0.083739
     174        0.000100        0.018744        0.082900
     175        0.000100        0.018503        0.082096
     176        0.000100        0.018272        0.081328
     177        0.000100        0.018050        0.080592
     178        0.000100        0.017839        0.079877
     179        0.000100        0.017633        0.079195
     180        0.000100        0.017439        0.078525
     181        0.000100        0.017247        0.077895
     182        0.000100        0.017068        0.077272
     183        0.000100        0.016889        0.076680
     184        0.000100        0.016723        0.076098
     185        0.000100        0.016557        0.075546
     186        0.000100        0.016401        0.075001
     187        0.000100        0.016247        0.074483
     188        0.000100        0.016102        0.073973
     189        0.000100        0.015958        0.073490
     190        0.000100        0.015823        0.073013
     191        0.000100        0.015688        0.072561
     192        0.000100        0.015562        0.072113
     193        0.000100        0.015435        0.071692
     194        0.000100        0.015319        0.071272
     195        0.000100        0.015200        0.070882
     196        0.000100        0.015092        0.070491
     197        0.000100        0.014981        0.070137
     198        0.000100        0.014880        0.069775
     199        0.000100        0.014776        0.069447
     200        0.000100        0.014682        0.069113
     201        0.000100        0.014586        0.068811
     202        0.000100        0.014498        0.068509
     203        0.000100        0.014408        0.068232
     204        0.000100        0.014327        0.067946
     205        0.000100        0.014242        0.067690
     206        0.000100        0.014167        0.067421
     207        0.000100        0.014087        0.067181
     208        0.000100        0.014016        0.066925
     209        0.000100        0.013941        0.066695
     210        0.000100        0.013874        0.066453
     211        0.000100        0.013802        0.066228
     212        0.000100        0.013739        0.066001
     213        0.000100        0.013669        0.065779
     214        0.000100        0.013608        0.065556
     215        0.000100        0.013540        0.065327
     216        0.000100        0.013481        0.065104
     217        0.000100        0.013413        0.064868
     218        0.000100        0.013355        0.064639
     219        0.000100        0.013286        0.064394
     220        0.000100        0.013228        0.064149
     221        0.000100        0.013159        0.063894
     222        0.000100        0.013100        0.063638
     223        0.000100        0.013031        0.063368
     224        0.000100        0.012972        0.063102
     225        0.000100        0.012903        0.062820
     226        0.000100        0.012845        0.062548
     227        0.000100        0.012775        0.062262
     228        0.000100        0.012718        0.061991
     229        0.000100        0.012650        0.061709
     230        0.000100        0.012596        0.061444
     231        0.000100        0.012529        0.061167
     232        0.000100        0.012477        0.060911
     233        0.000100        0.012413        0.060648
     234        0.000100        0.012364        0.060404
     235        0.000100        0.012304        0.060156
     236        0.000100        0.012258        0.059930
     237        0.000100        0.012201        0.059701
     238        0.000100        0.012159        0.059496
     239        0.000100        0.012104        0.059283
     240        0.000100        0.012066        0.059095
     241        0.000100        0.012014        0.058900
     242        0.000100        0.011979        0.058728
     243        0.000100        0.011929        0.058547
     244        0.000100        0.011897        0.058391
     245        0.000100        0.011850        0.058222
     246        0.000100        0.011820        0.058078
     247        0.000100        0.011774        0.057918
     248        0.000100        0.011746        0.057784
     249        0.000100        0.011702        0.057633
     250        0.000100        0.011676        0.057504
     251        0.000100        0.011633        0.057360
     252        0.000100        0.011609        0.057239
     253        0.000100        0.011568        0.057099
     254        0.000100        0.011545        0.056983
     255        0.000100        0.011505        0.056848
     256        0.000100        0.011483        0.056738
     257        0.000100        0.011443        0.056605
     258        0.000100        0.011423        0.056499
     259        0.000100        0.011384        0.056369
     260        0.000100        0.011365        0.056266
     261        0.000100        0.011327        0.056139
     262        0.000100        0.011309        0.056037
     263        0.000100        0.011271        0.055914
     264        0.000100        0.011254        0.055815
     265        0.000100        0.011216        0.055692
     266        0.000100        0.011201        0.055597
     267        0.000100        0.011164        0.055479
     268        0.000100        0.011149        0.055383
     269        0.000100        0.011113        0.055266
     270        0.000100        0.011100        0.055172
     271        0.000100        0.011064        0.055054
     272        0.000100        0.011051        0.054962
     273        0.000100        0.011017        0.054850
     274        0.000100        0.011005        0.054760
     275        0.000100        0.010971        0.054646
     276        0.000100        0.010960        0.054560
     277        0.000100        0.010927        0.054449
     278        0.000100        0.010917        0.054361
     279        0.000100        0.010884        0.054255
     280        0.000100        0.010875        0.054170
     281        0.000100        0.010842        0.054062
     282        0.000100        0.010834        0.053980
     283        0.000100        0.010803        0.053876
     284        0.000100        0.010795        0.053794
     285        0.000100        0.010764        0.053691
     286        0.000100        0.010758        0.053612
     287        0.000100        0.010727        0.053513
     288        0.000100        0.010721        0.053432
     289        0.000100        0.010692        0.053334
     290        0.000100        0.010686        0.053253
     291        0.000100        0.010657        0.053154
     292        0.000100        0.010653        0.053085
     293        0.000100        0.010624        0.052982
     294        0.000100        0.010619        0.052919
     295        0.000100        0.010593        0.052801
     296        0.000100        0.010589        0.052774
     297        0.000100        0.010565        0.052617
     298        0.000100        0.010560        0.052622
     299        0.000100        0.010533        0.052464
     300        0.000100        0.010530        0.052441
     301        0.000100        0.010504        0.052321
     302        0.000100        0.010501        0.052269
     303        0.000100        0.010476        0.052172
     304        0.000100        0.010475        0.052109
     305        0.000100        0.010449        0.052022
     306        0.000100        0.010449        0.051959
     307        0.000100        0.010424        0.051867
     308        0.000100        0.010424        0.051814
     309        0.000100        0.010401        0.051710
     310        0.000100        0.010400        0.051673
     311        0.000100        0.010379        0.051556
     312        0.000100        0.010378        0.051539
     313        0.000100        0.010356        0.051411
     314        0.000100        0.010356        0.051389
     315        0.000100        0.010333        0.051273
     316        0.000100        0.010336        0.051243
     317        0.000100        0.010312        0.051141
     318        0.000100        0.010315        0.051099
     319        0.000100        0.010291        0.051003
     320        0.000100        0.010296        0.050960
     321        0.000100        0.010273        0.050864
     322        0.000100        0.010277        0.050828
     323        0.000100        0.010255        0.050729
     324        0.000100        0.010259        0.050700
     325        0.000100        0.010238        0.050597
     326        0.000100        0.010242        0.050577
     327        0.000100        0.010221        0.050471
     328        0.000100        0.010227        0.050453
     329        0.000100        0.010205        0.050348
     330        0.000100        0.010211        0.050327
     331        0.000100        0.010189        0.050230
     332        0.000100        0.010197        0.050210
     333        0.000100        0.010175        0.050117
     334        0.000100        0.010183        0.050094
     335        0.000100        0.010161        0.050000
     336        0.000100        0.010169        0.049978
     337        0.000100        0.010148        0.049885
     338        0.000100        0.010156        0.049869
     339        0.000100        0.010136        0.049774
     340        0.000100        0.010145        0.049758
     341        0.000100        0.010124        0.049659
     342        0.000100        0.010134        0.049648
     343        0.000100        0.010113        0.049555
     344        0.000100        0.010124        0.049541
     345        0.000100        0.010101        0.049443
     346        0.000100        0.010113        0.049432
     347        0.000100        0.010092        0.049341
     348        0.000100        0.010104        0.049328
     349        0.000100        0.010083        0.049237
     350        0.000100        0.010095        0.049222
     351        0.000100        0.010074        0.049131
     352        0.000100        0.010087        0.049121
     353        0.000100        0.010065        0.049023
     354        0.000100        0.010079        0.049017
     355        0.000100        0.010057        0.048921
     356        0.000100        0.010072        0.048919
     357        0.000100        0.010050        0.048822
     358        0.000100        0.010066        0.048815
     359        0.000100        0.010044        0.048725
     360        0.000100        0.010059        0.048716
     361        0.000100        0.010037        0.048625
     362        0.000100        0.010054        0.048622
     363        0.000100        0.010035        0.048534
     364        0.000100        0.010054        0.048520
     365        0.000100        0.010029        0.048432
     366        0.000100        0.010033        0.048429
     367        0.000100        0.010016        0.048371
     368        0.000100        0.010044        0.048348
     369        0.000100        0.010023        0.048256
     370        0.000100        0.010037        0.048247
     371        0.000100        0.010016        0.048184
     372        0.000100        0.010036        0.048177
     373        0.000100        0.010020        0.048110
     374        0.000100        0.010041        0.048104
     375        0.000100        0.010022        0.048037
     376        0.000100        0.010042        0.048028
     377        0.000100        0.010022        0.047968
     378        0.000100        0.010043        0.047959
     379        0.000100        0.010025        0.047891
     380        0.000100        0.010047        0.047876
     381        0.000100        0.010029        0.047818
     382        0.000100        0.010048        0.047815
     383        0.000100        0.010026        0.047762
     384        0.000100        0.010056        0.047758
     385        0.000100        0.010045        0.047686
     386        0.000100        0.010065        0.047672
     387        0.000100        0.010037        0.047631
     388        0.000100        0.010059        0.047643
     389        0.000100        0.010048        0.047590
     390        0.000100        0.010073        0.047555
     391        0.000100        0.010054        0.047503
     392        0.000100        0.010074        0.047504
     393        0.000100        0.010055        0.047456
     394        0.000100        0.010078        0.047430
     395        0.000100        0.010064        0.047379
     396        0.000100        0.010086        0.047354
     397        0.000100        0.010067        0.047315
     398        0.000100        0.010083        0.047280
     399        0.000100        0.010066        0.047249
     400        0.000100        0.010093        0.047206
     401        0.000100        0.010080        0.047151
     402        0.000100        0.010095        0.047095
     403        0.000100        0.010069        0.047066
     404        0.000100        0.010090        0.047044
     405        0.000100        0.010079        0.046990
     406        0.000100        0.010103        0.046926
     407        0.000100        0.010080        0.046865
     408        0.000100        0.010096        0.046840
     409        0.000100        0.010075        0.046805
     410        0.000100        0.010099        0.046762
     411        0.000100        0.010083        0.046678
     412        0.000100        0.010103        0.046622
     413        0.000100        0.010076        0.046578
     414        0.000100        0.010093        0.046588
     415        0.000100        0.010078        0.046518
     416        0.000100        0.010105        0.046446
     417        0.000100        0.010088        0.046380
     418        0.000100        0.010105        0.046406
     419        0.000100        0.010088        0.046375
     420        0.000100        0.010119        0.046343
     421        0.000100        0.010109        0.046272
     422        0.000100        0.010136        0.046294
     423        0.000100        0.010119        0.046276
     424        0.000100        0.010145        0.046275
     425        0.000100        0.010135        0.046189
     426        0.000100        0.010164        0.046181
     427        0.000100        0.010144        0.046116
     428        0.000100        0.010165        0.046151
     429        0.000100        0.010139        0.046023
     430        0.000100        0.010170        0.046016
     431        0.000100        0.010153        0.045902
     432        0.000100        0.010171        0.045927
     433        0.000100        0.010148        0.045847
     434        0.000100        0.010172        0.045856
     435        0.000100        0.010168        0.045785
     436        0.000100        0.010199        0.045825
     437        0.000100        0.010191        0.045788
     438        0.000100        0.010218        0.045835
     439        0.000100        0.010213        0.045791
     440        0.000100        0.010249        0.045848
     441        0.000100        0.010245        0.045806
     442        0.000100        0.010276        0.045850
     443        0.000100        0.010262        0.045784
     444        0.000100        0.010286        0.045816
     445        0.000100        0.010271        0.045738
     446        0.000100        0.010299        0.045775
     447        0.000100        0.010287        0.045716
     448        0.000100        0.010311        0.045770
     449        0.000100        0.010293        0.045718
     450        0.000100        0.010321        0.045782
     451        0.000100        0.010319        0.045714
     452        0.000100        0.010351        0.045762
     453        0.000100        0.010326        0.045700
     454        0.000100        0.010345        0.045745
     455        0.000100        0.010329        0.045663
     456        0.000100        0.010358        0.045685
     457        0.000100        0.010342        0.045581
     458        0.000100        0.010369        0.045601
     459        0.000100        0.010348        0.045490
     460        0.000100        0.010374        0.045512
     461        0.000100        0.010356        0.045390
     462        0.000100        0.010389        0.045417
     463        0.000100        0.010374        0.045289
     464        0.000100        0.010402        0.045312
     465        0.000100        0.010375        0.045198
     466        0.000100        0.010399        0.045241
     467        0.000100        0.010390        0.045112
     468        0.000100        0.010426        0.045127
     469        0.000100        0.010404        0.045010
     470        0.000100        0.010427        0.045044
     471        0.000100        0.010405        0.044954
     472        0.000100        0.010436        0.044967
     473        0.000100        0.010422        0.044858
     474        0.000100        0.010450        0.044862
     475        0.000100        0.010426        0.044773
     476        0.000100        0.010446        0.044798
     477        0.000100        0.010427        0.044719
     478        0.000100        0.010458        0.044706
     479        0.000100        0.010445        0.044600
     480        0.000100        0.010464        0.044588
     481        0.000100        0.010437        0.044547
     482        0.000100        0.010460        0.044556
     483        0.000100        0.010450        0.044457
     484        0.000100        0.010485        0.044448
     485        0.000100        0.010472        0.044417
     486        0.000100        0.010500        0.044487
     487        0.000100        0.010490        0.044432
     488        0.000100        0.010532        0.044465
     489        0.000100        0.010528        0.044420
     490        0.000100        0.010560        0.044489
     491        0.000100        0.010548        0.044458
     492        0.000100        0.010579        0.044468
     493        0.000100        0.010571        0.044377
     494        0.000100        0.010599        0.044374
     495        0.000100        0.010577        0.044295
     496        0.000100        0.010593        0.044298
     497        0.000100        0.010571        0.044207
     498        0.000100        0.010598        0.044186
     499        0.000100        0.010584        0.044098
     500        0.000100        0.010606        0.044101
     501        0.000100        0.010582        0.044046
     502        0.000100        0.010606        0.044059
     503        0.000100        0.010602        0.044001
     504        0.000100        0.010640        0.044043
     505        0.000100        0.010634        0.044026
     506        0.000100        0.010664        0.044090
     507        0.000100        0.010662        0.044073
     508        0.000100        0.010708        0.044136
     509        0.000100        0.010713        0.044137
     510        0.000100        0.010748        0.044221
     511        0.000100        0.010738        0.044166
     512        0.000100        0.010758        0.044175
     513        0.000100        0.010737        0.044088
     514        0.000100        0.010757        0.044100
     515        0.000100        0.010740        0.044037
     516        0.000100        0.010769        0.044060
     517        0.000100        0.010760        0.044003
     518        0.000100        0.010795        0.044036
     519        0.000100        0.010779        0.043969
     520        0.000100        0.010802        0.044016
     521        0.000100        0.010782        0.043939
     522        0.000100        0.010820        0.043983
     523        0.000100        0.010813        0.043877
     524        0.000100        0.010841        0.043916
     525        0.000100        0.010819        0.043827
     526        0.000100        0.010843        0.043867
     527        0.000100        0.010831        0.043766
     528        0.000100        0.010866        0.043787
     529        0.000100        0.010852        0.043683
     530        0.000100        0.010879        0.043714
     531        0.000100        0.010858        0.043622
     532        0.000100        0.010888        0.043653
     533        0.000100        0.010877        0.043550
     534        0.000100        0.010915        0.043568
     535        0.000100        0.010895        0.043468
     536        0.000100        0.010916        0.043505
     537        0.000100        0.010896        0.043435
     538        0.000100        0.010932        0.043448
     539        0.000100        0.010923        0.043352
     540        0.000100        0.010951        0.043341
     541        0.000100        0.010927        0.043290
     542        0.000100        0.010948        0.043306
     543        0.000100        0.010932        0.043263
     544        0.000100        0.010965        0.043223
     545        0.000100        0.010956        0.043134
     546        0.000100        0.010982        0.043122
     547        0.000100        0.010952        0.043090
     548        0.000100        0.010975        0.043110
     549        0.000100        0.010964        0.043021
     550        0.000100        0.011002        0.043007
     551        0.000100        0.010995        0.042984
     552        0.000100        0.011027        0.043067
     553        0.000100        0.011019        0.043028
     554        0.000100        0.011059        0.043060
     555        0.000100        0.011057        0.043009
     556        0.000100        0.011093        0.043068
     557        0.000100        0.011080        0.043039
     558        0.000100        0.011109        0.043061
     559        0.000100        0.011099        0.042975
     560        0.000100        0.011132        0.042962
     561        0.000100        0.011116        0.042891
     562        0.000100        0.011131        0.042899
     563        0.000100        0.011105        0.042831
     564        0.000100        0.011131        0.042789
     565        0.000100        0.011118        0.042696
     566        0.000100        0.011140        0.042678
     567        0.000100        0.011115        0.042611
     568        0.000100        0.011140        0.042619
     569        0.000100        0.011144        0.042585
     570        0.000100        0.011187        0.042672
     571        0.000100        0.011191        0.042670
     572        0.000100        0.011229        0.042737
     573        0.000100        0.011227        0.042721
     574        0.000100        0.011262        0.042775
     575        0.000100        0.011257        0.042742
     576        0.000100        0.011290        0.042778
     577        0.000100        0.011280        0.042716
     578        0.000100        0.011308        0.042744
     579        0.000100        0.011293        0.042672
     580        0.000100        0.011318        0.042694
     581        0.000100        0.011305        0.042624
     582        0.000100        0.011336        0.042648
     583        0.000100        0.011328        0.042582
     584        0.000100        0.011361        0.042607
     585        0.000100        0.011342        0.042557
     586        0.000100        0.011361        0.042600
     587        0.000100        0.011362        0.042553
     588        0.000100        0.011403        0.042575
     589        0.000100        0.011395        0.042523
     590        0.000100        0.011421        0.042567
     591        0.000100        0.011410        0.042532
     592        0.000100        0.011440        0.042566
     593        0.000100        0.011433        0.042500
     594        0.000100        0.011464        0.042536
     595        0.000100        0.011449        0.042470
     596        0.000100        0.011471        0.042490
     597        0.000100        0.011454        0.042420
     598        0.000100        0.011485        0.042442
     599        0.000100        0.011479        0.042369
     600        0.000100        0.011512        0.042391
     601        0.000100        0.011492        0.042329
     602        0.000100        0.011515        0.042370
     603        0.000100        0.011507        0.042300
     604        0.000100        0.011547        0.042319
     605        0.000100        0.011538        0.042244
     606        0.000100        0.011563        0.042270
     607        0.000100        0.011545        0.042215
     608        0.000100        0.011575        0.042237
     609        0.000100        0.011566        0.042158
     610        0.000100        0.011601        0.042158
     611        0.000100        0.011585        0.042093
     612        0.000100        0.011607        0.042118
     613        0.000100        0.011588        0.042082
     614        0.000100        0.011621        0.042063
     615        0.000100        0.011616        0.041984
     616        0.000100        0.011648        0.041964
     617        0.000100        0.011621        0.041946
     618        0.000100        0.011640        0.041966
     619        0.000100        0.011629        0.041907
     620        0.000100        0.011663        0.041852
     621        0.000100        0.011654        0.041803
     622        0.000100        0.011677        0.041845
     623        0.000100        0.011665        0.041822
     624        0.000100        0.011700        0.041828
     625        0.000100        0.011698        0.041776
     626        0.000100        0.011735        0.041818
     627        0.000100        0.011723        0.041787
     628        0.000100        0.011754        0.041805
     629        0.000100        0.011740        0.041743
     630        0.000100        0.011774        0.041748
     631        0.000100        0.011765        0.041700
     632        0.000100        0.011789        0.041709
     633        0.000100        0.011768        0.041652
     634        0.000100        0.011789        0.041640
     635        0.000100        0.011786        0.041580
     636        0.000100        0.011821        0.041587
     637        0.000100        0.011813        0.041541
     638        0.000100        0.011838        0.041573
     639        0.000100        0.011831        0.041545
     640        0.000100        0.011875        0.041585
     641        0.000100        0.011876        0.041561
     642        0.000100        0.011910        0.041598
     643        0.000100        0.011898        0.041567
     644        0.000100        0.011926        0.041595
     645        0.000100        0.011917        0.041550
     646        0.000100        0.011951        0.041567
     647        0.000100        0.011943        0.041515
     648        0.000100        0.011971        0.041534
     649        0.000100        0.011951        0.041492
     650        0.000100        0.011975        0.041504
     651        0.000100        0.011970        0.041464
     652        0.000100        0.012011        0.041455
     653        0.000100        0.012003        0.041425
     654        0.000100        0.012021        0.041440
     655        0.000100        0.012003        0.041433
     656        0.000100        0.012036        0.041431
     657        0.000100        0.012041        0.041398
     658        0.000100        0.012082        0.041395
     659        0.000100        0.012071        0.041384
     660        0.000100        0.012097        0.041421
     661        0.000100        0.012080        0.041406
     662        0.000100        0.012126        0.041436
     663        0.000100        0.012137        0.041473
     664        0.000100        0.012181        0.041506
     665        0.000100        0.012185        0.041529
     666        0.000100        0.012210        0.041588
     667        0.000100        0.012192        0.041475
     668        0.000100        0.012205        0.041481
     669        0.000100        0.012188        0.041395
     670        0.000100        0.012214        0.041417
     671        0.000100        0.012202        0.041346
     672        0.000100        0.012237        0.041378
     673        0.000100        0.012227        0.041326
     674        0.000100        0.012261        0.041361
     675        0.000100        0.012250        0.041309
     676        0.000100        0.012281        0.041340
     677        0.000100        0.012273        0.041285
     678        0.000100        0.012308        0.041315
     679        0.000100        0.012305        0.041257
     680        0.000100        0.012329        0.041281
     681        0.000100        0.012307        0.041226
     682        0.000100        0.012337        0.041251
     683        0.000100        0.012339        0.041182
     684        0.000100        0.012376        0.041196
     685        0.000100        0.012359        0.041142
     686        0.000100        0.012384        0.041163
     687        0.000100        0.012371        0.041118
     688        0.000100        0.012406        0.041122
     689        0.000100        0.012400        0.041073
     690        0.000100        0.012432        0.041071
     691        0.000100        0.012415        0.041050
     692        0.000100        0.012439        0.041057
     693        0.000100        0.012428        0.041038
     694        0.000100        0.012468        0.041001
     695        0.000100        0.012468        0.040965
     696        0.000100        0.012490        0.040958
     697        0.000100        0.012464        0.040954
     698        0.000100        0.012487        0.040960
     699        0.000100        0.012483        0.040917
     700        0.000100        0.012522        0.040861
     701        0.000100        0.012514        0.040833
     702        0.000100        0.012530        0.040862
     703        0.000100        0.012517        0.040853
     704        0.000100        0.012553        0.040845
     705        0.000100        0.012552        0.040805
     706        0.000100        0.012588        0.040830
     707        0.000100        0.012575        0.040820
     708        0.000100        0.012607        0.040840
     709        0.000100        0.012597        0.040795
     710        0.000100        0.012635        0.040787
     711        0.000100        0.012630        0.040767
     712        0.000100        0.012653        0.040780
     713        0.000100        0.012635        0.040756
     714        0.000100        0.012661        0.040741
     715        0.000100        0.012661        0.040695
     716        0.000100        0.012695        0.040685
     717        0.000100        0.012677        0.040661
     718        0.000100        0.012695        0.040664
     719        0.000100        0.012690        0.040624
     720        0.000100        0.012730        0.040636
     721        0.000100        0.012731        0.040624
     722        0.000100        0.012766        0.040661
     723        0.000100        0.012762        0.040649
     724        0.000100        0.012796        0.040674
     725        0.000100        0.012793        0.040657
     726        0.000100        0.012827        0.040678
     727        0.000100        0.012820        0.040655
     728        0.000100        0.012849        0.040663
     729        0.000100        0.012836        0.040634
     730        0.000100        0.012865        0.040637
     731        0.000100        0.012859        0.040608
     732        0.000100        0.012898        0.040606
     733        0.000100        0.012885        0.040580
     734        0.000100        0.012900        0.040575
     735        0.000100        0.012882        0.040560
     736        0.000100        0.012920        0.040541
     737        0.000100        0.012923        0.040525
     738        0.000100        0.012955        0.040533
     739        0.000100        0.012935        0.040506
     740        0.000100        0.012966        0.040493
     741        0.000100        0.012956        0.040508
     742        0.000100        0.012987        0.040498
     743        0.000100        0.012994        0.040464
     744        0.000100        0.013038        0.040496
     745        0.000100        0.013026        0.040522
     746        0.000100        0.013057        0.040562
     747        0.000100        0.013079        0.040598
     748        0.000100        0.013127        0.040684
     749        0.000100        0.013123        0.040677
     750        0.000100        0.013135        0.040662
     751        0.000100        0.013118        0.040577
     752        0.000100        0.013132        0.040569
     753        0.000100        0.013126        0.040519
     754        0.000100        0.013150        0.040515
     755        0.000100        0.013146        0.040483
     756        0.000100        0.013177        0.040491
     757        0.000100        0.013169        0.040460
     758        0.000100        0.013204        0.040477
     759        0.000100        0.013193        0.040438
     760        0.000100        0.013229        0.040461
     761        0.000100        0.013219        0.040419
     762        0.000100        0.013254        0.040439
     763        0.000100        0.013246        0.040404
     764        0.000100        0.013277        0.040416
     765        0.000100        0.013265        0.040386
     766        0.000100        0.013289        0.040392
     767        0.000100        0.013291        0.040361
     768        0.000100        0.013335        0.040362
     769        0.000100        0.013323        0.040338
     770        0.000100        0.013340        0.040343
     771        0.000100        0.013325        0.040325
     772        0.000100        0.013363        0.040319
     773        0.000100        0.013359        0.040295
     774        0.000100        0.013396        0.040280
     775        0.000100        0.013381        0.040270
     776        0.000100        0.013401        0.040262
     777        0.000100        0.013387        0.040259
     778        0.000100        0.013420        0.040251
     779        0.000100        0.013424        0.040230
     780        0.000100        0.013464        0.040200
     781        0.000100        0.013447        0.040179
     782        0.000100        0.013457        0.040177
     783        0.000100        0.013444        0.040178
     784        0.000100        0.013480        0.040170
     785        0.000100        0.013484        0.040142
     786        0.000100        0.013520        0.040151
     787        0.000100        0.013506        0.040160
     788        0.000100        0.013538        0.040180
     789        0.000100        0.013536        0.040162
     790        0.000100        0.013578        0.040154
     791        0.000100        0.013577        0.040149
     792        0.000100        0.013601        0.040165
     793        0.000100        0.013589        0.040164
     794        0.000100        0.013617        0.040150
     795        0.000100        0.013622        0.040120
     796        0.000100        0.013657        0.040101
     797        0.000100        0.013636        0.040095
     798        0.000100        0.013649        0.040085
     799        0.000100        0.013637        0.040055
     800        0.000100        0.013672        0.040020
     801        0.000100        0.013663        0.039992
     802        0.000100        0.013682        0.039983
     803        0.000100        0.013678        0.039979
     804        0.000100        0.013717        0.039993
     805        0.000100        0.013730        0.040005
     806        0.000100        0.013767        0.040030
     807        0.000100        0.013768        0.040031
     808        0.000100        0.013796        0.040042
     809        0.000100        0.013792        0.040031
     810        0.000100        0.013820        0.040033
     811        0.000100        0.013815        0.040018
     812        0.000100        0.013844        0.040018
     813        0.000100        0.013835        0.039999
     814        0.000100        0.013864        0.039998
     815        0.000100        0.013850        0.039979
     816        0.000100        0.013881        0.039973
     817        0.000100        0.013875        0.039958
     818        0.000100        0.013915        0.039954
     819        0.000100        0.013906        0.039947
     820        0.000100        0.013918        0.039941
     821        0.000100        0.013907        0.039930
     822        0.000100        0.013950        0.039925
     823        0.000100        0.013957        0.039924
     824        0.000100        0.013988        0.039924
     825        0.000100        0.013976        0.039926
     826        0.000100        0.014007        0.039926
     827        0.000100        0.014004        0.039937
     828        0.000100        0.014047        0.039948
     829        0.000100        0.014054        0.039945
     830        0.000100        0.014102        0.039969
     831        0.000100        0.014095        0.040039
     832        0.000100        0.014129        0.040086
     833        0.000100        0.014131        0.039996
     834        0.000100        0.014133        0.039985
     835        0.000100        0.014121        0.039936
     836        0.000100        0.014136        0.039916
     837        0.000100        0.014133        0.039892
     838        0.000100        0.014164        0.039889
     839        0.000100        0.014158        0.039877
     840        0.000100        0.014196        0.039880
     841        0.000100        0.014184        0.039869
     842        0.000100        0.014221        0.039877
     843        0.000100        0.014214        0.039867
     844        0.000100        0.014252        0.039874
     845        0.000100        0.014252        0.039867
     846        0.000100        0.014283        0.039875
     847        0.000100        0.014274        0.039867
     848        0.000100        0.014293        0.039869
     849        0.000100        0.014300        0.039856
     850        0.000100        0.014340        0.039855
     851        0.000100        0.014335        0.039840
     852        0.000100        0.014355        0.039836
     853        0.000100        0.014338        0.039821
     854        0.000100        0.014372        0.039811
     855        0.000100        0.014367        0.039791
     856        0.000100        0.014405        0.039778
     857        0.000100        0.014387        0.039768
     858        0.000100        0.014403        0.039758
     859        0.000100        0.014392        0.039747
     860        0.000100        0.014428        0.039729
     861        0.000100        0.014435        0.039717
     862        0.000100        0.014453        0.039707
     863        0.000100        0.014439        0.039713
     864        0.000100        0.014471        0.039714
     865        0.000100        0.014481        0.039721
     866        0.000100        0.014523        0.039732
     867        0.000100        0.014521        0.039748
     868        0.000100        0.014556        0.039764
     869        0.000100        0.014558        0.039755
     870        0.000100        0.014591        0.039748
     871        0.000100        0.014586        0.039736
     872        0.000100        0.014606        0.039728
     873        0.000100        0.014595        0.039707
     874        0.000100        0.014618        0.039686
     875        0.000100        0.014610        0.039671
     876        0.000100        0.014632        0.039651
     877        0.000100        0.014615        0.039637
     878        0.000100        0.014636        0.039615
     879        0.000100        0.014638        0.039620
     880        0.000100        0.014680        0.039622
     881        0.000100        0.014693        0.039639
     882        0.000100        0.014725        0.039643
     883        0.000100        0.014724        0.039645
     884        0.000100        0.014752        0.039641
     885        0.000100        0.014750        0.039638
     886        0.000100        0.014780        0.039632
     887        0.000100        0.014778        0.039627
     888        0.000100        0.014804        0.039621
     889        0.000100        0.014792        0.039614
     890        0.000100        0.014815        0.039603
     891        0.000100        0.014819        0.039601
     892        0.000100        0.014859        0.039596
     893        0.000100        0.014855        0.039594
     894        0.000100        0.014871        0.039587
     895        0.000100        0.014864        0.039585
     896        0.000100        0.014898        0.039581
     897        0.000100        0.014906        0.039583
     898        0.000100        0.014938        0.039580
     899        0.000100        0.014931        0.039581
     900        0.000100        0.014957        0.039580
     901        0.000100        0.014952        0.039580
     902        0.000100        0.014996        0.039576
     903        0.000100        0.015000        0.039577
     904        0.000100        0.015034        0.039581
     905        0.000100        0.015016        0.039579
     906        0.000100        0.015038        0.039580
     907        0.000100        0.015046        0.039585
     908        0.000100        0.015096        0.039582
     909        0.000100        0.015100        0.039581
     910        0.000100        0.015121        0.039587
     911        0.000100        0.015105        0.039595
     912        0.000100        0.015140        0.039582
     913        0.000100        0.015145        0.039565
     914        0.000100        0.015172        0.039551
     915        0.000100        0.015155        0.039548
     916        0.000100        0.015176        0.039534
     917        0.000100        0.015169        0.039525
     918        0.000100        0.015207        0.039510
     919        0.000100        0.015206        0.039510
     920        0.000100        0.015226        0.039502
     921        0.000100        0.015211        0.039501
     922        0.000100        0.015242        0.039494
     923        0.000100        0.015261        0.039497
     924        0.000100        0.015301        0.039498
     925        0.000100        0.015293        0.039512
     926        0.000100        0.015319        0.039534
     927        0.000100        0.015334        0.039546
     928        0.000100        0.015377        0.039563
     929        0.000100        0.015371        0.039572
     930        0.000100        0.015392        0.039563
     931        0.000100        0.015377        0.039517
     932        0.000100        0.015395        0.039496
     933        0.000100        0.015389        0.039477
     934        0.000100        0.015416        0.039465
     935        0.000100        0.015414        0.039464
     936        0.000100        0.015444        0.039453
     937        0.000100        0.015439        0.039457
     938        0.000100        0.015470        0.039444
     939        0.000100        0.015463        0.039452
     940        0.000100        0.015501        0.039440
     941        0.000100        0.015501        0.039446
     942        0.000100        0.015537        0.039436
     943        0.000100        0.015522        0.039440
     944        0.000100        0.015542        0.039430
     945        0.000100        0.015549        0.039431
     946        0.000100        0.015590        0.039426
     947        0.000100        0.015590        0.039426
     948        0.000100        0.015611        0.039417
     949        0.000100        0.015596        0.039412
     950        0.000100        0.015627        0.039405
     951        0.000100        0.015628        0.039402
     952        0.000100        0.015664        0.039391
     953        0.000100        0.015647        0.039389
     954        0.000100        0.015669        0.039373
     955        0.000100        0.015667        0.039384
     956        0.000100        0.015704        0.039369
     957        0.000100        0.015711        0.039392
     958        0.000100        0.015744        0.039380
     959        0.000100        0.015748        0.039396
     960        0.000100        0.015777        0.039382
     961        0.000100        0.015780        0.039391
     962        0.000100        0.015810        0.039379
     963        0.000100        0.015812        0.039385
     964        0.000100        0.015835        0.039370
     965        0.000100        0.015825        0.039372
     966        0.000100        0.015848        0.039355
     967        0.000100        0.015859        0.039369
     968        0.000100        0.015897        0.039356
     969        0.000100        0.015893        0.039367
     970        0.000100        0.015913        0.039346
     971        0.000100        0.015912        0.039358
     972        0.000100        0.015949        0.039349
     973        0.000100        0.015957        0.039360
     974        0.000100        0.015985        0.039345
     975        0.000100        0.015980        0.039351
     976        0.000100        0.016006        0.039338
     977        0.000100        0.016006        0.039345
     978        0.000100        0.016043        0.039335
     979        0.000100        0.016044        0.039341
     980        0.000100        0.016074        0.039333
     981        0.000100        0.016059        0.039331
     982        0.000100        0.016088        0.039325
     983        0.000100        0.016097        0.039326
     984        0.000100        0.016142        0.039330
     985        0.000100        0.016140        0.039329
     986        0.000100        0.016158        0.039326
     987        0.000100        0.016144        0.039324
     988        0.000100        0.016186        0.039323
     989        0.000100        0.016201        0.039328
     990        0.000100        0.016239        0.039329
     991        0.000100        0.016229        0.039334
     992        0.000100        0.016254        0.039334
     993        0.000100        0.016254        0.039334
     994        0.000100        0.016292        0.039318
     995        0.000100        0.016285        0.039321
     996        0.000100        0.016305        0.039304
     997        0.000100        0.016294        0.039300
     998        0.000100        0.016322        0.039283
     999        0.000100        0.016327        0.039290
    1000        0.000100        0.016357        0.039280
    1001        0.000100        0.016355        0.039288
    1002        0.000100        0.016379        0.039278
    1003        0.000100        0.016379        0.039286
    1004        0.000100        0.016421        0.039283
    1005        0.000100        0.016430        0.039299
    1006        0.000100        0.016461        0.039304
    1007        0.000100        0.016452        0.039307
    1008        0.000100        0.016478        0.039302
    1009        0.000100        0.016472        0.039290
    1010        0.000100        0.016504        0.039277
    1011        0.000100        0.016499        0.039267
    1012        0.000100        0.016518        0.039251
    1013        0.000100        0.016509        0.039252
    1014        0.000100        0.016541        0.039240
    1015        0.000100        0.016549        0.039254
    1016        0.000100        0.016585        0.039238
    1017        0.000100        0.016577        0.039249
    1018        0.000100        0.016601        0.039232
    1019        0.000100        0.016595        0.039244
    1020        0.000100        0.016638        0.039235
    1021        0.000100        0.016643        0.039245
    1022        0.000100        0.016674        0.039230
    1023        0.000100        0.016660        0.039235
    1024        0.000100        0.016683        0.039225
    1025        0.000100        0.016684        0.039229
    1026        0.000100        0.016726        0.039224
    1027        0.000100        0.016725        0.039227
    1028        0.000100        0.016737        0.039208
    1029        0.000100        0.016728        0.039215
    1030        0.000100        0.016765        0.039207
    1031        0.000100        0.016771        0.039233
    1032        0.000100        0.016801        0.039206
    1033        0.000100        0.016803        0.039234
    1034        0.000100        0.016836        0.039212
    1035        0.000100        0.016842        0.039237
    1036        0.000100        0.016877        0.039215
    1037        0.000100        0.016884        0.039235
    1038        0.000100        0.016911        0.039214
    1039        0.000100        0.016908        0.039230
    1040        0.000100        0.016930        0.039207
    1041        0.000100        0.016941        0.039231
    1042        0.000100        0.016979        0.039212
    1043        0.000100        0.016982        0.039231
    1044        0.000100        0.017000        0.039200
    1045        0.000100        0.016995        0.039216
    1046        0.000100        0.017028        0.039193
    1047        0.000100        0.017037        0.039221
    1048        0.000100        0.017069        0.039190
    1049        0.000100        0.017064        0.039207
    1050        0.000100        0.017086        0.039178
    1051        0.000100        0.017085        0.039196
    1052        0.000100        0.017122        0.039174
    1053        0.000100        0.017128        0.039194
    1054        0.000100        0.017158        0.039174
    1055        0.000100        0.017148        0.039181
    1056        0.000100        0.017173        0.039168
    1057        0.000100        0.017178        0.039173
    1058        0.000100        0.017225        0.039173
    1059        0.000100        0.017229        0.039181
    1060        0.000100        0.017255        0.039177
    1061        0.000100        0.017238        0.039171
    1062        0.000100        0.017270        0.039169
    1063        0.000100        0.017287        0.039176
    1064        0.000100        0.017334        0.039177
    1065        0.000100        0.017329        0.039184
    1066        0.000100        0.017349        0.039175
    1067        0.000100        0.017345        0.039182
    1068        0.000100        0.017384        0.039157
    1069        0.000100        0.017382        0.039170
    1070        0.000100        0.017403        0.039144
    1071        0.000100        0.017391        0.039156
    1072        0.000100        0.017419        0.039130
    1073        0.000100        0.017424        0.039151
    1074        0.000100        0.017459        0.039131
    1075        0.000100        0.017457        0.039148
    1076        0.000100        0.017479        0.039126
    1077        0.000100        0.017476        0.039139
    1078        0.000100        0.017522        0.039127
    1079        0.000100        0.017535        0.039151
    1080        0.000100        0.017566        0.039143
    1081        0.000100        0.017559        0.039164
    1082        0.000100        0.017592        0.039160
    1083        0.000100        0.017594        0.039161
    1084        0.000100        0.017622        0.039146
    1085        0.000100        0.017609        0.039138
    1086        0.000100        0.017629        0.039117
    1087        0.000100        0.017622        0.039120
    1088        0.000100        0.017655        0.039105
    1089        0.000100        0.017659        0.039123
    1090        0.000100        0.017692        0.039105
    1091        0.000100        0.017685        0.039123
    1092        0.000100        0.017712        0.039098
    1093        0.000100        0.017710        0.039121
    1094        0.000100        0.017755        0.039103
    1095        0.000100        0.017760        0.039124
    1096        0.000100        0.017791        0.039104
    1097        0.000100        0.017778        0.039112
    1098        0.000100        0.017805        0.039101
    1099        0.000100        0.017812        0.039112
    1100        0.000100        0.017856        0.039111
    1101        0.000100        0.017858        0.039111
    1102        0.000100        0.017874        0.039106
    1103        0.000100        0.017858        0.039098
    1104        0.000100        0.017889        0.039090
    1105        0.000100        0.017898        0.039097
    1106        0.000100        0.017942        0.039086
    1107        0.000100        0.017920        0.039099
    1108        0.000100        0.017939        0.039070
    1109        0.000100        0.017942        0.039109
    1110        0.000100        0.017978        0.039077
    1111        0.000100        0.017989        0.039121
    1112        0.000100        0.018023        0.039086
    1113        0.000100        0.018034        0.039114
    1114        0.000100        0.018066        0.039088
    1115        0.000100        0.018070        0.039106
    1116        0.000100        0.018100        0.039083
    1117        0.000100        0.018100        0.039100
    1118        0.000100        0.018130        0.039078
    1119        0.000100        0.018128        0.039096
    1120        0.000100        0.018160        0.039070
    1121        0.000100        0.018160        0.039095
    1122        0.000100        0.018194        0.039066
    1123        0.000100        0.018192        0.039094
    1124        0.000100        0.018216        0.039055
    1125        0.000100        0.018209        0.039080
    1126        0.000100        0.018256        0.039061
    1127        0.000100        0.018269        0.039095
    1128        0.000100        0.018293        0.039056
    1129        0.000100        0.018286        0.039074
    1130        0.000100        0.018313        0.039048
    1131        0.000100        0.018319        0.039066
    1132        0.000100        0.018362        0.039056
    1133        0.000100        0.018364        0.039076
    1134        0.000100        0.018395        0.039059
    1135        0.000100        0.018381        0.039061
    1136        0.000100        0.018414        0.039052
    1137        0.000100        0.018428        0.039062
    1138        0.000100        0.018477        0.039066
    1139        0.000100        0.018476        0.039078
    1140        0.000100        0.018493        0.039061
    1141        0.000100        0.018481        0.039066
    1142        0.000100        0.018529        0.039048
    1143        0.000100        0.018543        0.039071
    1144        0.000100        0.018570        0.039046
    1145        0.000100        0.018557        0.039064
    1146        0.000100        0.018583        0.039032
    1147        0.000100        0.018587        0.039056
    1148        0.000100        0.018626        0.039033
    1149        0.000100        0.018626        0.039059
    1150        0.000100        0.018650        0.039029
    1151        0.000100        0.018642        0.039046
    1152        0.000100        0.018680        0.039025
    1153        0.000100        0.018696        0.039052
    1154        0.000100        0.018731        0.039036
    1155        0.000100        0.018724        0.039058
    1156        0.000100        0.018750        0.039042
    1157        0.000100        0.018754        0.039056
    1158        0.000100        0.018789        0.039041
    1159        0.000100        0.018788        0.039051
    1160        0.000100        0.018810        0.039033
    1161        0.000100        0.018798        0.039035
    1162        0.000100        0.018827        0.039019
    1163        0.000100        0.018830        0.039032
    1164        0.000100        0.018868        0.039020
    1165        0.000100        0.018867        0.039038
    1166        0.000100        0.018894        0.039017
    1167        0.000100        0.018888        0.039034
    1168        0.000100        0.018926        0.039015
    1169        0.000100        0.018935        0.039045
    1170        0.000100        0.018973        0.039018
    1171        0.000100        0.018962        0.039040
    1172        0.000100        0.018987        0.039010
    1173        0.000100        0.018985        0.039036
    1174        0.000100        0.019027        0.039013
    1175        0.000100        0.019032        0.039040
    1176        0.000100        0.019060        0.039014
    1177        0.000100        0.019046        0.039029
    1178        0.000100        0.019071        0.039006
    1179        0.000100        0.019070        0.039017
    1180        0.000100        0.019115        0.039004
    1181        0.000100        0.019120        0.039023
    1182        0.000100        0.019140        0.039016
    1183        0.000100        0.019116        0.039006
    1184        0.000100        0.019147        0.038982
    1185        0.000100        0.019159        0.039008
    1186        0.000100        0.019203        0.039002
    1187        0.000100        0.019192        0.039020
    1188        0.000100        0.019217        0.038981
    1189        0.000100        0.019225        0.039011
    1190        0.000100        0.019267        0.038986
    1191        0.000100        0.019274        0.039023
    1192        0.000100        0.019303        0.038983
    1193        0.000100        0.019300        0.039008
    1194        0.000100        0.019333        0.038973
    1195        0.000100        0.019336        0.039012
    1196        0.000100        0.019374        0.038976
    1197        0.000100        0.019371        0.039006
    1198        0.000100        0.019394        0.038963
    1199        0.000100        0.019387        0.038993
    1200        0.000100        0.019425        0.038963
    1201        0.000100        0.019437        0.039005
    1202        0.000100        0.019468        0.038963
    1203        0.000100        0.019464        0.038993
    1204        0.000100        0.019490        0.038950
    1205        0.000100        0.019498        0.038988
    1206        0.000100        0.019540        0.038957
    1207        0.000100        0.019545        0.038988
    1208        0.000100        0.019579        0.038955
    1209        0.000100        0.019575        0.038980
    1210        0.000100        0.019610        0.038953
    1211        0.000100        0.019615        0.038981
    1212        0.000100        0.019657        0.038959
    1213        0.000100        0.019660        0.038982
    1214        0.000100        0.019690        0.038958
    1215        0.000100        0.019682        0.038972
    1216        0.000100        0.019715        0.038953
    1217        0.000100        0.019728        0.038976
    1218        0.000100        0.019771        0.038954
    1219        0.000100        0.019764        0.038974
    1220        0.000100        0.019785        0.038945
    1221        0.000100        0.019777        0.038965
    1222        0.000100        0.019822        0.038938
    1223        0.000100        0.019834        0.038969
    1224        0.000100        0.019867        0.038948
    1225        0.000100        0.019856        0.038964
    1226        0.000100        0.019883        0.038937
    1227        0.000100        0.019899        0.038965
    1228        0.000100        0.019941        0.038944
    1229        0.000100        0.019942        0.038974
    1230        0.000100        0.019968        0.038956
    1231        0.000100        0.019967        0.038972
    1232        0.000100        0.020000        0.038954
    1233        0.000100        0.019999        0.038966
    1234        0.000100        0.020030        0.038955
    1235        0.000100        0.020022        0.038962
    1236        0.000100        0.020046        0.038949
    1237        0.000100        0.020044        0.038959
    1238        0.000100        0.020085        0.038949
    1239        0.000100        0.020092        0.038967
    1240        0.000100        0.020120        0.038954
    1241        0.000100        0.020110        0.038966
    1242        0.000100        0.020142        0.038946
    1243        0.000100        0.020147        0.038972
    1244        0.000100        0.020188        0.038953
    1245        0.000100        0.020186        0.038977
    1246        0.000100        0.020214        0.038946
    1247        0.000100        0.020208        0.038977
    1248        0.000100        0.020245        0.038947
    1249        0.000100        0.020252        0.038987
    1250        0.000100        0.020290        0.038950
    1251        0.000100        0.020282        0.038987
    1252        0.000100        0.020306        0.038945
    1253        0.000100        0.020302        0.038987
    1254        0.000100        0.020345        0.038948
    1255        0.000100        0.020351        0.038992
    1256        0.000100        0.020382        0.038951
    1257        0.000100        0.020368        0.038984
    1258        0.000100        0.020392        0.038947
    1259        0.000100        0.020389        0.038965
    1260        0.000100        0.020436        0.038943
    1261        0.000100        0.020443        0.038984
    1262        0.000100        0.020469        0.038968
    1263        0.000100        0.020443        0.038957
    1264        0.000100        0.020472        0.038925
    1265        0.000100        0.020484        0.038957
    1266        0.000100        0.020534        0.038955
    1267        0.000100        0.020526        0.038984
    1268        0.000100        0.020546        0.038927
    1269        0.000100        0.020547        0.038953
    1270        0.000100        0.020595        0.038927
    1271        0.000100        0.020604        0.038980
    1272        0.000100        0.020636        0.038934
    1273        0.000100        0.020624        0.038953
    1274        0.000100        0.020657        0.038906
    1275        0.000100        0.020666        0.038949
    1276        0.000100        0.020716        0.038931
    1277        0.000100        0.020714        0.038971
    1278        0.000100        0.020733        0.038926
    1279        0.000100        0.020720        0.038933
    1280        0.000100        0.020764        0.038903
    1281        0.000100        0.020781        0.038956
    1282        0.000100        0.020816        0.038936
    1283        0.000100        0.020794        0.038938
    1284        0.000100        0.020815        0.038889
    1285        0.000100        0.020822        0.038918
    1286        0.000100        0.020873        0.038916
    1287        0.000100        0.020870        0.038947
    1288        0.000100        0.020888        0.038887
    1289        0.000100        0.020881        0.038901
    1290        0.000100        0.020930        0.038874
    1291        0.000100        0.020945        0.038926
    1292        0.000100        0.020984        0.038897
    1293        0.000100        0.020972        0.038912
    1294        0.000100        0.021005        0.038875
    1295        0.000100        0.021027        0.038912
    1296        0.000100        0.021070        0.038885
    1297        0.000100        0.021073        0.038912
    1298        0.000100        0.021101        0.038890
    1299        0.000100        0.021099        0.038896
    1300        0.000100        0.021128        0.038877
    1301        0.000100        0.021126        0.038889
    1302        0.000100        0.021158        0.038878
    1303        0.000100        0.021157        0.038893
    1304        0.000100        0.021192        0.038877
    1305        0.000100        0.021189        0.038894
    1306        0.000100        0.021226        0.038881
    1307        0.000100        0.021223        0.038903
    1308        0.000100        0.021261        0.038889
    1309        0.000100        0.021260        0.038906
    1310        0.000100        0.021290        0.038885
    1311        0.000100        0.021278        0.038905
    1312        0.000100        0.021307        0.038890
    1313        0.000100        0.021326        0.038914
    1314        0.000100        0.021365        0.038895
    1315        0.000100        0.021358        0.038920
    1316        0.000100        0.021386        0.038898
    1317        0.000100        0.021384        0.038928
    1318        0.000100        0.021424        0.038902
    1319        0.000100        0.021426        0.038940
    1320        0.000100        0.021463        0.038908
    1321        0.000100        0.021458        0.038964
    1322        0.000100        0.021492        0.038911
    1323        0.000100        0.021491        0.038969
    1324        0.000100        0.021532        0.038916
    1325        0.000100        0.021538        0.038997
    1326        0.000100        0.021569        0.038933
    1327        0.000100        0.021558        0.039001
    1328        0.000100        0.021586        0.038928
    1329        0.000100        0.021599        0.039014
    1330        0.000100        0.021643        0.038954
    1331        0.000100        0.021644        0.039047
    1332        0.000100        0.021667        0.038973
    1333        0.000100        0.021656        0.039027
    1334        0.000100        0.021689        0.038949
    1335        0.000100        0.021698        0.039017
