       0        0.000100     6050.937077       77.315170
       1        0.000100     5688.515789       74.950455
       2        0.000100     5247.271949       71.966736
       3        0.000100     4730.530881       68.307716
       4        0.000100     4148.079415       63.932953
       5        0.000100     3520.119429       58.852512
       6        0.000100     2875.802646       53.136150
       7        0.000100     2249.018020       46.910332
       8        0.000100     1673.364499       40.353477
       9        0.000100     1177.112064       33.690556
      10        0.000100      778.599254       27.181257
      11        0.000100      483.185669       21.098051
      12        0.000100      282.977663       15.692866
      13        0.000100      159.964850       11.203188
      14        0.000100       91.717478        7.978159
      15        0.000100       57.336335        6.077587
      16        0.000100       41.204747        5.106143
      17        0.000100       33.686763        4.635273
      18        0.000100       29.769352        4.362368
      19        0.000100       27.212252        4.173728
      20        0.000100       25.141102        4.015808
      21        0.000100       23.254651        3.865443
      22        0.000100       21.461796        3.715378
      23        0.000100       19.740603        3.564576
      24        0.000100       18.089590        3.412871
      25        0.000100       16.512786        3.261154
      26        0.000100       15.015151        3.109800
      27        0.000100       13.601244        2.959416
      28        0.000100       12.274721        2.810718
      29        0.000100       11.038183        2.664151
      30        0.000100        9.893022        2.520123
      31        0.000100        8.839454        2.379589
      32        0.000100        7.876549        2.243847
      33        0.000100        7.002256        2.114691
      34        0.000100        6.213491        1.992632
      35        0.000100        5.506316        1.877193
      36        0.000100        4.875974        1.767995
      37        0.000100        4.317178        1.665660
      38        0.000100        3.824170        1.569781
      39        0.000100        3.391001        1.479952
      40        0.000100        3.011652        1.395564
      41        0.000100        2.680218        1.317450
      42        0.000100        2.391035        1.245253
      43        0.000100        2.138830        1.178142
      44        0.000100        1.918756        1.115547
      45        0.000100        1.726463        1.057397
      46        0.000100        1.558141        1.003160
      47        0.000100        1.410452        0.952773
      48        0.000100        1.280552        0.906164
      49        0.000100        1.166018        0.862903
      50        0.000100        1.064805        0.822635
      51        0.000100        0.975180        0.785326
      52        0.000100        0.895678        0.750467
      53        0.000100        0.825050        0.718128
      54        0.000100        0.762215        0.687993
      55        0.000100        0.706238        0.659990
      56        0.000100        0.656292        0.634127
      57        0.000100        0.611647        0.610350
      58        0.000100        0.571654        0.588412
      59        0.000100        0.535731        0.568101
      60        0.000100        0.503356        0.549536
      61        0.000100        0.474066        0.532429
      62        0.000100        0.447448        0.516432
      63        0.000100        0.423140        0.501456
      64        0.000100        0.400825        0.487323
      65        0.000100        0.380227        0.473895
      66        0.000100        0.361114        0.461175
      67        0.000100        0.343291        0.449010
      68        0.000100        0.326588        0.437194
      69        0.000100        0.310878        0.425762
      70        0.000100        0.296049        0.414706
      71        0.000100        0.282016        0.403971
      72        0.000100        0.268711        0.393533
      73        0.000100        0.256082        0.383513
      74        0.000100        0.244083        0.373796
      75        0.000100        0.232680        0.364324
      76        0.000100        0.221839        0.355131
      77        0.000100        0.211533        0.346212
      78        0.000100        0.201733        0.337548
      79        0.000100        0.192415        0.329169
      80        0.000100        0.183552        0.321057
      81        0.000100        0.175121        0.313137
      82        0.000100        0.167100        0.305460
      83        0.000100        0.159466        0.297999
      84        0.000100        0.152204        0.290741
      85        0.000100        0.145293        0.283692
      86        0.000100        0.138719        0.276846
      87        0.000100        0.132469        0.270225
      88        0.000100        0.126529        0.263812
      89        0.000100        0.120889        0.257639
      90        0.000100        0.115533        0.251672
      91        0.000100        0.110448        0.245922
      92        0.000100        0.105615        0.240367
      93        0.000100        0.101009        0.234958
      94        0.000100        0.096611        0.229679
      95        0.000100        0.092392        0.224490
      96        0.000100        0.088341        0.219385
      97        0.000100        0.084438        0.214354
      98        0.000100        0.080667        0.209337
      99        0.000100        0.077027        0.204358
     100        0.000100        0.073512        0.199405
     101        0.000100        0.070128        0.194538
     102        0.000100        0.066883        0.189772
     103        0.000100        0.063788        0.185139
     104        0.000100        0.060849        0.180653
     105        0.000100        0.058074        0.176368
     106        0.000100        0.055459        0.172292
     107        0.000100        0.052998        0.168402
     108        0.000100        0.050679        0.164698
     109        0.000100        0.048488        0.161159
     110        0.000100        0.046408        0.157733
     111        0.000100        0.044417        0.154374
     112        0.000100        0.042500        0.151043
     113        0.000100        0.040648        0.147722
     114        0.000100        0.038850        0.144407
     115        0.000100        0.037113        0.141099
     116        0.000100        0.035440        0.137829
     117        0.000100        0.033838        0.134602
     118        0.000100        0.032318        0.131455
     119        0.000100        0.030880        0.128412
     120        0.000100        0.029524        0.125476
     121        0.000100        0.028244        0.122629
     122        0.000100        0.027035        0.119881
     123        0.000100        0.025897        0.117237
     124        0.000100        0.024825        0.114702
     125        0.000100        0.023820        0.112274
     126        0.000100        0.022878        0.109947
     127        0.000100        0.021998        0.107739
     128        0.000100        0.021175        0.105638
     129        0.000100        0.020404        0.103634
     130        0.000100        0.019680        0.101714
     131        0.000100        0.018998        0.099875
     132        0.000100        0.018356        0.098107
     133        0.000100        0.017750        0.096403
     134        0.000100        0.017177        0.094752
     135        0.000100        0.016637        0.093158
     136        0.000100        0.016127        0.091629
     137        0.000100        0.015647        0.090159
     138        0.000100        0.015193        0.088747
     139        0.000100        0.014765        0.087388
     140        0.000100        0.014358        0.086083
     141        0.000100        0.013972        0.084823
     142        0.000100        0.013602        0.083600
     143        0.000100        0.013248        0.082420
     144        0.000100        0.012908        0.081269
     145        0.000100        0.012583        0.080141
     146        0.000100        0.012270        0.079035
     147        0.000100        0.011975        0.077967
     148        0.000100        0.011689        0.076914
     149        0.000100        0.011425        0.075925
     150        0.000100        0.011168        0.074951
     151        0.000100        0.010930        0.074034
     152        0.000100        0.010702        0.073145
     153        0.000100        0.010489        0.072294
     154        0.000100        0.010285        0.071472
     155        0.000100        0.010093        0.070690
     156        0.000100        0.009908        0.069933
     157        0.000100        0.009733        0.069209
     158        0.000100        0.009564        0.068509
     159        0.000100        0.009404        0.067836
     160        0.000100        0.009249        0.067183
     161        0.000100        0.009103        0.066555
     162        0.000100        0.008958        0.065939
     163        0.000100        0.008826        0.065358
     164        0.000100        0.008692        0.064779
     165        0.000100        0.008572        0.064239
     166        0.000100        0.008449        0.063701
     167        0.000100        0.008339        0.063196
     168        0.000100        0.008227        0.062688
     169        0.000100        0.008126        0.062219
     170        0.000100        0.008025        0.061752
     171        0.000100        0.007934        0.061320
     172        0.000100        0.007841        0.060890
     173        0.000100        0.007760        0.060505
     174        0.000100        0.007674        0.060116
     175        0.000100        0.007602        0.059771
     176        0.000100        0.007523        0.059414
     177        0.000100        0.007458        0.059109
     178        0.000100        0.007386        0.058790
     179        0.000100        0.007327        0.058501
     180        0.000100        0.007262        0.058215
     181        0.000100        0.007209        0.057954
     182        0.000100        0.007150        0.057691
     183        0.000100        0.007100        0.057446
     184        0.000100        0.007046        0.057211
     185        0.000100        0.007001        0.056988
     186        0.000100        0.006951        0.056775
     187        0.000100        0.006909        0.056566
     188        0.000100        0.006863        0.056377
     189        0.000100        0.006824        0.056182
     190        0.000100        0.006781        0.056003
     191        0.000100        0.006745        0.055819
     192        0.000100        0.006705        0.055647
     193        0.000100        0.006670        0.055465
     194        0.000100        0.006634        0.055308
     195        0.000100        0.006600        0.055128
     196        0.000100        0.006565        0.054975
     197        0.000100        0.006531        0.054794
     198        0.000100        0.006499        0.054654
     199        0.000100        0.006466        0.054465
     200        0.000100        0.006435        0.054333
     201        0.000100        0.006402        0.054139
     202        0.000100        0.006373        0.054006
     203        0.000100        0.006340        0.053811
     204        0.000100        0.006310        0.053669
     205        0.000100        0.006277        0.053469
     206        0.000100        0.006249        0.053328
     207        0.000100        0.006215        0.053117
     208        0.000100        0.006186        0.052967
     209        0.000100        0.006152        0.052744
     210        0.000100        0.006124        0.052595
     211        0.000100        0.006090        0.052361
     212        0.000100        0.006062        0.052207
     213        0.000100        0.006026        0.051946
     214        0.000100        0.005999        0.051802
     215        0.000100        0.005963        0.051528
     216        0.000100        0.005937        0.051382
     217        0.000100        0.005900        0.051097
     218        0.000100        0.005877        0.050951
     219        0.000100        0.005842        0.050689
     220        0.000100        0.005819        0.050522
     221        0.000100        0.005783        0.050277
     222        0.000100        0.005760        0.050070
     223        0.000100        0.005727        0.049870
     224        0.000100        0.005698        0.049615
     225        0.000100        0.005680        0.049474
     226        0.000100        0.005633        0.049191
     227        0.000100        0.005634        0.049028
     228        0.000100        0.005593        0.048876
     229        0.000100        0.005553        0.048547
     230        0.000100        0.005570        0.048492
     231        0.000100        0.005493        0.048281
     232        0.000100        0.005497        0.047983
     233        0.000100        0.005472        0.047983
     234        0.000100        0.005412        0.047660
     235        0.000100        0.005422        0.047548
     236        0.000100        0.005373        0.047399
     237        0.000100        0.005352        0.047176
     238        0.000100        0.005341        0.047093
     239        0.000100        0.005295        0.046885
     240        0.000100        0.005290        0.046754
     241        0.000100        0.005263        0.046627
     242        0.000100        0.005237        0.046462
     243        0.000100        0.005232        0.046355
     244        0.000100        0.005204        0.046216
     245        0.000100        0.005188        0.046077
     246        0.000100        0.005186        0.045993
     247        0.000100        0.005149        0.045818
     248        0.000100        0.005154        0.045742
     249        0.000100        0.005123        0.045574
     250        0.000100        0.005114        0.045477
     251        0.000100        0.005085        0.045317
     252        0.000100        0.005080        0.045213
     253        0.000100        0.005050        0.045065
     254        0.000100        0.005033        0.044953
     255        0.000100        0.005037        0.044863
     256        0.000100        0.005027        0.044765
     257        0.000100        0.004998        0.044656
     258        0.000100        0.005033        0.044605
     259        0.000100        0.005060        0.044571
     260        0.000100        0.005034        0.044473
     261        0.000100        0.005058        0.044430
     262        0.000100        0.005073        0.044359
     263        0.000100        0.005052        0.044264
     264        0.000100        0.005038        0.044165
     265        0.000100        0.005047        0.044087
     266        0.000100        0.005025        0.043982
     267        0.000100        0.004999        0.043875
     268        0.000100        0.005002        0.043793
     269        0.000100        0.004999        0.043710
     270        0.000100        0.004954        0.043595
     271        0.000100        0.004956        0.043521
     272        0.000100        0.004971        0.043457
     273        0.000100        0.004932        0.043348
     274        0.000100        0.004899        0.043245
     275        0.000100        0.004927        0.043202
     276        0.000100        0.004908        0.043106
     277        0.000100        0.004868        0.043009
     278        0.000100        0.004869        0.042934
     279        0.000100        0.004878        0.042880
     280        0.000100        0.004844        0.042776
     281        0.000100        0.004823        0.042696
     282        0.000100        0.004833        0.042635
     283        0.000100        0.004827        0.042570
     284        0.000100        0.004786        0.042463
     285        0.000100        0.004784        0.042408
     286        0.000100        0.004799        0.042348
     287        0.000100        0.004770        0.042268
     288        0.000100        0.004740        0.042178
     289        0.000100        0.004752        0.042132
     290        0.000100        0.004752        0.042068
     291        0.000100        0.004717        0.041978
     292        0.000100        0.004707        0.041917
     293        0.000100        0.004720        0.041865
     294        0.000100        0.004706        0.041798
     295        0.000100        0.004671        0.041707
     296        0.000100        0.004682        0.041674
     297        0.000100        0.004687        0.041608
     298        0.000100        0.004660        0.041543
     299        0.000100        0.004635        0.041456
     300        0.000100        0.004665        0.041450
     301        0.000100        0.004648        0.041356
     302        0.000100        0.004619        0.041305
     303        0.000100        0.004614        0.041229
     304        0.000100        0.004643        0.041224
     305        0.000100        0.004606        0.041115
     306        0.000100        0.004589        0.041073
     307        0.000100        0.004601        0.041021
     308        0.000100        0.004611        0.040990
     309        0.000100        0.004574        0.040903
     310        0.000100        0.004577        0.040878
     311        0.000100        0.004572        0.040787
     312        0.000100        0.004616        0.040857
     313        0.000100        0.004532        0.040631
     314        0.000100        0.004558        0.040699
     315        0.000100        0.004574        0.040632
     316        0.000100        0.004525        0.040518
     317        0.000100        0.004548        0.040545
     318        0.000100        0.004528        0.040433
     319        0.000100        0.004516        0.040401
     320        0.000100        0.004525        0.040371
     321        0.000100        0.004493        0.040260
     322        0.000100        0.004504        0.040282
     323        0.000100        0.004488        0.040168
     324        0.000100        0.004479        0.040154
     325        0.000100        0.004470        0.040083
     326        0.000100        0.004473        0.040047
     327        0.000100        0.004442        0.039968
     328        0.000100        0.004460        0.039977
     329        0.000100        0.004433        0.039849
     330        0.000100        0.004435        0.039899
     331        0.000100        0.004431        0.039784
     332        0.000100        0.004406        0.039742
     333        0.000100        0.004421        0.039745
     334        0.000100        0.004414        0.039642
     335        0.000100        0.004383        0.039619
     336        0.000100        0.004407        0.039607
     337        0.000100        0.004375        0.039507
     338        0.000100        0.004388        0.039551
     339        0.000100        0.004376        0.039437
     340        0.000100        0.004368        0.039446
     341        0.000100        0.004365        0.039396
     342        0.000100        0.004373        0.039360
     343        0.000100        0.004341        0.039314
     344        0.000100        0.004366        0.039323
     345        0.000100        0.004346        0.039216
     346        0.000100        0.004340        0.039257
     347        0.000100        0.004347        0.039161
     348        0.000100        0.004327        0.039128
     349        0.000100        0.004329        0.039131
     350        0.000100        0.004340        0.039043
     351        0.000100        0.004302        0.039004
     352        0.000100        0.004325        0.039018
     353        0.000100        0.004303        0.038909
     354        0.000100        0.004301        0.038931
     355        0.000100        0.004298        0.038858
     356        0.000100        0.004292        0.038832
     357        0.000100        0.004279        0.038791
     358        0.000100        0.004292        0.038773
     359        0.000100        0.004267        0.038711
     360        0.000100        0.004278        0.038713
     361        0.000100        0.004265        0.038648
     362        0.000100        0.004267        0.038650
     363        0.000100        0.004257        0.038591
     364        0.000100        0.004260        0.038588
     365        0.000100        0.004248        0.038535
     366        0.000100        0.004252        0.038530
     367        0.000100        0.004236        0.038481
     368        0.000100        0.004245        0.038476
     369        0.000100        0.004229        0.038430
     370        0.000100        0.004232        0.038426
     371        0.000100        0.004214        0.038382
     372        0.000100        0.004255        0.038405
     373        0.000100        0.004213        0.038338
     374        0.000100        0.004224        0.038377
     375        0.000100        0.004234        0.038353
     376        0.000100        0.004275        0.038407
     377        0.000100        0.004230        0.038362
     378        0.000100        0.004288        0.038491
     379        0.000100        0.004274        0.038431
     380        0.000100        0.004329        0.038552
     381        0.000100        0.004295        0.038488
     382        0.000100        0.004357        0.038600
     383        0.000100        0.004325        0.038523
     384        0.000100        0.004366        0.038599
     385        0.000100        0.004330        0.038528
     386        0.000100        0.004361        0.038563
     387        0.000100        0.004325        0.038489
     388        0.000100        0.004334        0.038504
     389        0.000100        0.004306        0.038429
     390        0.000100        0.004318        0.038434
     391        0.000100        0.004277        0.038352
     392        0.000100        0.004285        0.038361
     393        0.000100        0.004278        0.038279
     394        0.000100        0.004272        0.038280
     395        0.000100        0.004226        0.038204
     396        0.000100        0.004264        0.038217
     397        0.000100        0.004239        0.038123
     398        0.000100        0.004239        0.038152
     399        0.000100        0.004215        0.038070
     400        0.000100        0.004248        0.038096
     401        0.000100        0.004213        0.038015
     402        0.000100        0.004228        0.038050
     403        0.000100        0.004213        0.037980
     404        0.000100        0.004240        0.038004
     405        0.000100        0.004199        0.037935
     406        0.000100        0.004227        0.037971
     407        0.000100        0.004217        0.037902
     408        0.000100        0.004235        0.037939
     409        0.000100        0.004193        0.037877
     410        0.000100        0.004242        0.037924
     411        0.000100        0.004220        0.037852
     412        0.000100        0.004233        0.037902
     413        0.000100        0.004208        0.037847
     414        0.000100        0.004257        0.037888
     415        0.000100        0.004221        0.037825
     416        0.000100        0.004240        0.037872
     417        0.000100        0.004226        0.037821
     418        0.000100        0.004262        0.037851
     419        0.000100        0.004218        0.037791
     420        0.000100        0.004245        0.037836
     421        0.000100        0.004234        0.037763
     422        0.000100        0.004256        0.037809
     423        0.000100        0.004208        0.037729
     424        0.000100        0.004248        0.037771
     425        0.000100        0.004229        0.037699
     426        0.000100        0.004235        0.037722
     427        0.000100        0.004202        0.037673
     428        0.000100        0.004247        0.037694
     429        0.000100        0.004214        0.037626
     430        0.000100        0.004219        0.037650
     431        0.000100        0.004202        0.037599
     432        0.000100        0.004238        0.037616
     433        0.000100        0.004193        0.037546
     434        0.000100        0.004211        0.037577
     435        0.000100        0.004199        0.037519
     436        0.000100        0.004221        0.037531
     437        0.000100        0.004174        0.037469
     438        0.000100        0.004206        0.037496
     439        0.000100        0.004189        0.037428
     440        0.000100        0.004201        0.037445
     441        0.000100        0.004158        0.037382
     442        0.000100        0.004202        0.037410
     443        0.000100        0.004170        0.037321
     444        0.000100        0.004180        0.037359
     445        0.000100        0.004149        0.037281
     446        0.000100        0.004195        0.037316
     447        0.000100        0.004148        0.037228
     448        0.000100        0.004165        0.037267
     449        0.000100        0.004143        0.037187
     450        0.000100        0.004177        0.037202
     451        0.000100        0.004123        0.037122
     452        0.000100        0.004151        0.037158
     453        0.000100        0.004131        0.037076
     454        0.000100        0.004156        0.037099
     455        0.000100        0.004101        0.037021
     456        0.000100        0.004145        0.037066
     457        0.000100        0.004115        0.036973
     458        0.000100        0.004136        0.037012
     459        0.000100        0.004090        0.036936
     460        0.000100        0.004140        0.036981
     461        0.000100        0.004099        0.036888
     462        0.000100        0.004121        0.036937
     463        0.000100        0.004084        0.036864
     464        0.000100        0.004135        0.036908
     465        0.000100        0.004082        0.036811
     466        0.000100        0.004112        0.036879
     467        0.000100        0.004079        0.036786
     468        0.000100        0.004127        0.036857
     469        0.000100        0.004065        0.036729
     470        0.000100        0.004104        0.036815
     471        0.000100        0.004075        0.036723
     472        0.000100        0.004110        0.036765
     473        0.000100        0.004052        0.036679
     474        0.000100        0.004098        0.036752
     475        0.000100        0.004067        0.036657
     476        0.000100        0.004094        0.036698
     477        0.000100        0.004044        0.036620
     478        0.000100        0.004091        0.036685
     479        0.000100        0.004056        0.036586
     480        0.000100        0.004077        0.036626
     481        0.000100        0.004041        0.036565
     482        0.000100        0.004084        0.036619
     483        0.000100        0.004048        0.036525
     484        0.000100        0.004059        0.036558
     485        0.000100        0.004042        0.036521
     486        0.000100        0.004076        0.036547
     487        0.000100        0.004040        0.036463
     488        0.000100        0.004043        0.036488
     489        0.000100        0.004047        0.036470
     490        0.000100        0.004063        0.036464
     491        0.000100        0.004026        0.036390
     492        0.000100        0.004036        0.036417
     493        0.000100        0.004045        0.036415
     494        0.000100        0.004053        0.036380
     495        0.000100        0.004008        0.036314
     496        0.000100        0.004037        0.036368
     497        0.000100        0.004036        0.036328
     498        0.000100        0.004026        0.036297
     499        0.000100        0.004027        0.036258
     500        0.000100        0.003990        0.036191
     501        0.000100        0.004008        0.036206
     502        0.000100        0.004012        0.036170
     503        0.000100        0.003971        0.036096
     504        0.000100        0.004007        0.036137
     505        0.000100        0.003969        0.036049
     506        0.000100        0.003986        0.036065
     507        0.000100        0.003972        0.036019
     508        0.000100        0.003971        0.036016
     509        0.000100        0.003971        0.036005
     510        0.000100        0.003972        0.035971
     511        0.000100        0.003949        0.035967
     512        0.000100        0.003980        0.035958
     513        0.000100        0.003940        0.035909
     514        0.000100        0.003962        0.035939
     515        0.000100        0.003951        0.035868
     516        0.000100        0.003936        0.035893
     517        0.000100        0.003959        0.035895
     518        0.000100        0.003950        0.035844
     519        0.000100        0.003928        0.035871
     520        0.000100        0.003955        0.035837
     521        0.000100        0.003929        0.035835
     522        0.000100        0.003955        0.035869
     523        0.000100        0.003940        0.035809
     524        0.000100        0.003920        0.035800
     525        0.000100        0.003953        0.035893
     526        0.000100        0.003953        0.035802
     527        0.000100        0.003917        0.035805
     528        0.000100        0.003952        0.035841
     529        0.000100        0.003932        0.035783
     530        0.000100        0.003936        0.035826
     531        0.000100        0.003951        0.035818
     532        0.000100        0.003923        0.035726
     533        0.000100        0.003930        0.035828
     534        0.000100        0.003957        0.035781
     535        0.000100        0.003919        0.035721
     536        0.000100        0.003938        0.035771
     537        0.000100        0.003938        0.035725
     538        0.000100        0.003924        0.035709
     539        0.000100        0.003939        0.035736
     540        0.000100        0.003939        0.035674
     541        0.000100        0.003910        0.035663
     542        0.000100        0.003943        0.035681
     543        0.000100        0.003926        0.035637
     544        0.000100        0.003921        0.035618
     545        0.000100        0.003928        0.035614
     546        0.000100        0.003923        0.035561
     547        0.000100        0.003913        0.035589
     548        0.000100        0.003933        0.035519
     549        0.000100        0.003902        0.035503
     550        0.000100        0.003914        0.035465
     551        0.000100        0.003921        0.035455
     552        0.000100        0.003920        0.035398
     553        0.000100        0.003899        0.035381
     554        0.000100        0.003941        0.035351
     555        0.000100        0.003948        0.035383
     556        0.000100        0.003978        0.035374
     557        0.000100        0.003951        0.035356
     558        0.000100        0.004007        0.035425
     559        0.000100        0.004044        0.035465
     560        0.000100        0.004036        0.035443
     561        0.000100        0.004076        0.035514
     562        0.000100        0.004106        0.035525
     563        0.000100        0.004124        0.035529
     564        0.000100        0.004115        0.035513
     565        0.000100        0.004130        0.035491
     566        0.000100        0.004107        0.035435
     567        0.000100        0.004091        0.035389
     568        0.000100        0.004081        0.035345
     569        0.000100        0.004066        0.035302
     570        0.000100        0.004047        0.035264
     571        0.000100        0.004042        0.035236
     572        0.000100        0.004036        0.035207
     573        0.000100        0.004014        0.035178
     574        0.000100        0.004007        0.035153
     575        0.000100        0.004029        0.035160
     576        0.000100        0.003992        0.035108
     577        0.000100        0.003965        0.035095
     578        0.000100        0.004004        0.035095
     579        0.000100        0.003991        0.035088
     580        0.000100        0.003959        0.035036
     581        0.000100        0.003967        0.035055
     582        0.000100        0.003975        0.035034
     583        0.000100        0.003955        0.035027
     584        0.000100        0.003952        0.035001
     585        0.000100        0.003956        0.035018
     586        0.000100        0.003955        0.034990
     587        0.000100        0.003935        0.034985
     588        0.000100        0.003948        0.034984
     589        0.000100        0.003951        0.034994
     590        0.000100        0.003937        0.034953
     591        0.000100        0.003921        0.034971
     592        0.000100        0.003958        0.034971
     593        0.000100        0.003941        0.034968
     594        0.000100        0.003920        0.034926
     595        0.000100        0.003933        0.034965
     596        0.000100        0.003960        0.034954
     597        0.000100        0.003926        0.034931
     598        0.000100        0.003932        0.034924
     599        0.000100        0.003954        0.034964
     600        0.000100        0.003956        0.034926
     601        0.000100        0.003933        0.034930
     602        0.000100        0.003965        0.034938
     603        0.000100        0.003971        0.034956
     604        0.000100        0.003983        0.034943
     605        0.000100        0.003961        0.034935
     606        0.000100        0.004001        0.034975
     607        0.000100        0.004036        0.035021
     608        0.000100        0.003995        0.034939
     609        0.000100        0.004025        0.035027
     610        0.000100        0.004055        0.035043
     611        0.000100        0.004050        0.035038
     612        0.000100        0.004057        0.035043
     613        0.000100        0.004043        0.035045
     614        0.000100        0.004069        0.035064
     615        0.000100        0.004069        0.035072
     616        0.000100        0.004037        0.035001
     617        0.000100        0.004054        0.035056
     618        0.000100        0.004054        0.034993
     619        0.000100        0.004022        0.034976
     620        0.000100        0.004011        0.034927
     621        0.000100        0.004003        0.034937
     622        0.000100        0.004001        0.034887
     623        0.000100        0.003962        0.034859
     624        0.000100        0.003945        0.034813
     625        0.000100        0.003969        0.034859
     626        0.000100        0.003943        0.034767
     627        0.000100        0.003898        0.034756
     628        0.000100        0.003922        0.034745
     629        0.000100        0.003904        0.034757
     630        0.000100        0.003909        0.034722
     631        0.000100        0.003874        0.034685
     632        0.000100        0.003876        0.034693
     633        0.000100        0.003906        0.034760
     634        0.000100        0.003865        0.034618
     635        0.000100        0.003853        0.034641
     636        0.000100        0.003897        0.034717
     637        0.000100        0.003858        0.034606
     638        0.000100        0.003863        0.034617
     639        0.000100        0.003880        0.034647
     640        0.000100        0.003857        0.034560
     641        0.000100        0.003865        0.034614
     642        0.000100        0.003872        0.034551
     643        0.000100        0.003854        0.034528
     644        0.000100        0.003870        0.034551
     645        0.000100        0.003869        0.034512
     646        0.000100        0.003855        0.034470
     647        0.000100        0.003883        0.034525
     648        0.000100        0.003881        0.034449
     649        0.000100        0.003877        0.034475
     650        0.000100        0.003906        0.034471
     651        0.000100        0.003905        0.034475
     652        0.000100        0.003917        0.034466
     653        0.000100        0.003939        0.034496
     654        0.000100        0.003942        0.034479
     655        0.000100        0.003959        0.034519
     656        0.000100        0.003963        0.034499
     657        0.000100        0.003973        0.034528
     658        0.000100        0.003962        0.034498
     659        0.000100        0.003971        0.034508
     660        0.000100        0.003949        0.034470
     661        0.000100        0.003958        0.034484
     662        0.000100        0.003934        0.034421
     663        0.000100        0.003923        0.034427
     664        0.000100        0.003904        0.034369
     665        0.000100        0.003906        0.034383
     666        0.000100        0.003879        0.034313
     667        0.000100        0.003854        0.034310
     668        0.000100        0.003859        0.034266
     669        0.000100        0.003852        0.034274
     670        0.000100        0.003822        0.034204
     671        0.000100        0.003803        0.034204
     672        0.000100        0.003827        0.034189
     673        0.000100        0.003803        0.034186
     674        0.000100        0.003787        0.034142
     675        0.000100        0.003777        0.034155
     676        0.000100        0.003798        0.034146
     677        0.000100        0.003770        0.034138
     678        0.000100        0.003773        0.034116
     679        0.000100        0.003761        0.034124
     680        0.000100        0.003779        0.034117
     681        0.000100        0.003755        0.034112
     682        0.000100        0.003762        0.034093
     683        0.000100        0.003761        0.034105
     684        0.000100        0.003765        0.034095
     685        0.000100        0.003754        0.034097
     686        0.000100        0.003758        0.034076
     687        0.000100        0.003757        0.034105
     688        0.000100        0.003773        0.034086
     689        0.000100        0.003749        0.034092
     690        0.000100        0.003741        0.034057
     691        0.000100        0.003778        0.034116
     692        0.000100        0.003771        0.034086
     693        0.000100        0.003734        0.034060
     694        0.000100        0.003761        0.034047
     695        0.000100        0.003763        0.034103
     696        0.000100        0.003771        0.034029
     697        0.000100        0.003769        0.034038
     698        0.000100        0.003755        0.034059
     699        0.000100        0.003778        0.033997
     700        0.000100        0.003777        0.034047
     701        0.000100        0.003756        0.033976
     702        0.000100        0.003760        0.033985
     703        0.000100        0.003755        0.033971
     704        0.000100        0.003755        0.033965
     705        0.000100        0.003753        0.033955
     706        0.000100        0.003753        0.033953
     707        0.000100        0.003752        0.033939
     708        0.000100        0.003750        0.033935
     709        0.000100        0.003751        0.033932
     710        0.000100        0.003749        0.033917
     711        0.000100        0.003741        0.033923
     712        0.000100        0.003750        0.033910
     713        0.000100        0.003732        0.033908
     714        0.000100        0.003739        0.033901
     715        0.000100        0.003726        0.033898
     716        0.000100        0.003735        0.033898
     717        0.000100        0.003718        0.033887
     718        0.000100        0.003729        0.033897
     719        0.000100        0.003717        0.033892
     720        0.000100        0.003728        0.033902
     721        0.000100        0.003708        0.033896
     722        0.000100        0.003733        0.033916
     723        0.000100        0.003718        0.033915
     724        0.000100        0.003738        0.033934
     725        0.000100        0.003702        0.033939
     726        0.000100        0.003778        0.034011
     727        0.000100        0.003731        0.033974
     728        0.000100        0.003770        0.034052
     729        0.000100        0.003748        0.034046
     730        0.000100        0.003806        0.034124
     731        0.000100        0.003773        0.034089
     732        0.000100        0.003814        0.034184
     733        0.000100        0.003793        0.034140
     734        0.000100        0.003842        0.034239
     735        0.000100        0.003806        0.034182
     736        0.000100        0.003847        0.034265
     737        0.000100        0.003814        0.034217
     738        0.000100        0.003855        0.034276
     739        0.000100        0.003802        0.034213
     740        0.000100        0.003844        0.034275
     741        0.000100        0.003799        0.034200
     742        0.000100        0.003827        0.034241
     743        0.000100        0.003767        0.034170
     744        0.000100        0.003812        0.034216
     745        0.000100        0.003767        0.034133
     746        0.000100        0.003777        0.034165
     747        0.000100        0.003740        0.034109
     748        0.000100        0.003780        0.034129
     749        0.000100        0.003736        0.034068
     750        0.000100        0.003745        0.034094
     751        0.000100        0.003728        0.034063
     752        0.000100        0.003757        0.034077
     753        0.000100        0.003713        0.034038
     754        0.000100        0.003737        0.034068
     755        0.000100        0.003722        0.034056
     756        0.000100        0.003745        0.034071
     757        0.000100        0.003703        0.034026
     758        0.000100        0.003735        0.034062
     759        0.000100        0.003723        0.034061
     760        0.000100        0.003735        0.034037
     761        0.000100        0.003705        0.034041
     762        0.000100        0.003738        0.034054
     763        0.000100        0.003726        0.034059
     764        0.000100        0.003730        0.034033
     765        0.000100        0.003715        0.034059
     766        0.000100        0.003752        0.034074
     767        0.000100        0.003732        0.034074
     768        0.000100        0.003742        0.034086
     769        0.000100        0.003740        0.034133
     770        0.000100        0.003791        0.034195
     771        0.000100        0.003757        0.034178
     772        0.000100        0.003807        0.034300
     773        0.000100        0.003801        0.034319
     774        0.000100        0.003873        0.034415
     775        0.000100        0.003835        0.034375
     776        0.000100        0.003916        0.034513
     777        0.000100        0.003880        0.034433
     778        0.000100        0.003962        0.034538
     779        0.000100        0.003902        0.034420
     780        0.000100        0.003975        0.034555
     781        0.000100        0.003913        0.034405
     782        0.000100        0.003960        0.034486
     783        0.000100        0.003891        0.034379
     784        0.000100        0.003928        0.034420
     785        0.000100        0.003871        0.034329
     786        0.000100        0.003889        0.034364
     787        0.000100        0.003836        0.034289
     788        0.000100        0.003875        0.034322
     789        0.000100        0.003812        0.034239
     790        0.000100        0.003837        0.034284
     791        0.000100        0.003799        0.034211
     792        0.000100        0.003839        0.034252
     793        0.000100        0.003769        0.034175
     794        0.000100        0.003811        0.034235
     795        0.000100        0.003779        0.034160
     796        0.000100        0.003810        0.034204
     797        0.000100        0.003755        0.034137
     798        0.000100        0.003802        0.034205
     799        0.000100        0.003764        0.034135
     800        0.000100        0.003797        0.034187
     801        0.000100        0.003750        0.034124
     802        0.000100        0.003802        0.034195
     803        0.000100        0.003757        0.034110
     804        0.000100        0.003796        0.034193
     805        0.000100        0.003750        0.034098
     806        0.000100        0.003806        0.034192
     807        0.000100        0.003760        0.034101
     808        0.000100        0.003793        0.034159
     809        0.000100        0.003758        0.034103
     810        0.000100        0.003815        0.034160
     811        0.000100        0.003765        0.034081
     812        0.000100        0.003796        0.034130
     813        0.000100        0.003775        0.034096
     814        0.000100        0.003822        0.034128
     815        0.000100        0.003770        0.034047
     816        0.000100        0.003809        0.034101
     817        0.000100        0.003785        0.034058
     818        0.000100        0.003823        0.034079
     819        0.000100        0.003776        0.034008
     820        0.000100        0.003815        0.034050
     821        0.000100        0.003791        0.034006
     822        0.000100        0.003816        0.034006
     823        0.000100        0.003776        0.033957
     824        0.000100        0.003807        0.033974
     825        0.000100        0.003789        0.033937
     826        0.000100        0.003797        0.033919
     827        0.000100        0.003761        0.033871
     828        0.000100        0.003795        0.033905
     829        0.000100        0.003783        0.033859
     830        0.000100        0.003759        0.033811
     831        0.000100        0.003747        0.033805
     832        0.000100        0.003783        0.033815
     833        0.000100        0.003755        0.033783
     834        0.000100        0.003736        0.033727
     835        0.000100        0.003729        0.033724
     836        0.000100        0.003765        0.033742
     837        0.000100        0.003728        0.033696
     838        0.000100        0.003711        0.033637
     839        0.000100        0.003723        0.033661
     840        0.000100        0.003730        0.033633
     841        0.000100        0.003716        0.033624
     842        0.000100        0.003701        0.033584
     843        0.000100        0.003672        0.033532
     844        0.000100        0.003729        0.033604
     845        0.000100        0.003682        0.033538
     846        0.000100        0.003690        0.033517
     847        0.000100        0.003689        0.033528
     848        0.000100        0.003689        0.033505
     849        0.000100        0.003683        0.033498
     850        0.000100        0.003694        0.033498
     851        0.000100        0.003666        0.033460
     852        0.000100        0.003690        0.033486
     853        0.000100        0.003686        0.033473
     854        0.000100        0.003678        0.033466
     855        0.000100        0.003670        0.033444
     856        0.000100        0.003716        0.033523
     857        0.000100        0.003651        0.033428
     858        0.000100        0.003712        0.033517
     859        0.000100        0.003668        0.033453
     860        0.000100        0.003717        0.033541
     861        0.000100        0.003664        0.033432
     862        0.000100        0.003738        0.033575
     863        0.000100        0.003660        0.033429
     864        0.000100        0.003706        0.033513
     865        0.000100        0.003684        0.033475
     866        0.000100        0.003691        0.033477
     867        0.000100        0.003688        0.033497
     868        0.000100        0.003690        0.033509
     869        0.000100        0.003681        0.033489
     870        0.000100        0.003712        0.033578
     871        0.000100        0.003667        0.033507
     872        0.000100        0.003704        0.033598
     873        0.000100        0.003688        0.033580
     874        0.000100        0.003691        0.033612
     875        0.000100        0.003675        0.033616
     876        0.000100        0.003701        0.033710
     877        0.000100        0.003651        0.033583
     878        0.000100        0.003713        0.033793
     879        0.000100        0.003631        0.033649
     880        0.000100        0.003676        0.033767
     881        0.000100        0.003650        0.033705
     882        0.000100        0.003680        0.033756
     883        0.000100        0.003651        0.033766
     884        0.000100        0.003671        0.033733
     885        0.000100        0.003675        0.033729
     886        0.000100        0.003691        0.033714
     887        0.000100        0.003674        0.033691
     888        0.000100        0.003703        0.033660
     889        0.000100        0.003716        0.033682
     890        0.000100        0.003718        0.033670
     891        0.000100        0.003727        0.033666
     892        0.000100        0.003761        0.033681
     893        0.000100        0.003761        0.033695
     894        0.000100        0.003757        0.033671
     895        0.000100        0.003786        0.033684
     896        0.000100        0.003783        0.033686
     897        0.000100        0.003763        0.033658
     898        0.000100        0.003771        0.033639
     899        0.000100        0.003771        0.033654
     900        0.000100        0.003749        0.033613
     901        0.000100        0.003744        0.033631
     902        0.000100        0.003751        0.033618
     903        0.000100        0.003730        0.033649
     904        0.000100        0.003721        0.033642
     905        0.000100        0.003734        0.033705
     906        0.000100        0.003737        0.033761
     907        0.000100        0.003696        0.033826
     908        0.000100        0.003729        0.033922
     909        0.000100        0.003738        0.034092
     910        0.000100        0.003726        0.034186
     911        0.000100        0.003712        0.034288
     912        0.000100        0.003745        0.034253
     913        0.000100        0.003710        0.034147
     914        0.000100        0.003706        0.033907
     915        0.000100        0.003682        0.033689
     916        0.000100        0.003704        0.033485
     917        0.000100        0.003662        0.033320
     918        0.000100        0.003690        0.033237
     919        0.000100        0.003668        0.033160
     920        0.000100        0.003699        0.033158
     921        0.000100        0.003660        0.033105
     922        0.000100        0.003700        0.033135
     923        0.000100        0.003671        0.033088
     924        0.000100        0.003698        0.033116
     925        0.000100        0.003659        0.033066
     926        0.000100        0.003700        0.033100
     927        0.000100        0.003667        0.033066
     928        0.000100        0.003686        0.033082
     929        0.000100        0.003660        0.033074
     930        0.000100        0.003701        0.033103
     931        0.000100        0.003674        0.033123
     932        0.000100        0.003685        0.033121
     933        0.000100        0.003690        0.033184
     934        0.000100        0.003732        0.033183
     935        0.000100        0.003712        0.033229
     936        0.000100        0.003737        0.033210
     937        0.000100        0.003781        0.033293
     938        0.000100        0.003809        0.033289
     939        0.000100        0.003809        0.033319
     940        0.000100        0.003839        0.033307
     941        0.000100        0.003890        0.033366
     942        0.000100        0.003882        0.033337
     943        0.000100        0.003901        0.033349
     944        0.000100        0.003909        0.033327
     945        0.000100        0.003922        0.033337
     946        0.000100        0.003906        0.033298
     947        0.000100        0.003913        0.033311
     948        0.000100        0.003913        0.033303
     949        0.000100        0.003906        0.033329
     950        0.000100        0.003899        0.033343
     951        0.000100        0.003912        0.033413
     952        0.000100        0.003910        0.033436
     953        0.000100        0.003888        0.033501
     954        0.000100        0.003906        0.033556
     955        0.000100        0.003926        0.033629
     956        0.000100        0.003893        0.033645
     957        0.000100        0.003878        0.033692
     958        0.000100        0.003923        0.033764
     959        0.000100        0.003904        0.033766
     960        0.000100        0.003887        0.033806
     961        0.000100        0.003889        0.033824
     962        0.000100        0.003909        0.033882
     963        0.000100        0.003883        0.033862
     964        0.000100        0.003889        0.033902
     965        0.000100        0.003884        0.033907
     966        0.000100        0.003896        0.033935
     967        0.000100        0.003871        0.033922
     968        0.000100        0.003885        0.033953
     969        0.000100        0.003882        0.033962
     970        0.000100        0.003881        0.033969
     971        0.000100        0.003864        0.033969
     972        0.000100        0.003883        0.033990
     973        0.000100        0.003889        0.033995
     974        0.000100        0.003860        0.033985
     975        0.000100        0.003860        0.033992
     976        0.000100        0.003904        0.034042
     977        0.000100        0.003875        0.033995
     978        0.000100        0.003868        0.034006
     979        0.000100        0.003883        0.034016
     980        0.000100        0.003911        0.034061
     981        0.000100        0.003872        0.034007
     982        0.000100        0.003920        0.034050
     983        0.000100        0.003926        0.034062
     984        0.000100        0.003913        0.034050
     985        0.000100        0.003968        0.034088
     986        0.000100        0.003976        0.034145
     987        0.000100        0.003975        0.034098
     988        0.000100        0.004031        0.034229
     989        0.000100        0.004026        0.034216
     990        0.000100        0.004052        0.034284
     991        0.000100        0.004071        0.034321
     992        0.000100        0.004076        0.034370
     993        0.000100        0.004096        0.034380
     994        0.000100        0.004098        0.034439
     995        0.000100        0.004099        0.034398
     996        0.000100        0.004090        0.034448
     997        0.000100        0.004084        0.034366
     998        0.000100        0.004066        0.034399
     999        0.000100        0.004048        0.034290
    1000        0.000100        0.004031        0.034327
    1001        0.000100        0.004017        0.034225
    1002        0.000100        0.004004        0.034251
    1003        0.000100        0.003963        0.034123
    1004        0.000100        0.003967        0.034160
    1005        0.000100        0.003950        0.034054
    1006        0.000100        0.003934        0.034071
    1007        0.000100        0.003891        0.033956
    1008        0.000100        0.003924        0.034006
    1009        0.000100        0.003896        0.033905
    1010        0.000100        0.003877        0.033889
    1011        0.000100        0.003856        0.033832
    1012        0.000100        0.003886        0.033856
    1013        0.000100        0.003852        0.033783
    1014        0.000100        0.003850        0.033770
    1015        0.000100        0.003836        0.033737
    1016        0.000100        0.003854        0.033735
    1017        0.000100        0.003827        0.033688
    1018        0.000100        0.003826        0.033671
    1019        0.000100        0.003829        0.033665
    1020        0.000100        0.003835        0.033662
    1021        0.000100        0.003807        0.033619
    1022        0.000100        0.003821        0.033617
    1023        0.000100        0.003828        0.033638
    1024        0.000100        0.003811        0.033597
    1025        0.000100        0.003813        0.033597
    1026        0.000100        0.003844        0.033586
    1027        0.000100        0.003806        0.033540
    1028        0.000100        0.003855        0.033577
    1029        0.000100        0.003852        0.033556
    1030        0.000100        0.003835        0.033497
    1031        0.000100        0.003855        0.033515
    1032        0.000100        0.003852        0.033490
    1033        0.000100        0.003853        0.033478
    1034        0.000100        0.003867        0.033481
    1035        0.000100        0.003864        0.033467
    1036        0.000100        0.003880        0.033475
    1037        0.000100        0.003887        0.033470
    1038        0.000100        0.003892        0.033465
    1039        0.000100        0.003907        0.033476
    1040        0.000100        0.003903        0.033455
    1041        0.000100        0.003914        0.033457
    1042        0.000100        0.003907        0.033423
    1043        0.000100        0.003906        0.033408
    1044        0.000100        0.003893        0.033370
    1045        0.000100        0.003889        0.033338
    1046        0.000100        0.003870        0.033292
    1047        0.000100        0.003862        0.033241
    1048        0.000100        0.003845        0.033177
    1049        0.000100        0.003826        0.033126
    1050        0.000100        0.003815        0.033058
    1051        0.000100        0.003798        0.033013
    1052        0.000100        0.003785        0.032947
    1053        0.000100        0.003760        0.032909
    1054        0.000100        0.003764        0.032859
    1055        0.000100        0.003738        0.032833
    1056        0.000100        0.003730        0.032783
    1057        0.000100        0.003704        0.032767
    1058        0.000100        0.003735        0.032758
    1059        0.000100        0.003690        0.032721
    1060        0.000100        0.003695        0.032716
    1061        0.000100        0.003680        0.032699
    1062        0.000100        0.003710        0.032726
    1063        0.000100        0.003672        0.032701
    1064        0.000100        0.003685        0.032721
    1065        0.000100        0.003685        0.032738
    1066        0.000100        0.003699        0.032760
    1067        0.000100        0.003677        0.032770
    1068        0.000100        0.003690        0.032788
    1069        0.000100        0.003705        0.032829
    1070        0.000100        0.003700        0.032830
    1071        0.000100        0.003681        0.032850
    1072        0.000100        0.003712        0.032886
    1073        0.000100        0.003718        0.032896
    1074        0.000100        0.003703        0.032902
    1075        0.000100        0.003701        0.032998
    1076        0.000100        0.003712        0.032901
    1077        0.000100        0.003713        0.032929
    1078        0.000100        0.003726        0.033126
    1079        0.000100        0.003686        0.032897
    1080        0.000100        0.003713        0.033013
    1081        0.000100        0.003697        0.033016
    1082        0.000100        0.003688        0.032965
    1083        0.000100        0.003694        0.033031
    1084        0.000100        0.003687        0.033006
    1085        0.000100        0.003684        0.032985
    1086        0.000100        0.003694        0.033022
    1087        0.000100        0.003680        0.032958
    1088        0.000100        0.003696        0.032990
    1089        0.000100        0.003686        0.032937
    1090        0.000100        0.003696        0.032946
    1091        0.000100        0.003691        0.032903
    1092        0.000100        0.003697        0.032898
    1093        0.000100        0.003691        0.032862
    1094        0.000100        0.003693        0.032839
    1095        0.000100        0.003687        0.032802
    1096        0.000100        0.003689        0.032796
    1097        0.000100        0.003674        0.032742
    1098        0.000100        0.003683        0.032743
    1099        0.000100        0.003666        0.032695
    1100        0.000100        0.003675        0.032708
    1101        0.000100        0.003652        0.032646
    1102        0.000100        0.003676        0.032680
    1103        0.000100        0.003647        0.032622
    1104        0.000100        0.003669        0.032661
    1105        0.000100        0.003642        0.032607
    1106        0.000100        0.003689        0.032663
    1107        0.000100        0.003642        0.032605
    1108        0.000100        0.003688        0.032678
    1109        0.000100        0.003667        0.032632
    1110        0.000100        0.003727        0.032730
    1111        0.000100        0.003673        0.032666
    1112        0.000100        0.003748        0.032793
    1113        0.000100        0.003718        0.032725
    1114        0.000100        0.003783        0.032852
    1115        0.000100        0.003737        0.032787
    1116        0.000100        0.003810        0.032916
    1117        0.000100        0.003771        0.032843
    1118        0.000100        0.003830        0.032970
    1119        0.000100        0.003781        0.032889
    1120        0.000100        0.003842        0.033020
    1121        0.000100        0.003795        0.032934
    1122        0.000100        0.003833        0.033055
    1123        0.000100        0.003786        0.032981
    1124        0.000100        0.003835        0.033092
    1125        0.000100        0.003779        0.033015
    1126        0.000100        0.003810        0.033135
    1127        0.000100        0.003775        0.033055
    1128        0.000100        0.003812        0.033176
    1129        0.000100        0.003751        0.033089
    1130        0.000100        0.003791        0.033223
    1131        0.000100        0.003765        0.033127
    1132        0.000100        0.003785        0.033253
    1133        0.000100        0.003739        0.033168
    1134        0.000100        0.003782        0.033293
    1135        0.000100        0.003757        0.033212
    1136        0.000100        0.003766        0.033318
    1137        0.000100        0.003742        0.033240
    1138        0.000100        0.003779        0.033353
    1139        0.000100        0.003753        0.033283
    1140        0.000100        0.003759        0.033373
    1141        0.000100        0.003759        0.033341
    1142        0.000100        0.003779        0.033411
    1143        0.000100        0.003755        0.033370
    1144        0.000100        0.003764        0.033448
    1145        0.000100        0.003779        0.033413
    1146        0.000100        0.003784        0.033498
    1147        0.000100        0.003756        0.033432
    1148        0.000100        0.003789        0.033539
    1149        0.000100        0.003788        0.033482
    1150        0.000100        0.003789        0.033580
    1151        0.000100        0.003768        0.033509
    1152        0.000100        0.003803        0.033615
    1153        0.000100        0.003787        0.033551
    1154        0.000100        0.003784        0.033647
    1155        0.000100        0.003775        0.033561
    1156        0.000100        0.003816        0.033706
    1157        0.000100        0.003778        0.033594
    1158        0.000100        0.003816        0.033761
    1159        0.000100        0.003816        0.033668
    1160        0.000100        0.003879        0.033898
    1161        0.000100        0.003851        0.033785
    1162        0.000100        0.003949        0.034062
    1163        0.000100        0.003908        0.033847
    1164        0.000100        0.004008        0.034079
    1165        0.000100        0.003942        0.033833
    1166        0.000100        0.004021        0.034002
    1167        0.000100        0.003957        0.033746
    1168        0.000100        0.003997        0.033844
    1169        0.000100        0.003931        0.033635
    1170        0.000100        0.003959        0.033700
    1171        0.000100        0.003903        0.033527
    1172        0.000100        0.003917        0.033590
    1173        0.000100        0.003875        0.033447
    1174        0.000100        0.003901        0.033514
    1175        0.000100        0.003840        0.033372
    1176        0.000100        0.003878        0.033458
    1177        0.000100        0.003837        0.033301
    1178        0.000100        0.003862        0.033391
    1179        0.000100        0.003797        0.033240
    1180        0.000100        0.003857        0.033326
    1181        0.000100        0.003799        0.033155
    1182        0.000100        0.003827        0.033226
    1183        0.000100        0.003775        0.033077
    1184        0.000100        0.003824        0.033124
    1185        0.000100        0.003762        0.032970
    1186        0.000100        0.003794        0.032996
    1187        0.000100        0.003747        0.032856
    1188        0.000100        0.003785        0.032865
    1189        0.000100        0.003724        0.032713
    1190        0.000100        0.003750        0.032717
    1191        0.000100        0.003721        0.032622
    1192        0.000100        0.003736        0.032623
    1193        0.000100        0.003696        0.032592
    1194        0.000100        0.003714        0.032640
    1195        0.000100        0.003719        0.032718
    1196        0.000100        0.003714        0.032836
    1197        0.000100        0.003695        0.032949
    1198        0.000100        0.003737        0.033120
    1199        0.000100        0.003741        0.033221
    1200        0.000100        0.003726        0.033353
    1201        0.000100        0.003722        0.033543
    1202        0.000100        0.003763        0.033496
    1203        0.000100        0.003747        0.033357
    1204        0.000100        0.003744        0.033682
    1205        0.000100        0.003729        0.033530
    1206        0.000100        0.003716        0.033094
    1207        0.000100        0.003736        0.033436
    1208        0.000100        0.003723        0.033177
    1209        0.000100        0.003701        0.032913
    1210        0.000100        0.003736        0.033148
    1211        0.000100        0.003705        0.032940
    1212        0.000100        0.003704        0.032791
    1213        0.000100        0.003734        0.033050
    1214        0.000100        0.003708        0.032785
    1215        0.000100        0.003713        0.032833
    1216        0.000100        0.003749        0.032968
    1217        0.000100        0.003711        0.032827
    1218        0.000100        0.003735        0.032869
    1219        0.000100        0.003758        0.033064
    1220        0.000100        0.003733        0.032884
    1221        0.000100        0.003762        0.033080
    1222        0.000100        0.003782        0.033061
    1223        0.000100        0.003758        0.033005
    1224        0.000100        0.003810        0.032935
    1225        0.000100        0.003796        0.032819
    1226        0.000100        0.003814        0.032721
    1227        0.000100        0.003848        0.032772
    1228        0.000100        0.003869        0.032952
    1229        0.000100        0.003890        0.033142
    1230        0.000100        0.003931        0.033371
    1231        0.000100        0.003909        0.033379
    1232        0.000100        0.003949        0.033465
    1233        0.000100        0.003902        0.033322
    1234        0.000100        0.003938        0.033359
    1235        0.000100        0.003879        0.033179
    1236        0.000100        0.003919        0.033218
    1237        0.000100        0.003856        0.033026
    1238        0.000100        0.003894        0.033071
    1239        0.000100        0.003832        0.032879
    1240        0.000100        0.003871        0.032909
    1241        0.000100        0.003813        0.032721
    1242        0.000100        0.003842        0.032741
    1243        0.000100        0.003801        0.032577
    1244        0.000100        0.003831        0.032586
    1245        0.000100        0.003787        0.032461
    1246        0.000100        0.003808        0.032458
    1247        0.000100        0.003809        0.032411
    1248        0.000100        0.003820        0.032404
    1249        0.000100        0.003780        0.032361
    1250        0.000100        0.003823        0.032385
    1251        0.000100        0.003824        0.032396
    1252        0.000100        0.003829        0.032392
    1253        0.000100        0.003812        0.032392
    1254        0.000100        0.003844        0.032415
    1255        0.000100        0.003836        0.032415
    1256        0.000100        0.003839        0.032419
    1257        0.000100        0.003839        0.032421
    1258        0.000100        0.003856        0.032436
    1259        0.000100        0.003843        0.032425
    1260        0.000100        0.003851        0.032444
    1261        0.000100        0.003864        0.032468
    1262        0.000100        0.003867        0.032508
    1263        0.000100        0.003858        0.032566
    1264        0.000100        0.003884        0.032660
    1265        0.000100        0.003900        0.032743
    1266        0.000100        0.003877        0.032809
    1267        0.000100        0.003892        0.032907
    1268        0.000100        0.003942        0.033017
    1269        0.000100        0.003913        0.033011
    1270        0.000100        0.003950        0.033172
    1271        0.000100        0.003936        0.033109
    1272        0.000100        0.004000        0.033311
    1273        0.000100        0.003951        0.033177
    1274        0.000100        0.004018        0.033416
    1275        0.000100        0.003969        0.033231
    1276        0.000100        0.004030        0.033462
    1277        0.000100        0.003973        0.033271
    1278        0.000100        0.004029        0.033482
    1279        0.000100        0.003973        0.033282
    1280        0.000100        0.004023        0.033487
    1281        0.000100        0.003965        0.033287
    1282        0.000100        0.004019        0.033489
    1283        0.000100        0.003960        0.033291
    1284        0.000100        0.004013        0.033497
    1285        0.000100        0.003956        0.033293
    1286        0.000100        0.004015        0.033505
    1287        0.000100        0.003955        0.033292
    1288        0.000100        0.004008        0.033518
    1289        0.000100        0.003957        0.033295
    1290        0.000100        0.004021        0.033511
    1291        0.000100        0.003959        0.033309
    1292        0.000100        0.004005        0.033506
    1293        0.000100        0.003987        0.033344
    1294        0.000100        0.004026        0.033491
    1295        0.000100        0.003973        0.033353
    1296        0.000100        0.004025        0.033520
    1297        0.000100        0.004019        0.033393
    1298        0.000100        0.004042        0.033513
    1299        0.000100        0.004017        0.033430
    1300        0.000100        0.004061        0.033550
    1301        0.000100        0.004064        0.033488
    1302        0.000100        0.004082        0.033599
    1303        0.000100        0.004069        0.033543
    1304        0.000100        0.004115        0.033666
    1305        0.000100        0.004113        0.033619
    1306        0.000100        0.004115        0.033717
    1307        0.000100        0.004120        0.033669
    1308        0.000100        0.004157        0.033774
    1309        0.000100        0.004130        0.033706
    1310        0.000100        0.004137        0.033800
    1311        0.000100        0.004150        0.033737
    1312        0.000100        0.004153        0.033802
    1313        0.000100        0.004114        0.033723
    1314        0.000100        0.004134        0.033786
    1315        0.000100        0.004130        0.033712
    1316        0.000100        0.004103        0.033778
    1317        0.000100        0.004085        0.033694
    1318        0.000100        0.004111        0.033771
    1319        0.000100        0.004068        0.033652
    1320        0.000100        0.004064        0.033747
    1321        0.000100        0.004056        0.033622
    1322        0.000100        0.004080        0.033714
    1323        0.000100        0.004025        0.033551
    1324        0.000100        0.004065        0.033677
    1325        0.000100        0.004032        0.033474
    1326        0.000100        0.004066        0.033602
    1327        0.000100        0.004015        0.033382
    1328        0.000100        0.004064        0.033506
    1329        0.000100        0.004017        0.033287
    1330        0.000100        0.004054        0.033392
    1331        0.000100        0.004005        0.033180
    1332        0.000100        0.004047        0.033264
    1333        0.000100        0.003998        0.033068
    1334        0.000100        0.004027        0.033119
    1335        0.000100        0.003985        0.032923
    1336        0.000100        0.004010        0.032924
    1337        0.000100        0.003963        0.032735
    1338        0.000100        0.003984        0.032673
    1339        0.000100        0.003948        0.032516
    1340        0.000100        0.003959        0.032441
    1341        0.000100        0.003924        0.032360
    1342        0.000100        0.003953        0.032378
    1343        0.000100        0.003944        0.032406
    1344        0.000100        0.003957        0.032507
    1345        0.000100        0.003956        0.032576
    1346        0.000100        0.004008        0.032719
    1347        0.000100        0.004019        0.032813
    1348        0.000100        0.004020        0.032893
    1349        0.000100        0.004050        0.032931
    1350        0.000100        0.004081        0.033019
    1351        0.000100        0.004080        0.033025
    1352        0.000100        0.004079        0.033033
    1353        0.000100        0.004106        0.033036
    1354        0.000100        0.004099        0.033050
    1355        0.000100        0.004087        0.033021
    1356        0.000100        0.004087        0.033002
