       0        0.000100  3299912.606688     1805.062134
       1        0.000100  3221136.460191     1783.248169
       2        0.000100  3080579.108280     1743.654663
       3        0.000100  2874490.773885     1683.927368
       4        0.000100  2603121.417197     1601.889282
       5        0.000100  2276010.021497     1497.033081
       6        0.000100  1910506.220541     1370.402832
       7        0.000100  1529504.146497     1224.521240
       8        0.000100  1158521.784634     1063.382568
       9        0.000100   822241.519506      892.479675
      10        0.000100   540776.407444      718.797546
      11        0.000100   326124.863654      550.648071
      12        0.000100   179711.787619      397.105408
      13        0.000100    92368.267914      268.564880
      14        0.000100    47754.391147      178.813889
      15        0.000100    28346.784435      133.062988
      16        0.000100    20777.121660      114.949966
      17        0.000100    17569.402816      106.055275
      18        0.000100    15627.409659      100.167915
      19        0.000100    13995.428254       94.963676
      20        0.000100    12458.295391       89.658089
      21        0.000100    10989.634722       84.211342
      22        0.000100     9599.424155       78.681931
      23        0.000100     8302.317719       73.114738
      24        0.000100     7111.838783       67.564232
      25        0.000100     6038.532174       62.102551
      26        0.000100     5088.778173       56.805161
      27        0.000100     4264.174092       51.784378
      28        0.000100     3561.399175       47.146980
      29        0.000100     2972.590198       42.971001
      30        0.000100     2486.206821       39.213501
      31        0.000100     2088.334942       35.874531
      32        0.000100     1764.212889       32.905613
      33        0.000100     1499.734033       30.254454
      34        0.000100     1282.334513       27.854269
      35        0.000100     1013.798361       24.628241
      36        0.000100      839.172279       22.134106
      37        0.000100      708.027760       20.160604
      38        0.000100      593.265034       18.417376
      39        0.000100      477.583928       16.403728
      40        0.000100      388.937691       14.850699
      41        0.000100      336.139169       13.756430
      42        0.000100      292.243235       12.893943
      43        0.000100      247.829845       11.972277
      44        0.000100      219.913352       11.312359
      45        0.000100      195.290485       10.702463
      46        0.000100      176.667546       10.197368
      47        0.000100      160.192025        9.730074
      48        0.000100      144.023028        9.250171
      49        0.000100      131.355826        8.829886
      50        0.000100      120.373981        8.443742
      51        0.000100      110.505478        8.078450
      52        0.000100      101.533655        7.732888
      53        0.000100       93.321813        7.403477
      54        0.000100       85.745913        7.085371
      55        0.000100       78.748868        6.777620
      56        0.000100       72.354774        6.484775
      57        0.000100       66.582896        6.209996
      58        0.000100       61.414007        5.952416
      59        0.000100       56.800863        5.712578
      60        0.000100       52.679860        5.489619
      61        0.000100       48.985099        5.285384
      62        0.000100       45.647054        5.095841
      63        0.000100       42.581071        4.917097
      64        0.000100       39.719668        4.743932
      65        0.000100       37.035017        4.573355
      66        0.000100       34.522800        4.408084
      67        0.000100       32.187460        4.248530
      68        0.000100       30.028798        4.094363
      69        0.000100       28.038912        3.946894
      70        0.000100       26.208031        3.805373
      71        0.000100       24.525328        3.670685
      72        0.000100       22.980038        3.543157
      73        0.000100       21.562179        3.422559
      74        0.000100       20.262716        3.308147
      75        0.000100       19.073832        3.200009
      76        0.000100       17.986381        3.098413
      77        0.000100       16.993462        3.004243
      78        0.000100       16.090022        2.917262
      79        0.000100       15.269586        2.836466
      80        0.000100       14.523518        2.761427
      81        0.000100       13.841879        2.691638
      82        0.000100       13.215894        2.626056
      83        0.000100       12.637092        2.564434
      84        0.000100       12.099374        2.506257
      85        0.000100       11.597928        2.450829
      86        0.000100       11.128504        2.398199
      87        0.000100       10.688679        2.347783
      88        0.000100       10.275849        2.299305
      89        0.000100        9.888116        2.252734
      90        0.000100        9.523922        2.208071
      91        0.000100        9.181676        2.165154
      92        0.000100        8.860846        2.123785
      93        0.000100        8.560444        2.084236
      94        0.000100        8.279219        2.046699
      95        0.000100        8.015987        2.010673
      96        0.000100        7.769458        1.976188
      97        0.000100        7.537964        1.943162
      98        0.000100        7.320424        1.911382
      99        0.000100        7.115642        1.880839
     100        0.000100        6.922488        1.851379
     101        0.000100        6.740453        1.823016
     102        0.000100        6.568357        1.795854
     103        0.000100        6.405691        1.770013
     104        0.000100        6.251870        1.745123
     105        0.000100        6.106296        1.721475
     106        0.000100        5.968066        1.698739
     107        0.000100        5.836649        1.676837
     108        0.000100        5.711735        1.655657
     109        0.000100        5.592855        1.635152
     110        0.000100        5.479675        1.615356
     111        0.000100        5.371774        1.596440
     112        0.000100        5.268781        1.578112
     113        0.000100        5.170291        1.560362
     114        0.000100        5.076052        1.543151
     115        0.000100        4.985926        1.526441
     116        0.000100        4.899622        1.510306
     117        0.000100        4.816718        1.494713
     118        0.000100        4.737027        1.479635
     119        0.000100        4.660117        1.465110
     120        0.000100        4.586162        1.450920
     121        0.000100        4.515157        1.437152
     122        0.000100        4.446991        1.423744
     123        0.000100        4.381521        1.410704
     124        0.000100        4.318535        1.397918
     125        0.000100        4.257941        1.385493
     126        0.000100        4.199649        1.373382
     127        0.000100        4.143559        1.361606
     128        0.000100        4.089499        1.350206
     129        0.000100        4.037594        1.339139
     130        0.000100        3.987254        1.328266
     131        0.000100        3.939161        1.317717
     132        0.000100        3.892432        1.307391
     133        0.000100        3.847254        1.297283
     134        0.000100        3.803429        1.287368
     135        0.000100        3.761074        1.277763
     136        0.000100        3.720214        1.268435
     137        0.000100        3.680756        1.259398
     138        0.000100        3.642624        1.250605
     139        0.000100        3.605738        1.242075
     140        0.000100        3.570130        1.233784
     141        0.000100        3.535447        1.225682
     142        0.000100        3.503297        1.218235
     143        0.000100        3.470193        1.210206
     144        0.000100        3.439043        1.202738
     145        0.000100        3.408646        1.195436
     146        0.000100        3.379129        1.188319
     147        0.000100        3.350474        1.181390
     148        0.000100        3.322625        1.174636
     149        0.000100        3.295052        1.167969
     150        0.000100        3.267294        1.161250
     151        0.000100        3.240844        1.154774
     152        0.000100        3.215233        1.148498
     153        0.000100        3.190362        1.142454
     154        0.000100        3.164619        1.136276
     155        0.000100        3.139356        1.130550
     156        0.000100        3.114776        1.124754
     157        0.000100        3.091999        1.119179
     158        0.000100        3.069620        1.113684
     159        0.000100        3.047914        1.108282
     160        0.000100        3.026830        1.102936
     161        0.000100        3.006325        1.097697
     162        0.000100        2.986406        1.092563
     163        0.000100        2.966988        1.087475
     164        0.000100        2.948041        1.082533
     165        0.000100        2.929602        1.077701
     166        0.000100        2.911300        1.072910
     167        0.000100        2.895196        1.068446
     168        0.000100        2.876785        1.063544
     169        0.000100        2.860104        1.058957
     170        0.000100        2.843391        1.054415
     171        0.000100        2.827197        1.049952
     172        0.000100        2.811111        1.045509
     173        0.000100        2.795443        1.041092
     174        0.000100        2.780041        1.036768
     175        0.000100        2.764894        1.032506
     176        0.000100        2.750115        1.028333
     177        0.000100        2.735588        1.024201
     178        0.000100        2.721217        1.020095
     179        0.000100        2.707056        1.016057
     180        0.000100        2.694077        1.012177
     181        0.000100        2.679270        1.008159
     182        0.000100        2.666606        1.004431
     183        0.000100        2.653276        1.000681
     184        0.000100        2.640444        0.996980
     185        0.000100        2.627898        0.993345
     186        0.000100        2.615467        0.989764
     187        0.000100        2.603320        0.986223
     188        0.000100        2.591556        0.982782
     189        0.000100        2.580135        0.979411
     190        0.000100        2.568823        0.976092
     191        0.000100        2.557883        0.972819
     192        0.000100        2.547350        0.969602
     193        0.000100        2.537451        0.966448
     194        0.000100        2.527270        0.963388
     195        0.000100        2.517808        0.960439
     196        0.000100        2.507606        0.957358
     197        0.000100        2.497993        0.954310
     198        0.000100        2.488521        0.951328
     199        0.000100        2.478952        0.948406
     200        0.000100        2.469562        0.945523
     201        0.000100        2.460357        0.942706
     202        0.000100        2.451319        0.939962
     203        0.000100        2.442425        0.937258
     204        0.000100        2.433224        0.934604
     205        0.000100        2.424969        0.932025
     206        0.000100        2.415938        0.929410
     207        0.000100        2.407471        0.926852
     208        0.000100        2.399074        0.924368
     209        0.000100        2.390842        0.921908
     210        0.000100        2.382695        0.919488
     211        0.000100        2.375123        0.917112
     212        0.000100        2.366702        0.914711
     213        0.000100        2.359417        0.912453
     214        0.000100        2.351472        0.910115
     215        0.000100        2.344109        0.907852
     216        0.000100        2.336631        0.905654
     217        0.000100        2.329427        0.903507
     218        0.000100        2.321914        0.901332
     219        0.000100        2.315263        0.899256
     220        0.000100        2.307831        0.897130
     221        0.000100        2.301046        0.895119
     222        0.000100        2.294124        0.893094
     223        0.000100        2.287646        0.891105
     224        0.000100        2.280810        0.889095
     225        0.000100        2.274630        0.887223
     226        0.000100        2.267783        0.885265
     227        0.000100        2.261589        0.883394
     228        0.000100        2.255256        0.881510
     229        0.000100        2.249244        0.879716
     230        0.000100        2.242802        0.877909
     231        0.000100        2.237009        0.876180
     232        0.000100        2.230767        0.874355
     233        0.000100        2.225102        0.872652
     234        0.000100        2.219159        0.870972
     235        0.000100        2.213549        0.869322
     236        0.000100        2.207625        0.867618
     237        0.000100        2.202306        0.865997
     238        0.000100        2.196520        0.864362
     239        0.000100        2.191125        0.862792
     240        0.000100        2.185548        0.861194
     241        0.000100        2.180331        0.859594
     242        0.000100        2.174849        0.858020
     243        0.000100        2.169657        0.856505
     244        0.000100        2.164261        0.854944
     245        0.000100        2.159154        0.853379
     246        0.000100        2.153963        0.851812
     247        0.000100        2.148884        0.850296
     248        0.000100        2.143637        0.848770
     249        0.000100        2.138606        0.847251
     250        0.000100        2.133660        0.845745
     251        0.000100        2.128689        0.844252
     252        0.000100        2.123795        0.842848
     253        0.000100        2.118796        0.841354
     254        0.000100        2.114125        0.839949
     255        0.000100        2.109194        0.838417
     256        0.000100        2.104676        0.837157
     257        0.000100        2.099655        0.835628
     258        0.000100        2.095320        0.834358
     259        0.000100        2.090437        0.832803
     260        0.000100        2.086150        0.831572
     261        0.000100        2.081218        0.830082
     262        0.000100        2.077122        0.828899
     263        0.000100        2.072393        0.827367
     264        0.000100        2.068500        0.826205
     265        0.000100        2.063567        0.824693
     266        0.000100        2.059688        0.823582
     267        0.000100        2.054819        0.822041
     268        0.000100        2.051310        0.820970
     269        0.000100        2.046655        0.819464
     270        0.000100        2.043120        0.818438
     271        0.000100        2.038221        0.816904
     272        0.000100        2.034699        0.815837
     273        0.000100        2.030047        0.814357
     274        0.000100        2.026899        0.813398
     275        0.000100        2.022293        0.811905
     276        0.000100        2.019102        0.810899
     277        0.000100        2.014294        0.809369
     278        0.000100        2.011212        0.808437
     279        0.000100        2.006539        0.806964
     280        0.000100        2.003752        0.806045
     281        0.000100        1.999210        0.804532
     282        0.000100        1.996335        0.803643
     283        0.000100        1.991568        0.802190
     284        0.000100        1.988893        0.801359
     285        0.000100        1.984403        0.799873
     286        0.000100        1.982014        0.799043
     287        0.000100        1.977300        0.797576
     288        0.000100        1.974653        0.796741
     289        0.000100        1.970045        0.795277
     290        0.000100        1.967849        0.794466
     291        0.000100        1.963372        0.793030
     292        0.000100        1.961088        0.792260
     293        0.000100        1.956491        0.790818
     294        0.000100        1.954163        0.789994
     295        0.000100        1.949836        0.788594
     296        0.000100        1.947723        0.787852
     297        0.000100        1.943369        0.786465
     298        0.000100        1.941173        0.785665
     299        0.000100        1.936859        0.784270
     300        0.000100        1.934737        0.783548
     301        0.000100        1.930445        0.782209
     302        0.000100        1.928459        0.781475
     303        0.000100        1.924264        0.780138
     304        0.000100        1.922184        0.779392
     305        0.000100        1.917956        0.778121
     306        0.000100        1.916031        0.777403
     307        0.000100        1.911976        0.776126
     308        0.000100        1.910049        0.775406
     309        0.000100        1.905918        0.774177
     310        0.000100        1.903933        0.773480
     311        0.000100        1.900074        0.772273
     312        0.000100        1.898271        0.771569
     313        0.000100        1.894331        0.770388
     314        0.000100        1.892251        0.769723
     315        0.000100        1.888498        0.768573
     316        0.000100        1.886794        0.767887
     317        0.000100        1.883348        0.766762
     318        0.000100        1.881347        0.766129
     319        0.000100        1.877395        0.765010
     320        0.000100        1.875186        0.764317
     321        0.000100        1.871787        0.763209
     322        0.000100        1.870416        0.762616
     323        0.000100        1.867472        0.761624
     324        0.000100        1.865419        0.760948
     325        0.000100        1.861908        0.759918
     326        0.000100        1.859414        0.759180
     327        0.000100        1.856230        0.758248
     328        0.000100        1.854645        0.757667
     329        0.000100        1.851831        0.756717
     330        0.000100        1.850015        0.756076
     331        0.000100        1.846816        0.755132
     332        0.000100        1.844617        0.754496
     333        0.000100        1.841501        0.753575
     334        0.000100        1.839742        0.752951
     335        0.000100        1.837318        0.752098
     336        0.000100        1.835761        0.751533
     337        0.000100        1.833040        0.750674
     338        0.000100        1.830578        0.749946
     339        0.000100        1.827422        0.749049
     340        0.000100        1.825431        0.748443
     341        0.000100        1.823494        0.747740
     342        0.000100        1.822088        0.747158
     343        0.000100        1.819537        0.746313
     344        0.000100        1.817099        0.745583
     345        0.000100        1.814221        0.744810
     346        0.000100        1.812155        0.744178
     347        0.000100        1.810114        0.743467
     348        0.000100        1.808692        0.742923
     349        0.000100        1.806599        0.742210
     350        0.000100        1.804433        0.741550
     351        0.000100        1.801778        0.740817
     352        0.000100        1.799571        0.740114
     353        0.000100        1.797547        0.739461
     354        0.000100        1.796260        0.739020
     355        0.000100        1.794664        0.738430
     356        0.000100        1.792630        0.737742
     357        0.000100        1.790248        0.737054
     358        0.000100        1.787945        0.736391
     359        0.000100        1.785895        0.735787
     360        0.000100        1.784411        0.735289
     361        0.000100        1.782950        0.734713
     362        0.000100        1.781151        0.734080
     363        0.000100        1.779077        0.733488
     364        0.000100        1.776880        0.732856
     365        0.000100        1.774661        0.732191
     366        0.000100        1.772887        0.731613
     367        0.000100        1.771678        0.731169
     368        0.000100        1.770285        0.730722
     369        0.000100        1.768538        0.730096
     370        0.000100        1.766206        0.729380
     371        0.000100        1.763965        0.728730
     372        0.000100        1.762113        0.728247
     373        0.000100        1.760920        0.727784
     374        0.000100        1.759625        0.727308
     375        0.000100        1.758341        0.726738
     376        0.000100        1.756159        0.726102
     377        0.000100        1.754026        0.725534
     378        0.000100        1.751811        0.724904
     379        0.000100        1.750386        0.724349
     380        0.000100        1.749175        0.723945
     381        0.000100        1.748357        0.723559
     382        0.000100        1.746361        0.722994
     383        0.000100        1.744338        0.722359
     384        0.000100        1.741996        0.721682
     385        0.000100        1.740632        0.721257
     386        0.000100        1.739375        0.720846
     387        0.000100        1.738759        0.720481
     388        0.000100        1.737044        0.719901
     389        0.000100        1.735450        0.719419
     390        0.000100        1.733244        0.718877
     391        0.000100        1.731634        0.718373
     392        0.000100        1.730098        0.717848
     393        0.000100        1.729477        0.717450
     394        0.000100        1.728368        0.717143
     395        0.000100        1.727062        0.716692
     396        0.000100        1.724726        0.716077
     397        0.000100        1.722781        0.715455
     398        0.000100        1.720984        0.714973
     399        0.000100        1.720400        0.714683
     400        0.000100        1.719393        0.714339
     401        0.000100        1.718366        0.713847
     402        0.000100        1.716016        0.713193
     403        0.000100        1.714092        0.712694
     404        0.000100        1.712060        0.712193
     405        0.000100        1.711085        0.711737
     406        0.000100        1.710098        0.711349
     407        0.000100        1.709566        0.711040
     408        0.000100        1.707648        0.710571
     409        0.000100        1.705545        0.709937
     410        0.000100        1.703327        0.709327
     411        0.000100        1.702219        0.708840
     412        0.000100        1.701468        0.708651
     413        0.000100        1.701303        0.708433
     414        0.000100        1.699457        0.707866
     415        0.000100        1.697565        0.707230
     416        0.000100        1.695482        0.706822
     417        0.000100        1.694179        0.706310
     418        0.000100        1.693105        0.705996
     419        0.000100        1.692847        0.705659
     420        0.000100        1.691403        0.705248
     421        0.000100        1.689951        0.704799
     422        0.000100        1.687768        0.704440
     423        0.000100        1.685868        0.703678
     424        0.000100        1.684410        0.703278
     425        0.000100        1.684245        0.703050
     426        0.000100        1.683236        0.702836
     427        0.000100        1.681954        0.702290
     428        0.000100        1.679737        0.701823
     429        0.000100        1.677727        0.701128
     430        0.000100        1.676198        0.700936
     431        0.000100        1.675852        0.700569
     432        0.000100        1.675069        0.700286
     433        0.000100        1.674465        0.699876
     434        0.000100        1.672684        0.699626
     435        0.000100        1.670847        0.699012
     436        0.000100        1.669123        0.698700
     437        0.000100        1.668565        0.698171
     438        0.000100        1.668423        0.698199
     439        0.000100        1.668581        0.698015
     440        0.000100        1.667067        0.697741
     441        0.000100        1.665377        0.697077
     442        0.000100        1.663671        0.696796
     443        0.000100        1.663148        0.696377
     444        0.000100        1.662831        0.696484
     445        0.000100        1.662908        0.696261
     446        0.000100        1.661172        0.695763
     447        0.000100        1.659956        0.695480
     448        0.000100        1.658029        0.695251
     449        0.000100        1.656419        0.694661
     450        0.000100        1.654566        0.694138
     451        0.000100        1.653800        0.693781
     452        0.000100        1.651972        0.693355
     453        0.000100        1.650104        0.692743
     454        0.000100        1.647802        0.692228
     455        0.000100        1.645594        0.691271
     456        0.000100        1.644311        0.691139
     457        0.000100        1.643499        0.690643
     458        0.000100        1.642474        0.690398
     459        0.000100        1.640597        0.689510
     460        0.000100        1.639145        0.689387
     461        0.000100        1.637333        0.688679
     462        0.000100        1.636268        0.688616
     463        0.000100        1.635538        0.687981
     464        0.000100        1.635070        0.687874
     465        0.000100        1.634712        0.687489
     466        0.000100        1.634122        0.687619
     467        0.000100        1.633036        0.686915
     468        0.000100        1.632082        0.686781
     469        0.000100        1.632551        0.686611
     470        0.000100        1.632845        0.686903
     471        0.000100        1.633418        0.686785
     472        0.000100        1.633301        0.686945
     473        0.000100        1.633050        0.686920
     474        0.000100        1.632569        0.687322
     475        0.000100        1.632285        0.687539
     476        0.000100        1.631204        0.687271
     477        0.000100        1.629697        0.686870
     478        0.000100        1.627237        0.686189
     479        0.000100        1.624938        0.685708
     480        0.000100        1.622013        0.684627
     481        0.000100        1.619638        0.683734
     482        0.000100        1.617462        0.682983
     483        0.000100        1.615993        0.682401
     484        0.000100        1.614365        0.682064
     485        0.000100        1.612679        0.681152
     486        0.000100        1.611176        0.680879
     487        0.000100        1.609882        0.680222
     488        0.000100        1.609148        0.680328
     489        0.000100        1.608062        0.679541
     490        0.000100        1.607490        0.679446
     491        0.000100        1.606668        0.678751
     492        0.000100        1.606444        0.678882
     493        0.000100        1.606384        0.678524
     494        0.000100        1.606099        0.678362
     495        0.000100        1.606876        0.678072
     496        0.000100        1.607460        0.678251
     497        0.000100        1.608544        0.678465
     498        0.000100        1.608618        0.678628
     499        0.000100        1.609273        0.678999
     500        0.000100        1.609557        0.679317
     501        0.000100        1.610239        0.679995
     502        0.000100        1.609025        0.679681
     503        0.000100        1.607915        0.679621
     504        0.000100        1.605862        0.678833
     505        0.000100        1.605146        0.678863
     506        0.000100        1.603261        0.678072
     507        0.000100        1.602484        0.677920
     508        0.000100        1.600018        0.676782
     509        0.000100        1.599736        0.676938
     510        0.000100        1.597441        0.676108
     511        0.000100        1.597076        0.676118
     512        0.000100        1.595259        0.675300
     513        0.000100        1.596025        0.675248
     514        0.000100        1.594826        0.674685
     515        0.000100        1.594167        0.674488
     516        0.000100        1.593105        0.674528
     517        0.000100        1.591856        0.673688
     518        0.000100        1.591666        0.674030
     519        0.000100        1.591748        0.673434
     520        0.000100        1.591718        0.673701
     521        0.000100        1.591078        0.672759
     522        0.000100        1.590681        0.673148
     523        0.000100        1.590286        0.672723
     524        0.000100        1.589983        0.673099
     525        0.000100        1.589965        0.672397
     526        0.000100        1.590419        0.672576
     527        0.000100        1.591868        0.672407
     528        0.000100        1.592436        0.672897
     529        0.000100        1.592905        0.672796
     530        0.000100        1.592726        0.673092
     531        0.000100        1.594249        0.673467
     532        0.000100        1.595698        0.674127
     533        0.000100        1.597919        0.674693
     534        0.000100        1.597480        0.674716
     535        0.000100        1.597067        0.674888
     536        0.000100        1.596055        0.674934
     537        0.000100        1.594784        0.674619
     538        0.000100        1.592445        0.673695
     539        0.000100        1.590410        0.672909
     540        0.000100        1.588183        0.672187
     541        0.000100        1.586290        0.671552
     542        0.000100        1.583871        0.670769
     543        0.000100        1.581688        0.669716
     544        0.000100        1.579889        0.669244
     545        0.000100        1.579141        0.668621
     546        0.000100        1.578097        0.668393
     547        0.000100        1.575891        0.667223
     548        0.000100        1.573766        0.666944
     549        0.000100        1.572199        0.666126
     550        0.000100        1.571549        0.666301
     551        0.000100        1.570884        0.665267
     552        0.000100        1.569763        0.664973
     553        0.000100        1.568148        0.664078
     554        0.000100        1.567227        0.664341
     555        0.000100        1.565911        0.663474
     556        0.000100        1.564853        0.663362
     557        0.000100        1.564069        0.662531
     558        0.000100        1.563958        0.662743
     559        0.000100        1.563077        0.662081
     560        0.000100        1.562010        0.661955
     561        0.000100        1.560722        0.661257
     562        0.000100        1.560128        0.661343
     563        0.000100        1.559720        0.660936
     564        0.000100        1.559627        0.660947
     565        0.000100        1.559165        0.660275
     566        0.000100        1.558600        0.660233
     567        0.000100        1.557862        0.659964
     568        0.000100        1.557259        0.660011
     569        0.000100        1.556442        0.659359
     570        0.000100        1.556333        0.659304
     571        0.000100        1.556614        0.659066
     572        0.000100        1.556468        0.659236
     573        0.000100        1.555419        0.658690
     574        0.000100        1.554749        0.658616
     575        0.000100        1.554075        0.658204
     576        0.000100        1.554184        0.658471
     577        0.000100        1.554331        0.658098
     578        0.000100        1.553836        0.657889
     579        0.000100        1.552757        0.657352
     580        0.000100        1.552700        0.657631
     581        0.000100        1.552055        0.657316
     582        0.000100        1.551803        0.657182
     583        0.000100        1.551475        0.656823
     584        0.000100        1.552082        0.656923
     585        0.000100        1.551897        0.656845
     586        0.000100        1.552062        0.656809
     587        0.000100        1.551400        0.656467
     588        0.000100        1.552229        0.656609
     589        0.000100        1.552614        0.656711
     590        0.000100        1.553763        0.656824
     591        0.000100        1.553940        0.656577
     592        0.000100        1.554432        0.656449
     593        0.000100        1.554620        0.656599
     594        0.000100        1.555220        0.656859
     595        0.000100        1.555959        0.657010
     596        0.000100        1.557170        0.657136
     597        0.000100        1.558575        0.657769
     598        0.000100        1.559208        0.658179
     599        0.000100        1.559390        0.658509
     600        0.000100        1.558833        0.658186
     601        0.000100        1.558595        0.657984
     602        0.000100        1.558580        0.657976
     603        0.000100        1.558767        0.657780
     604        0.000100        1.558048        0.657296
     605        0.000100        1.557702        0.656866
     606        0.000100        1.556885        0.656785
     607        0.000100        1.556525        0.656410
     608        0.000100        1.557050        0.656567
     609        0.000100        1.557529        0.655718
     610        0.000100        1.557933        0.656110
     611        0.000100        1.557810        0.655800
     612        0.000100        1.557449        0.656180
     613        0.000100        1.556898        0.655359
     614        0.000100        1.557316        0.655571
     615        0.000100        1.558572        0.655363
     616        0.000100        1.559579        0.655844
     617        0.000100        1.560119        0.655477
     618        0.000100        1.559754        0.655415
     619        0.000100        1.559788        0.655195
     620        0.000100        1.560253        0.655411
     621        0.000100        1.561171        0.655192
     622        0.000100        1.562391        0.655112
     623        0.000100        1.563005        0.654986
     624        0.000100        1.563399        0.655256
     625        0.000100        1.562623        0.654955
     626        0.000100        1.562211        0.654481
     627        0.000100        1.561725        0.653983
     628        0.000100        1.562483        0.654098
     629        0.000100        1.562547        0.653898
     630        0.000100        1.561709        0.653546
     631        0.000100        1.559740        0.652739
     632        0.000100        1.558400        0.652402
     633        0.000100        1.557590        0.651952
     634        0.000100        1.557441        0.651749
     635        0.000100        1.557211        0.651200
     636        0.000100        1.555956        0.650835
     637        0.000100        1.554240        0.650370
     638        0.000100        1.552394        0.649929
     639        0.000100        1.550775        0.648955
     640        0.000100        1.549938        0.648533
     641        0.000100        1.550016        0.648275
     642        0.000100        1.549040        0.648182
     643        0.000100        1.547170        0.647434
     644        0.000100        1.544959        0.646852
     645        0.000100        1.543262        0.645959
     646        0.000100        1.542647        0.645885
     647        0.000100        1.542107        0.645252
     648        0.000100        1.541115        0.645015
     649        0.000100        1.539163        0.644215
     650        0.000100        1.538103        0.644111
     651        0.000100        1.536223        0.643117
     652        0.000100        1.535881        0.642803
     653        0.000100        1.534478        0.641903
     654        0.000100        1.534669        0.641923
     655        0.000100        1.533419        0.641480
     656        0.000100        1.533562        0.641422
     657        0.000100        1.532778        0.641154
     658        0.000100        1.533525        0.641402
     659        0.000100        1.533801        0.641675
     660        0.000100        1.534673        0.641957
     661        0.000100        1.533894        0.641596
     662        0.000100        1.534094        0.641596
     663        0.000100        1.533489        0.641362
     664        0.000100        1.534096        0.641472
     665        0.000100        1.533181        0.640963
     666        0.000100        1.533220        0.640800
     667        0.000100        1.532443        0.640458
     668        0.000100        1.533169        0.640730
     669        0.000100        1.532856        0.640455
     670        0.000100        1.533624        0.640645
     671        0.000100        1.533748        0.640558
     672        0.000100        1.535146        0.641150
     673        0.000100        1.535544        0.641113
     674        0.000100        1.536351        0.641295
     675        0.000100        1.536586        0.640941
     676        0.000100        1.537966        0.641420
     677        0.000100        1.538018        0.641172
     678        0.000100        1.538154        0.641105
     679        0.000100        1.537183        0.640420
     680        0.000100        1.537682        0.640591
     681        0.000100        1.538090        0.640440
     682        0.000100        1.539256        0.640788
     683        0.000100        1.538264        0.640217
     684        0.000100        1.538210        0.640124
     685        0.000100        1.537416        0.639750
     686        0.000100        1.537937        0.639890
     687        0.000100        1.537605        0.639392
     688        0.000100        1.538550        0.639559
     689        0.000100        1.538207        0.639460
     690        0.000100        1.538545        0.639672
     691        0.000100        1.537252        0.639012
     692        0.000100        1.537374        0.638808
     693        0.000100        1.537257        0.638452
     694        0.000100        1.538963        0.639103
     695        0.000100        1.538179        0.638760
     696        0.000100        1.538559        0.639164
     697        0.000100        1.536719        0.638043
     698        0.000100        1.537631        0.638633
     699        0.000100        1.536898        0.637622
     700        0.000100        1.538622        0.638508
     701        0.000100        1.537660        0.637391
     702        0.000100        1.539539        0.639145
     703        0.000100        1.537552        0.637883
     704        0.000100        1.539000        0.638968
     705        0.000100        1.537079        0.637183
     706        0.000100        1.539820        0.638543
     707        0.000100        1.538460        0.637075
     708        0.000100        1.542020        0.639013
     709        0.000100        1.539258        0.637160
     710        0.000100        1.542579        0.638899
     711        0.000100        1.540122        0.637235
     712        0.000100        1.544165        0.639112
     713        0.000100        1.541691        0.637142
     714        0.000100        1.545446        0.638766
     715        0.000100        1.543752        0.637322
     716        0.000100        1.547604        0.639115
     717        0.000100        1.546610        0.637668
     718        0.000100        1.550436        0.638915
     719        0.000100        1.551455        0.638305
     720        0.000100        1.555713        0.639578
     721        0.000100        1.556960        0.639559
     722        0.000100        1.558096        0.639356
     723        0.000100        1.555880        0.638410
     724        0.000100        1.553551        0.637548
     725        0.000100        1.549221        0.636167
     726        0.000100        1.548011        0.635311
     727        0.000100        1.544164        0.634062
     728        0.000100        1.544568        0.633600
     729        0.000100        1.539829        0.632441
     730        0.000100        1.540857        0.632102
     731        0.000100        1.535066        0.630484
     732        0.000100        1.536208        0.630174
     733        0.000100        1.531854        0.628728
     734        0.000100        1.533763        0.628785
     735        0.000100        1.533974        0.628749
     736        0.000100        1.536695        0.629700
     737        0.000100        1.537952        0.629852
     738        0.000100        1.539888        0.630284
     739        0.000100        1.540132        0.630103
     740        0.000100        1.541062        0.630255
     741        0.000100        1.541184        0.630440
     742        0.000100        1.541779        0.630293
     743        0.000100        1.541308        0.630160
     744        0.000100        1.541669        0.630370
     745        0.000100        1.540589        0.630018
     746        0.000100        1.540673        0.630457
     747        0.000100        1.539081        0.629289
     748        0.000100        1.539691        0.630252
     749        0.000100        1.537240        0.628443
     750        0.000100        1.539051        0.630059
     751        0.000100        1.535293        0.627288
     752        0.000100        1.537817        0.629060
     753        0.000100        1.534639        0.626094
     754        0.000100        1.537403        0.627755
     755        0.000100        1.535436        0.625071
     756        0.000100        1.537839        0.626045
     757        0.000100        1.536622        0.624414
     758        0.000100        1.538698        0.625053
     759        0.000100        1.538329        0.624281
     760        0.000100        1.540536        0.625009
     761        0.000100        1.541332        0.624974
     762        0.000100        1.544447        0.626262
     763        0.000100        1.546464        0.626398
     764        0.000100        1.548896        0.627526
     765        0.000100        1.550082        0.627388
     766        0.000100        1.552038        0.628581
     767        0.000100        1.552822        0.628303
     768        0.000100        1.554252        0.629185
     769        0.000100        1.553997        0.628397
     770        0.000100        1.554642        0.629125
     771        0.000100        1.553252        0.628118
     772        0.000100        1.553639        0.628473
     773        0.000100        1.551455        0.627078
     774        0.000100        1.552540        0.627634
     775        0.000100        1.548984        0.626113
     776        0.000100        1.550579        0.626670
     777        0.000100        1.546062        0.624569
     778        0.000100        1.547789        0.624796
     779        0.000100        1.543616        0.622642
     780        0.000100        1.545238        0.622770
     781        0.000100        1.545878        0.622608
     782        0.000100        1.550490        0.624293
     783        0.000100        1.553027        0.624509
     784        0.000100        1.555418        0.625609
     785        0.000100        1.555544        0.624774
     786        0.000100        1.556544        0.625668
     787        0.000100        1.556474        0.624865
     788        0.000100        1.557153        0.625732
     789        0.000100        1.556961        0.624893
     790        0.000100        1.557277        0.625604
     791        0.000100        1.556672        0.624896
     792        0.000100        1.557089        0.625682
     793        0.000100        1.555555        0.624594
     794        0.000100        1.555901        0.625308
     795        0.000100        1.554143        0.623969
     796        0.000100        1.554841        0.625215
     797        0.000100        1.552534        0.622987
     798        0.000100        1.553944        0.624910
     799        0.000100        1.550770        0.622048
     800        0.000100        1.552818        0.623796
     801        0.000100        1.550468        0.621346
     802        0.000100        1.552467        0.622233
     803        0.000100        1.551985        0.620758
     804        0.000100        1.555391        0.621852
     805        0.000100        1.556477        0.621335
     806        0.000100        1.560901        0.622777
     807        0.000100        1.563337        0.622856
     808        0.000100        1.568459        0.624991
     809        0.000100        1.571560        0.625487
     810        0.000100        1.577861        0.627921
     811        0.000100        1.580772        0.628022
     812        0.000100        1.583177        0.629406
     813        0.000100        1.582782        0.628438
     814        0.000100        1.581913        0.628482
     815        0.000100        1.580092        0.627176
     816        0.000100        1.579398        0.627280
     817        0.000100        1.578157        0.626165
     818        0.000100        1.578840        0.626411
     819        0.000100        1.577322        0.625216
     820        0.000100        1.578418        0.625691
     821        0.000100        1.575638        0.624258
     822        0.000100        1.576605        0.624988
     823        0.000100        1.573173        0.623079
     824        0.000100        1.573175        0.623669
     825        0.000100        1.570052        0.621706
     826        0.000100        1.568134        0.622139
     827        0.000100        1.565468        0.619811
     828        0.000100        1.564371        0.620004
     829        0.000100        1.563329        0.618253
     830        0.000100        1.564213        0.618844
     831        0.000100        1.564880        0.617992
     832        0.000100        1.566276        0.618974
     833        0.000100        1.566405        0.618492
     834        0.000100        1.568680        0.619883
     835        0.000100        1.570183        0.619632
     836        0.000100        1.572714        0.621090
     837        0.000100        1.573565        0.620767
     838        0.000100        1.575108        0.621920
     839        0.000100        1.574341        0.621057
     840        0.000100        1.574542        0.621799
     841        0.000100        1.573501        0.620634
     842        0.000100        1.574300        0.621355
     843        0.000100        1.573330        0.620136
     844        0.000100        1.572477        0.620343
     845        0.000100        1.569505        0.618670
     846        0.000100        1.567808        0.618354
     847        0.000100        1.564808        0.616657
     848        0.000100        1.563324        0.616364
     849        0.000100        1.561606        0.615126
     850        0.000100        1.560300        0.615160
     851        0.000100        1.558638        0.614238
     852        0.000100        1.559497        0.614649
     853        0.000100        1.560285        0.614254
     854        0.000100        1.561056        0.614946
     855        0.000100        1.561741        0.614678
     856        0.000100        1.562120        0.615289
     857        0.000100        1.563052        0.614918
     858        0.000100        1.563078        0.615425
     859        0.000100        1.563922        0.615022
     860        0.000100        1.564056        0.615509
     861        0.000100        1.565093        0.614988
     862        0.000100        1.564914        0.615429
     863        0.000100        1.564618        0.614740
     864        0.000100        1.564671        0.615204
     865        0.000100        1.566366        0.614776
     866        0.000100        1.568391        0.615655
     867        0.000100        1.568091        0.615200
     868        0.000100        1.568579        0.615980
     869        0.000100        1.568159        0.615100
     870        0.000100        1.569444        0.615842
     871        0.000100        1.570086        0.615214
     872        0.000100        1.572152        0.616301
     873        0.000100        1.572547        0.615674
     874        0.000100        1.573865        0.616639
     875        0.000100        1.573245        0.615854
     876        0.000100        1.574827        0.616639
     877        0.000100        1.574697        0.615816
     878        0.000100        1.577711        0.616811
     879        0.000100        1.577912        0.616236
     880        0.000100        1.579881        0.617463
     881        0.000100        1.578803        0.616515
     882        0.000100        1.579744        0.617495
     883        0.000100        1.579994        0.616318
     884        0.000100        1.581573        0.617477
     885        0.000100        1.583722        0.616492
     886        0.000100        1.584618        0.617737
     887        0.000100        1.585026        0.616703
     888        0.000100        1.584475        0.617618
     889        0.000100        1.584086        0.616279
     890        0.000100        1.584540        0.616928
     891        0.000100        1.585530        0.615854
     892        0.000100        1.586375        0.616564
     893        0.000100        1.586472        0.615575
     894        0.000100        1.585916        0.615961
     895        0.000100        1.584887        0.614750
     896        0.000100        1.583895        0.614759
     897        0.000100        1.582855        0.613663
     898        0.000100        1.582706        0.613730
     899        0.000100        1.582376        0.613126
     900        0.000100        1.581778        0.613116
     901        0.000100        1.579823        0.612293
     902        0.000100        1.578173        0.612229
     903        0.000100        1.577765        0.611859
     904        0.000100        1.577950        0.612166
     905        0.000100        1.578181        0.611958
     906        0.000100        1.577951        0.612368
     907        0.000100        1.578523        0.612167
     908        0.000100        1.577701        0.612509
     909        0.000100        1.577889        0.612232
     910        0.000100        1.577217        0.612589
     911        0.000100        1.578776        0.612557
     912        0.000100        1.579525        0.613077
     913        0.000100        1.578983        0.612708
     914        0.000100        1.578221        0.612991
     915        0.000100        1.577459        0.612423
     916        0.000100        1.578129        0.612874
     917        0.000100        1.578509        0.612492
     918        0.000100        1.579192        0.613057
     919        0.000100        1.578766        0.612536
     920        0.000100        1.578390        0.612936
     921        0.000100        1.577539        0.612222
     922        0.000100        1.577562        0.612616
     923        0.000100        1.577775        0.612060
     924        0.000100        1.578479        0.612634
     925        0.000100        1.578385        0.612114
     926        0.000100        1.577962        0.612525
     927        0.000100        1.577126        0.611805
     928        0.000100        1.577740        0.612215
     929        0.000100        1.577684        0.611747
     930        0.000100        1.578959        0.612375
     931        0.000100        1.578835        0.612085
     932        0.000100        1.579847        0.612588
     933        0.000100        1.578088        0.612063
     934        0.000100        1.578524        0.612309
     935        0.000100        1.577730        0.611769
     936        0.000100        1.579463        0.612203
     937        0.000100        1.579095        0.611775
     938        0.000100        1.579190        0.611962
     939        0.000100        1.577446        0.611195
     940        0.000100        1.576919        0.611182
     941        0.000100        1.575221        0.610426
     942        0.000100        1.574495        0.610321
     943        0.000100        1.572895        0.609719
     944        0.000100        1.572073        0.609711
     945        0.000100        1.570197        0.609188
     946        0.000100        1.568029        0.609012
     947        0.000100        1.566230        0.608413
     948        0.000100        1.565502        0.608472
     949        0.000100        1.564649        0.608159
     950        0.000100        1.563739        0.608243
     951        0.000100        1.563327        0.607908
     952        0.000100        1.562389        0.608065
     953        0.000100        1.561817        0.607751
     954        0.000100        1.560830        0.607896
     955        0.000100        1.560825        0.607656
     956        0.000100        1.561106        0.607939
     957        0.000100        1.561520        0.607770
     958        0.000100        1.560547        0.607877
     959        0.000100        1.559221        0.607352
     960        0.000100        1.558667        0.607477
     961        0.000100        1.558450        0.607145
     962        0.000100        1.558568        0.607363
     963        0.000100        1.558220        0.606962
     964        0.000100        1.557784        0.607083
     965        0.000100        1.557092        0.606672
     966        0.000100        1.556451        0.606732
     967        0.000100        1.555494        0.606238
     968        0.000100        1.555883        0.606466
     969        0.000100        1.555337        0.606142
     970        0.000100        1.556111        0.606462
     971        0.000100        1.554347        0.605935
     972        0.000100        1.554197        0.606078
     973        0.000100        1.553119        0.605642
     974        0.000100        1.553566        0.605917
     975        0.000100        1.552176        0.605525
     976        0.000100        1.552134        0.605730
     977        0.000100        1.551614        0.605472
     978        0.000100        1.551340        0.605715
     979        0.000100        1.549478        0.605166
     980        0.000100        1.549009        0.605303
     981        0.000100        1.547551        0.604910
     982        0.000100        1.548068        0.605291
     983        0.000100        1.547088        0.604858
     984        0.000100        1.546803        0.604953
     985        0.000100        1.545257        0.604483
     986        0.000100        1.545240        0.604706
     987        0.000100        1.543574        0.604296
     988        0.000100        1.543528        0.604439
     989        0.000100        1.543359        0.604214
     990        0.000100        1.543884        0.604505
     991        0.000100        1.542256        0.604036
     992        0.000100        1.542388        0.604140
     993        0.000100        1.540859        0.603684
     994        0.000100        1.541953        0.604025
     995        0.000100        1.541205        0.603689
     996        0.000100        1.541792        0.603779
     997        0.000100        1.540227        0.603250
     998        0.000100        1.540923        0.603478
     999        0.000100        1.539186        0.603000
    1000        0.000100        1.539945        0.603218
    1001        0.000100        1.538767        0.602795
    1002        0.000100        1.540573        0.603244
    1003        0.000100        1.539351        0.602831
    1004        0.000100        1.539855        0.603021
    1005        0.000100        1.538027        0.602492
    1006        0.000100        1.539302        0.602840
    1007        0.000100        1.538234        0.602548
    1008        0.000100        1.539544        0.602906
    1009        0.000100        1.538407        0.602460
    1010        0.000100        1.539562        0.602896
    1011        0.000100        1.537697        0.602364
    1012        0.000100        1.538943        0.602708
    1013        0.000100        1.537055        0.602065
    1014        0.000100        1.538903        0.602537
    1015        0.000100        1.537801        0.602113
    1016        0.000100        1.538714        0.602458
    1017        0.000100        1.536578        0.601815
    1018        0.000100        1.537858        0.602132
    1019        0.000100        1.536619        0.601733
    1020        0.000100        1.538315        0.602167
    1021        0.000100        1.536945        0.601617
    1022        0.000100        1.538446        0.602078
    1023        0.000100        1.536693        0.601533
    1024        0.000100        1.538499        0.601971
    1025        0.000100        1.536624        0.601283
    1026        0.000100        1.538703        0.601685
    1027        0.000100        1.537506        0.601162
    1028        0.000100        1.538908        0.601572
    1029        0.000100        1.536527        0.600798
    1030        0.000100        1.538340        0.601130
    1031        0.000100        1.536576        0.600536
    1032        0.000100        1.539343        0.601166
    1033        0.000100        1.537658        0.600538
    1034        0.000100        1.539450        0.601004
    1035        0.000100        1.537570        0.600450
    1036        0.000100        1.539826        0.600963
    1037        0.000100        1.537851        0.600301
    1038        0.000100        1.540165        0.600837
    1039        0.000100        1.538996        0.600374
    1040        0.000100        1.541262        0.601050
    1041        0.000100        1.538778        0.600307
    1042        0.000100        1.541044        0.600798
    1043        0.000100        1.539060        0.600099
    1044        0.000100        1.542123        0.600828
    1045        0.000100        1.540178        0.600101
    1046        0.000100        1.541889        0.600545
    1047        0.000100        1.539534        0.599824
    1048        0.000100        1.541912        0.600387
    1049        0.000100        1.540183        0.599758
    1050        0.000100        1.542590        0.600293
    1051        0.000100        1.541049        0.599690
    1052        0.000100        1.543365        0.600365
    1053        0.000100        1.541065        0.599651
    1054        0.000100        1.543245        0.600171
    1055        0.000100        1.541505        0.599463
    1056        0.000100        1.544700        0.600241
    1057        0.000100        1.543239        0.599552
    1058        0.000100        1.544645        0.599970
    1059        0.000100        1.541743        0.598980
    1060        0.000100        1.544086        0.599512
    1061        0.000100        1.542013        0.598771
    1062        0.000100        1.544798        0.599393
    1063        0.000100        1.543157        0.598703
    1064        0.000100        1.545514        0.599365
    1065        0.000100        1.543143        0.598651
    1066        0.000100        1.545154        0.599153
    1067        0.000100        1.543143        0.598390
    1068        0.000100        1.545988        0.599119
    1069        0.000100        1.544990        0.598656
    1070        0.000100        1.547318        0.599416
    1071        0.000100        1.544415        0.598494
    1072        0.000100        1.546924        0.599225
    1073        0.000100        1.544958        0.598481
    1074        0.000100        1.547954        0.599320
    1075        0.000100        1.546130        0.598466
    1076        0.000100        1.548333        0.599147
    1077        0.000100        1.545619        0.598224
    1078        0.000100        1.547468        0.598791
    1079        0.000100        1.545180        0.597861
    1080        0.000100        1.547773        0.598531
    1081        0.000100        1.546783        0.597903
    1082        0.000100        1.549611        0.598775
    1083        0.000100        1.546857        0.597762
    1084        0.000100        1.548374        0.598304
    1085        0.000100        1.547077        0.597549
    1086        0.000100        1.550164        0.598321
    1087        0.000100        1.550017        0.597653
    1088        0.000100        1.551311        0.598206
    1089        0.000100        1.549740        0.597386
    1090        0.000100        1.549536        0.597735
    1091        0.000100        1.548611        0.596949
    1092        0.000100        1.548874        0.597209
    1093        0.000100        1.551001        0.597042
    1094        0.000100        1.550275        0.597364
    1095        0.000100        1.551654        0.597311
    1096        0.000100        1.549434        0.597400
    1097        0.000100        1.549851        0.597059
    1098        0.000100        1.549565        0.597307
    1099        0.000100        1.550876        0.597288
    1100        0.000100        1.551349        0.597785
    1101        0.000100        1.551282        0.597644
    1102        0.000100        1.551246        0.598026
    1103        0.000100        1.550579        0.597698
    1104        0.000100        1.551413        0.597945
    1105        0.000100        1.551255        0.597557
    1106        0.000100        1.552355        0.597806
    1107        0.000100        1.551578        0.597157
    1108        0.000100        1.550773        0.597084
    1109        0.000100        1.549335        0.596209
    1110        0.000100        1.551271        0.596598
    1111        0.000100        1.552280        0.596081
    1112        0.000100        1.554193        0.596643
    1113        0.000100        1.554477        0.596113
    1114        0.000100        1.554330        0.596557
    1115        0.000100        1.555438        0.596240
    1116        0.000100        1.555830        0.596482
    1117        0.000100        1.559945        0.596777
    1118        0.000100        1.559377        0.596799
    1119        0.000100        1.560577        0.596684
    1120        0.000100        1.558347        0.596684
    1121        0.000100        1.556857        0.596070
    1122        0.000100        1.557626        0.596545
    1123        0.000100        1.558432        0.596534
    1124        0.000100        1.558710        0.597098
    1125        0.000100        1.556490        0.596649
    1126        0.000100        1.554429        0.596819
    1127        0.000100        1.552832        0.596857
    1128        0.000100        1.551123        0.597137
    1129        0.000100        1.550570        0.597499
    1130        0.000100        1.551168        0.598416
    1131        0.000100        1.551632        0.599535
    1132        0.000100        1.554241        0.600361
    1133        0.000100        1.552130        0.599315
    1134        0.000100        1.554221        0.598635
    1135        0.000100        1.551916        0.596903
    1136        0.000100        1.553714        0.596274
    1137        0.000100        1.551555        0.594867
    1138        0.000100        1.554032        0.594825
    1139        0.000100        1.553435        0.594072
    1140        0.000100        1.556746        0.594545
    1141        0.000100        1.556600        0.593938
    1142        0.000100        1.559570        0.594653
    1143        0.000100        1.560046        0.594456
    1144        0.000100        1.562411        0.595213
    1145        0.000100        1.562372        0.594888
    1146        0.000100        1.563718        0.595516
    1147        0.000100        1.563588        0.595159
    1148        0.000100        1.563390        0.595616
    1149        0.000100        1.560688        0.594728
    1150        0.000100        1.558622        0.594835
    1151        0.000100        1.555844        0.594128
    1152        0.000100        1.556420        0.594671
    1153        0.000100        1.555577        0.593942
    1154        0.000100        1.555770        0.594163
    1155        0.000100        1.552499        0.593253
    1156        0.000100        1.552663        0.593736
    1157        0.000100        1.550327        0.592992
    1158        0.000100        1.552477        0.593691
    1159        0.000100        1.551081        0.592852
    1160        0.000100        1.553330        0.593576
    1161        0.000100        1.550878        0.592583
    1162        0.000100        1.550542        0.592834
    1163        0.000100        1.548313        0.592038
    1164        0.000100        1.550814        0.592698
    1165        0.000100        1.551496        0.592291
    1166        0.000100        1.552466        0.592485
    1167        0.000100        1.552853        0.592057
    1168        0.000100        1.550838        0.592100
    1169        0.000100        1.551421        0.591648
    1170        0.000100        1.550411        0.591783
    1171        0.000100        1.553083        0.591486
    1172        0.000100        1.552391        0.591551
    1173        0.000100        1.553045        0.591151
    1174        0.000100        1.550254        0.591155
    1175        0.000100        1.548879        0.590512
    1176        0.000100        1.547976        0.590755
    1177        0.000100        1.547546        0.590293
    1178        0.000100        1.546789        0.590582
    1179        0.000100        1.544329        0.590122
    1180        0.000100        1.542739        0.590529
    1181        0.000100        1.539491        0.590385
    1182        0.000100        1.539651        0.591549
    1183        0.000100        1.538819        0.592171
    1184        0.000100        1.543351        0.594681
    1185        0.000100        1.542360        0.595196
    1186        0.000100        1.547690        0.597653
    1187        0.000100        1.545719        0.597546
    1188        0.000100        1.550050        0.598976
    1189        0.000100        1.546649        0.597625
    1190        0.000100        1.550705        0.598510
    1191        0.000100        1.547058        0.596793
    1192        0.000100        1.550549        0.597400
    1193        0.000100        1.546916        0.595701
    1194        0.000100        1.550235        0.596361
    1195        0.000100        1.546322        0.594633
    1196        0.000100        1.549158        0.594863
    1197        0.000100        1.546007        0.593232
    1198        0.000100        1.549866        0.593778
    1199        0.000100        1.546230        0.592595
    1200        0.000100        1.548267        0.593028
    1201        0.000100        1.545031        0.592009
    1202        0.000100        1.548499        0.592504
    1203        0.000100        1.546769        0.591587
    1204        0.000100        1.550022        0.591975
    1205        0.000100        1.547379        0.590972
    1206        0.000100        1.549113        0.591291
    1207        0.000100        1.547188        0.590558
    1208        0.000100        1.549471        0.590919
    1209        0.000100        1.549974        0.590414
    1210        0.000100        1.551942        0.590756
    1211        0.000100        1.551781        0.590523
    1212        0.000100        1.551114        0.590793
    1213        0.000100        1.551212        0.590620
    1214        0.000100        1.551840        0.591106
    1215        0.000100        1.554208        0.591349
    1216        0.000100        1.554662        0.591629
    1217        0.000100        1.555446        0.591709
    1218        0.000100        1.554013        0.591624
    1219        0.000100        1.555561        0.592075
    1220        0.000100        1.555442        0.592078
    1221        0.000100        1.558674        0.592709
    1222        0.000100        1.557821        0.591900
    1223        0.000100        1.558567        0.591702
    1224        0.000100        1.556158        0.590931
    1225        0.000100        1.557601        0.590950
    1226        0.000100        1.556710        0.590336
    1227        0.000100        1.560838        0.590782
    1228        0.000100        1.559576        0.590006
    1229        0.000100        1.564473        0.591114
    1230        0.000100        1.561358        0.589932
    1231        0.000100        1.565541        0.591229
    1232        0.000100        1.563582        0.590059
    1233        0.000100        1.565284        0.590246
    1234        0.000100        1.564337        0.589903
    1235        0.000100        1.560961        0.589157
    1236        0.000100        1.558036        0.589302
    1237        0.000100        1.553833        0.589054
    1238        0.000100        1.554841        0.590653
    1239        0.000100        1.552362        0.591061
    1240        0.000100        1.552383        0.591566
    1241        0.000100        1.549486        0.591146
    1242        0.000100        1.548990        0.590929
    1243        0.000100        1.545428        0.590032
    1244        0.000100        1.546043        0.590176
    1245        0.000100        1.544731        0.589983
    1246        0.000100        1.546651        0.590478
    1247        0.000100        1.545304        0.590201
    1248        0.000100        1.548628        0.591134
    1249        0.000100        1.547555        0.590781
    1250        0.000100        1.551743        0.591875
    1251        0.000100        1.548807        0.590649
    1252        0.000100        1.552953        0.591510
    1253        0.000100        1.550008        0.590090
    1254        0.000100        1.553640        0.590559
    1255        0.000100        1.550837        0.589093
    1256        0.000100        1.553420        0.589154
    1257        0.000100        1.550317        0.588036
    1258        0.000100        1.553380        0.587989
    1259        0.000100        1.553773        0.587255
    1260        0.000100        1.557289        0.587299
    1261        0.000100        1.559586        0.587544
    1262        0.000100        1.557870        0.586990
    1263        0.000100        1.559547        0.587170
    1264        0.000100        1.559455        0.586934
    1265        0.000100        1.560720        0.586773
    1266        0.000100        1.560710        0.586905
    1267        0.000100        1.559973        0.586428
    1268        0.000100        1.559542        0.586898
    1269        0.000100        1.556346        0.586189
    1270        0.000100        1.554759        0.586637
    1271        0.000100        1.550407        0.585877
    1272        0.000100        1.550182        0.586645
    1273        0.000100        1.546629        0.586677
    1274        0.000100        1.549670        0.588777
    1275        0.000100        1.549241        0.590078
    1276        0.000100        1.554751        0.592811
    1277        0.000100        1.554696        0.593651
    1278        0.000100        1.560869        0.595789
    1279        0.000100        1.558672        0.595146
    1280        0.000100        1.562982        0.596010
    1281        0.000100        1.558600        0.594061
    1282        0.000100        1.562090        0.594414
    1283        0.000100        1.557583        0.592295
    1284        0.000100        1.559736        0.592309
    1285        0.000100        1.555673        0.590515
    1286        0.000100        1.557958        0.590605
    1287        0.000100        1.554417        0.588985
    1288        0.000100        1.556510        0.588732
    1289        0.000100        1.554310        0.587423
    1290        0.000100        1.556249        0.587191
    1291        0.000100        1.553622        0.586036
    1292        0.000100        1.555490        0.586150
    1293        0.000100        1.554337        0.585033
    1294        0.000100        1.558540        0.585754
    1295        0.000100        1.559894        0.585491
    1296        0.000100        1.561293        0.585829
    1297        0.000100        1.561547        0.585738
    1298        0.000100        1.562908        0.586156
    1299        0.000100        1.564016        0.585874
    1300        0.000100        1.565082        0.586448
    1301        0.000100        1.562928        0.585693
    1302        0.000100        1.561610        0.586068
    1303        0.000100        1.557852        0.585668
    1304        0.000100        1.558032        0.586916
    1305        0.000100        1.555292        0.587139
    1306        0.000100        1.558133        0.589211
    1307        0.000100        1.557085        0.590288
    1308        0.000100        1.562604        0.593065
    1309        0.000100        1.562378        0.593736
    1310        0.000100        1.567906        0.595247
    1311        0.000100        1.565305        0.593958
    1312        0.000100        1.568135        0.593703
    1313        0.000100        1.564043        0.591407
    1314        0.000100        1.566799        0.591224
    1315        0.000100        1.563268        0.589243
    1316        0.000100        1.566104        0.589165
    1317        0.000100        1.563010        0.587219
    1318        0.000100        1.566116        0.587107
    1319        0.000100        1.565195        0.585800
    1320        0.000100        1.569213        0.586040
    1321        0.000100        1.568451        0.584996
    1322        0.000100        1.570146        0.585605
    1323        0.000100        1.567615        0.584971
    1324        0.000100        1.567377        0.585633
    1325        0.000100        1.563074        0.585134
    1326        0.000100        1.563303        0.586053
    1327        0.000100        1.559813        0.585616
    1328        0.000100        1.560343        0.586138
    1329        0.000100        1.556410        0.585186
    1330        0.000100        1.555523        0.584974
    1331        0.000100        1.553079        0.584382
    1332        0.000100        1.553443        0.584531
    1333        0.000100        1.551791        0.584061
    1334        0.000100        1.552837        0.584337
    1335        0.000100        1.552621        0.583923
    1336        0.000100        1.554095        0.584197
    1337        0.000100        1.554249        0.583710
    1338        0.000100        1.554366        0.583723
    1339        0.000100        1.553989        0.582975
    1340        0.000100        1.555737        0.582937
    1341        0.000100        1.556929        0.582132
    1342        0.000100        1.559656        0.582544
    1343        0.000100        1.559203        0.581699
    1344        0.000100        1.560983        0.582629
    1345        0.000100        1.558962        0.581860
    1346        0.000100        1.559605        0.582758
    1347        0.000100        1.556209        0.581959
    1348        0.000100        1.555120        0.582516
    1349        0.000100        1.550647        0.582089
    1350        0.000100        1.550100        0.582659
    1351        0.000100        1.548388        0.583016
    1352        0.000100        1.551779        0.584420
    1353        0.000100        1.552233        0.585089
    1354        0.000100        1.558469        0.587034
    1355        0.000100        1.557543        0.587067
    1356        0.000100        1.562901        0.588565
    1357        0.000100        1.560771        0.588160
    1358        0.000100        1.565576        0.589396
    1359        0.000100        1.561871        0.588318
    1360        0.000100        1.565629        0.589049
    1361        0.000100        1.561264        0.587584
    1362        0.000100        1.564034        0.587935
    1363        0.000100        1.560432        0.586748
    1364        0.000100        1.562584        0.586987
    1365        0.000100        1.559400        0.586035
    1366        0.000100        1.560530        0.586184
    1367        0.000100        1.557728        0.585463
    1368        0.000100        1.559634        0.585809
    1369        0.000100        1.557637        0.585248
    1370        0.000100        1.561731        0.585976
    1371        0.000100        1.558543        0.585330
    1372        0.000100        1.560141        0.586050
    1373        0.000100        1.556587        0.585553
    1374        0.000100        1.560576        0.586617
    1375        0.000100        1.558629        0.586076
    1376        0.000100        1.562772        0.586616
    1377        0.000100        1.558754        0.585451
    1378        0.000100        1.560532        0.585792
    1379        0.000100        1.556249        0.584542
    1380        0.000100        1.558963        0.584985
    1381        0.000100        1.556125        0.583690
    1382        0.000100        1.559714        0.584413
    1383        0.000100        1.555552        0.582889
    1384        0.000100        1.557837        0.583942
    1385        0.000100        1.552373        0.581933
    1386        0.000100        1.556227        0.583420
    1387        0.000100        1.552054        0.581266
    1388        0.000100        1.556694        0.582932
    1389        0.000100        1.551786        0.580846
    1390        0.000100        1.554816        0.582555
    1391        0.000100        1.549586        0.580305
    1392        0.000100        1.552862        0.581731
    1393        0.000100        1.549002        0.579820
    1394        0.000100        1.552702        0.581335
    1395        0.000100        1.547706        0.579681
    1396        0.000100        1.550753        0.581482
    1397        0.000100        1.544649        0.579572
    1398        0.000100        1.548610        0.581695
    1399        0.000100        1.544536        0.580082
    1400        0.000100        1.549250        0.582394
    1401        0.000100        1.545359        0.581661
    1402        0.000100        1.553133        0.585483
    1403        0.000100        1.565468        0.591891
    1404        0.000100        1.594260        0.603397
    1405        0.000100        1.594097        0.603023
    1406        0.000100        1.589806        0.598026
    1407        0.000100        1.578362        0.591873
    1408        0.000100        1.579364        0.590235
    1409        0.000100        1.574589        0.587943
    1410        0.000100        1.577854        0.588284
    1411        0.000100        1.574528        0.586998
    1412        0.000100        1.578018        0.587757
    1413        0.000100        1.574843        0.586500
    1414        0.000100        1.578309        0.587378
    1415        0.000100        1.575260        0.586028
    1416        0.000100        1.577771        0.586617
    1417        0.000100        1.575199        0.585533
    1418        0.000100        1.578055        0.586281
    1419        0.000100        1.574889        0.585178
    1420        0.000100        1.577923        0.586150
    1421        0.000100        1.575559        0.585165
    1422        0.000100        1.578381        0.586216
    1423        0.000100        1.576935        0.585391
    1424        0.000100        1.579473        0.586298
    1425        0.000100        1.577034        0.585312
    1426        0.000100        1.578915        0.586051
    1427        0.000100        1.576551        0.584762
    1428        0.000100        1.579758        0.585483
    1429        0.000100        1.579238        0.584560
    1430        0.000100        1.580884        0.585314
    1431        0.000100        1.578163        0.584311
    1432        0.000100        1.580482        0.585137
    1433        0.000100        1.579905        0.584152
    1434        0.000100        1.582870        0.584749
    1435        0.000100        1.581827        0.583724
    1436        0.000100        1.583294        0.584482
    1437        0.000100        1.580529        0.583596
    1438        0.000100        1.582253        0.584456
    1439        0.000100        1.580783        0.583471
    1440        0.000100        1.583413        0.584334
    1441        0.000100        1.582120        0.583580
    1442        0.000100        1.583197        0.584562
    1443        0.000100        1.579874        0.583635
    1444        0.000100        1.582072        0.584507
    1445        0.000100        1.581317        0.583638
    1446        0.000100        1.584750        0.584531
    1447        0.000100        1.582492        0.583489
    1448        0.000100        1.583502        0.584332
    1449        0.000100        1.580594        0.583467
    1450        0.000100        1.583839        0.584661
    1451        0.000100        1.583164        0.583866
    1452        0.000100        1.586522        0.584758
    1453        0.000100        1.583763        0.583730
    1454        0.000100        1.585186        0.584773
    1455        0.000100        1.581536        0.583878
    1456        0.000100        1.585280        0.585201
    1457        0.000100        1.583928        0.584435
    1458        0.000100        1.587195        0.585563
    1459        0.000100        1.583019        0.584260
    1460        0.000100        1.584061        0.585394
    1461        0.000100        1.581106        0.584665
    1462        0.000100        1.585868        0.586275
    1463        0.000100        1.584133        0.585071
    1464        0.000100        1.587409        0.586052
    1465        0.000100        1.583214        0.584537
    1466        0.000100        1.584953        0.585809
    1467        0.000100        1.581360        0.584361
    1468        0.000100        1.584613        0.585443
    1469        0.000100        1.581873        0.583657
    1470        0.000100        1.582204        0.583750
    1471        0.000100        1.575581        0.581098
    1472        0.000100        1.569283        0.579313
    1473        0.000100        1.565860        0.578503
    1474        0.000100        1.567309        0.580839
    1475        0.000100        1.567596        0.583175
    1476        0.000100        1.575335        0.592467
    1477        0.000100        1.583462        0.601245
    1478        0.000100        1.584318        0.602114
    1479        0.000100        1.604516        0.618361
    1480        0.000100        1.625960        0.633288
    1481        0.000100        1.586884        0.603739
    1482        0.000100        1.567870        0.587391
    1483        0.000100        1.562518        0.584173
    1484        0.000100        1.562731        0.583369
    1485        0.000100        1.560151        0.583534
    1486        0.000100        1.560528        0.583990
    1487        0.000100        1.560486        0.585281
    1488        0.000100        1.561925        0.586206
    1489        0.000100        1.562863        0.588329
    1490        0.000100        1.566398        0.589582
    1491        0.000100        1.568781        0.592220
    1492        0.000100        1.570718        0.592728
    1493        0.000100        1.572871        0.595108
    1494        0.000100        1.574142        0.594884
    1495        0.000100        1.574116        0.595208
    1496        0.000100        1.575536        0.593638
    1497        0.000100        1.575759        0.593911
    1498        0.000100        1.578075        0.594254
    1499        0.000100        1.574980        0.592808
    1500        0.000100        1.576195        0.592229
    1501        0.000100        1.571136        0.587877
    1502        0.000100        1.572882        0.585394
    1503        0.000100        1.568889        0.580877
    1504        0.000100        1.571522        0.580094
    1505        0.000100        1.570753        0.578810
    1506        0.000100        1.574357        0.579074
    1507        0.000100        1.574467        0.579108
    1508        0.000100        1.580373        0.580025
    1509        0.000100        1.579636        0.579934
    1510        0.000100        1.582653        0.580513
    1511        0.000100        1.578694        0.579630
    1512        0.000100        1.582033        0.580238
    1513        0.000100        1.578308        0.578846
    1514        0.000100        1.582125        0.579713
    1515        0.000100        1.577541        0.578543
    1516        0.000100        1.578694        0.579470
    1517        0.000100        1.573896        0.578565
    1518        0.000100        1.577033        0.579771
    1519        0.000100        1.574212        0.579510
    1520        0.000100        1.578912        0.581320
    1521        0.000100        1.576121        0.581281
    1522        0.000100        1.581414        0.583187
    1523        0.000100        1.581158        0.584281
    1524        0.000100        1.590715        0.587784
    1525        0.000100        1.594762        0.590410
    1526        0.000100        1.606957        0.593922
    1527        0.000100        1.602496        0.591355
    1528        0.000100        1.603646        0.589074
    1529        0.000100        1.596976        0.585124
    1530        0.000100        1.598546        0.584161
    1531        0.000100        1.593281        0.582339
    1532        0.000100        1.594925        0.582593
    1533        0.000100        1.590099        0.581201
    1534        0.000100        1.592429        0.581832
    1535        0.000100        1.588535        0.580554
    1536        0.000100        1.589987        0.581125
    1537        0.000100        1.586903        0.580009
    1538        0.000100        1.587873        0.580374
    1539        0.000100        1.584779        0.579325
    1540        0.000100        1.586345        0.579821
    1541        0.000100        1.583647        0.578959
    1542        0.000100        1.585852        0.579641
    1543        0.000100        1.583840        0.579064
    1544        0.000100        1.585453        0.579717
    1545        0.000100        1.581704        0.579338
    1546        0.000100        1.583046        0.579888
    1547        0.000100        1.582443        0.579920
    1548        0.000100        1.586842        0.580707
    1549        0.000100        1.584344        0.580250
    1550        0.000100        1.585435        0.580601
    1551        0.000100        1.582135        0.580061
    1552        0.000100        1.584488        0.580438
    1553        0.000100        1.584079        0.580252
    1554        0.000100        1.587492        0.580752
    1555        0.000100        1.585544        0.580252
    1556        0.000100        1.586389        0.580430
    1557        0.000100        1.583426        0.579768
    1558        0.000100        1.586237        0.580174
    1559        0.000100        1.585842        0.579916
    1560        0.000100        1.588731        0.580280
    1561        0.000100        1.585474        0.579553
    1562        0.000100        1.585794        0.579799
    1563        0.000100        1.582734        0.579310
    1564        0.000100        1.585298        0.579698
    1565        0.000100        1.584284        0.579377
    1566        0.000100        1.586059        0.579387
    1567        0.000100        1.582419        0.578636
    1568        0.000100        1.582491        0.578508
    1569        0.000100        1.578862        0.577627
    1570        0.000100        1.580872        0.577684
    1571        0.000100        1.578954        0.577062
    1572        0.000100        1.580220        0.577252
    1573        0.000100        1.575882        0.576309
    1574        0.000100        1.576045        0.576534
    1575        0.000100        1.572656        0.575725
    1576        0.000100        1.575391        0.576184
    1577        0.000100        1.573372        0.575780
    1578        0.000100        1.575839        0.576504
    1579        0.000100        1.572367        0.576258
    1580        0.000100        1.574420        0.577194
    1581        0.000100        1.573202        0.577617
    1582        0.000100        1.578043        0.578951
    1583        0.000100        1.578376        0.579682
    1584        0.000100        1.582528        0.580756
    1585        0.000100        1.580137        0.580614
    1586        0.000100        1.583822        0.581697
    1587        0.000100        1.582032        0.581964
    1588        0.000100        1.588159        0.583386
    1589        0.000100        1.585860        0.582893
    1590        0.000100        1.590940        0.583896
    1591        0.000100        1.586660        0.582486
    1592        0.000100        1.590237        0.583236
    1593        0.000100        1.586780        0.582749
    1594        0.000100        1.592748        0.583941
    1595        0.000100        1.589517        0.583172
    1596        0.000100        1.594883        0.583716
    1597        0.000100        1.590723        0.582084
    1598        0.000100        1.591972        0.581978
    1599        0.000100        1.587149        0.580679
    1600        0.000100        1.590344        0.581101
    1601        0.000100        1.586297        0.579135
    1602        0.000100        1.587987        0.578831
    1603        0.000100        1.582227        0.576816
    1604        0.000100        1.580236        0.577064
    1605        0.000100        1.573502        0.575892
    1606        0.000100        1.572768        0.575981
    1607        0.000100        1.568882        0.574869
    1608        0.000100        1.570434        0.575030
    1609        0.000100        1.567615        0.574339
    1610        0.000100        1.571196        0.575306
    1611        0.000100        1.568739        0.575044
    1612        0.000100        1.572913        0.576439
    1613        0.000100        1.571548        0.576570
    1614        0.000100        1.575422        0.577778
    1615        0.000100        1.574821        0.578076
    1616        0.000100        1.579475        0.579502
    1617        0.000100        1.579847        0.580273
    1618        0.000100        1.583395        0.580882
    1619        0.000100        1.582385        0.581137
    1620        0.000100        1.586314        0.581614
    1621        0.000100        1.585415        0.581447
    1622        0.000100        1.590133        0.581839
    1623        0.000100        1.587046        0.580563
    1624        0.000100        1.588832        0.580490
    1625        0.000100        1.585251        0.579269
    1626        0.000100        1.587992        0.579597
    1627        0.000100        1.584974        0.577881
    1628        0.000100        1.586187        0.577514
    1629        0.000100        1.582472        0.576022
    1630        0.000100        1.581304        0.576034
    1631        0.000100        1.576699        0.574885
    1632        0.000100        1.577007        0.575146
    1633        0.000100        1.573910        0.574655
    1634        0.000100        1.575169        0.575111
    1635        0.000100        1.571615        0.574670
    1636        0.000100        1.574088        0.575464
    1637        0.000100        1.572589        0.575526
    1638        0.000100        1.575667        0.576299
    1639        0.000100        1.576104        0.576845
    1640        0.000100        1.578764        0.577312
    1641        0.000100        1.579141        0.578205
    1642        0.000100        1.580391        0.578064
    1643        0.000100        1.581566        0.578891
    1644        0.000100        1.584567        0.578713
    1645        0.000100        1.585043        0.578864
    1646        0.000100        1.586795        0.578873
    1647        0.000100        1.582236        0.577741
    1648        0.000100        1.583340        0.578300
    1649        0.000100        1.581475        0.577703
    1650        0.000100        1.583510        0.578089
    1651        0.000100        1.581744        0.577412
