       0        0.000100     2923.120987       53.520386
       1        0.000100      128.793690        9.754956
       2        0.000100       26.003199        4.099400
       3        0.000100       14.198957        3.027068
       4        0.000100        6.811754        2.083874
       5        0.000100        3.158919        1.430341
       6        0.000100        1.574129        1.006103
       7        0.000100        0.870691        0.734812
       8        0.000100        0.540260        0.567434
       9        0.000100        0.370475        0.463263
      10        0.000100        0.268342        0.390711
      11        0.000100        0.199263        0.333593
      12        0.000100        0.149678        0.285807
      13        0.000100        0.113163        0.245465
      14        0.000100        0.086364        0.211439
      15        0.000100        0.066308        0.182142
      16        0.000100        0.051714        0.157797
      17        0.000100        0.041437        0.139087
      18        0.000100        0.033623        0.123048
      19        0.000100        0.027575        0.108813
      20        0.000100        0.023060        0.096771
      21        0.000100        0.019812        0.087171
      22        0.000100        0.017630        0.080385
      23        0.000100        0.016091        0.075505
      24        0.000100        0.014927        0.071728
      25        0.000100        0.013997        0.068595
      26        0.000100        0.013255        0.066071
      27        0.000100        0.012666        0.064055
      28        0.000100        0.012192        0.062497
      29        0.000100        0.011803        0.061287
      30        0.000100        0.011472        0.060302
      31        0.000100        0.011178        0.059428
      32        0.000100        0.010903        0.058577
      33        0.000100        0.010638        0.057692
      34        0.000100        0.010376        0.056754
      35        0.000100        0.010114        0.055728
      36        0.000100        0.009853        0.054629
      37        0.000100        0.009594        0.053454
      38        0.000100        0.009340        0.052250
      39        0.000100        0.009094        0.051027
      40        0.000100        0.008857        0.049806
      41        0.000100        0.008633        0.048629
      42        0.000100        0.008424        0.047531
      43        0.000100        0.008229        0.046516
      44        0.000100        0.008048        0.045585
      45        0.000100        0.007882        0.044750
      46        0.000100        0.007727        0.043986
      47        0.000100        0.007584        0.043319
      48        0.000100        0.007451        0.042728
      49        0.000100        0.007327        0.042198
      50        0.000100        0.007210        0.041720
      51        0.000100        0.007100        0.041292
      52        0.000100        0.006994        0.040898
      53        0.000100        0.006894        0.040547
      54        0.000100        0.006799        0.040229
      55        0.000100        0.006707        0.039932
      56        0.000100        0.006618        0.039668
      57        0.000100        0.006533        0.039431
      58        0.000100        0.006452        0.039214
      59        0.000100        0.006373        0.039020
      60        0.000100        0.006298        0.038846
      61        0.000100        0.006226        0.038695
      62        0.000100        0.006156        0.038557
      63        0.000100        0.006089        0.038438
      64        0.000100        0.006025        0.038329
      65        0.000100        0.005963        0.038235
      66        0.000100        0.005903        0.038150
      67        0.000100        0.005845        0.038066
      68        0.000100        0.005790        0.037995
      69        0.000100        0.005735        0.037918
      70        0.000100        0.005682        0.037838
      71        0.000100        0.005630        0.037747
      72        0.000100        0.005580        0.037667
      73        0.000100        0.005530        0.037570
      74        0.000100        0.005481        0.037463
      75        0.000100        0.005433        0.037353
      76        0.000100        0.005385        0.037235
      77        0.000100        0.005338        0.037107
      78        0.000100        0.005292        0.036978
      79        0.000100        0.005246        0.036838
      80        0.000100        0.005201        0.036689
      81        0.000100        0.005156        0.036536
      82        0.000100        0.005112        0.036383
      83        0.000100        0.005068        0.036218
      84        0.000100        0.005025        0.036054
      85        0.000100        0.004982        0.035879
      86        0.000100        0.004941        0.035711
      87        0.000100        0.004899        0.035528
      88        0.000100        0.004859        0.035355
      89        0.000100        0.004819        0.035173
      90        0.000100        0.004780        0.035002
      91        0.000100        0.004743        0.034830
      92        0.000100        0.004706        0.034659
      93        0.000100        0.004669        0.034490
      94        0.000100        0.004634        0.034327
      95        0.000100        0.004599        0.034160
      96        0.000100        0.004566        0.034005
      97        0.000100        0.004534        0.033850
      98        0.000100        0.004503        0.033705
      99        0.000100        0.004472        0.033559
     100        0.000100        0.004444        0.033429
     101        0.000100        0.004416        0.033296
     102        0.000100        0.004389        0.033171
     103        0.000100        0.004363        0.033049
     104        0.000100        0.004338        0.032934
     105        0.000100        0.004314        0.032825
     106        0.000100        0.004291        0.032721
     107        0.000100        0.004268        0.032619
     108        0.000100        0.004247        0.032522
     109        0.000100        0.004225        0.032430
     110        0.000100        0.004206        0.032344
     111        0.000100        0.004185        0.032262
     112        0.000100        0.004167        0.032185
     113        0.000100        0.004149        0.032110
     114        0.000100        0.004132        0.032043
     115        0.000100        0.004114        0.031974
     116        0.000100        0.004099        0.031916
     117        0.000100        0.004082        0.031851
     118        0.000100        0.004068        0.031802
     119        0.000100        0.004052        0.031740
     120        0.000100        0.004040        0.031701
     121        0.000100        0.004024        0.031640
     122        0.000100        0.004013        0.031606
     123        0.000100        0.003998        0.031551
     124        0.000100        0.003987        0.031517
     125        0.000100        0.003974        0.031476
     126        0.000100        0.003964        0.031445
     127        0.000100        0.003952        0.031404
     128        0.000100        0.003943        0.031383
     129        0.000100        0.003931        0.031346
     130        0.000100        0.003922        0.031319
     131        0.000100        0.003912        0.031294
     132        0.000100        0.003904        0.031271
     133        0.000100        0.003894        0.031248
     134        0.000100        0.003888        0.031232
     135        0.000100        0.003878        0.031217
     136        0.000100        0.003872        0.031199
     137        0.000100        0.003863        0.031187
     138        0.000100        0.003857        0.031174
     139        0.000100        0.003850        0.031165
     140        0.000100        0.003844        0.031151
     141        0.000100        0.003838        0.031149
     142        0.000100        0.003833        0.031133
     143        0.000100        0.003825        0.031130
     144        0.000100        0.003821        0.031124
     145        0.000100        0.003815        0.031113
     146        0.000100        0.003815        0.031120
     147        0.000100        0.003806        0.031129
     148        0.000100        0.003802        0.031111
     149        0.000100        0.003799        0.031109
     150        0.000100        0.003794        0.031097
     151        0.000100        0.003791        0.031093
     152        0.000100        0.003786        0.031116
     153        0.000100        0.003785        0.031107
     154        0.000100        0.003781        0.031106
     155        0.000100        0.003781        0.031117
     156        0.000100        0.003774        0.031108
     157        0.000100        0.003771        0.031086
     158        0.000100        0.003770        0.031109
     159        0.000100        0.003769        0.031127
     160        0.000100        0.003767        0.031135
     161        0.000100        0.003769        0.031160
     162        0.000100        0.003763        0.031118
     163        0.000100        0.003761        0.031148
     164        0.000100        0.003762        0.031180
     165        0.000100        0.003762        0.031200
     166        0.000100        0.003762        0.031214
     167        0.000100        0.003763        0.031235
     168        0.000100        0.003764        0.031250
     169        0.000100        0.003762        0.031290
     170        0.000100        0.003763        0.031305
     171        0.000100        0.003764        0.031328
     172        0.000100        0.003763        0.031324
     173        0.000100        0.003763        0.031332
     174        0.000100        0.003764        0.031343
     175        0.000100        0.003763        0.031345
     176        0.000100        0.003763        0.031352
     177        0.000100        0.003760        0.031342
     178        0.000100        0.003760        0.031358
     179        0.000100        0.003759        0.031351
     180        0.000100        0.003760        0.031360
     181        0.000100        0.003759        0.031363
     182        0.000100        0.003756        0.031342
     183        0.000100        0.003756        0.031343
     184        0.000100        0.003757        0.031351
     185        0.000100        0.003757        0.031355
     186        0.000100        0.003759        0.031362
     187        0.000100        0.003760        0.031375
     188        0.000100        0.003759        0.031369
     189        0.000100        0.003761        0.031384
     190        0.000100        0.003762        0.031395
     191        0.000100        0.003766        0.031411
     192        0.000100        0.003764        0.031404
     193        0.000100        0.003766        0.031428
     194        0.000100        0.003769        0.031432
     195        0.000100        0.003772        0.031458
     196        0.000100        0.003776        0.031458
     197        0.000100        0.003771        0.031460
     198        0.000100        0.003777        0.031475
     199        0.000100        0.003783        0.031522
     200        0.000100        0.003784        0.031522
     201        0.000100        0.003785        0.031529
     202        0.000100        0.003786        0.031529
     203        0.000100        0.003787        0.031527
     204        0.000100        0.003789        0.031531
     205        0.000100        0.003789        0.031519
     206        0.000100        0.003790        0.031512
     207        0.000100        0.003791        0.031511
     208        0.000100        0.003792        0.031507
     209        0.000100        0.003790        0.031490
     210        0.000100        0.003788        0.031461
     211        0.000100        0.003791        0.031475
     212        0.000100        0.003790        0.031447
     213        0.000100        0.003790        0.031440
     214        0.000100        0.003790        0.031430
     215        0.000100        0.003791        0.031421
     216        0.000100        0.003792        0.031411
     217        0.000100        0.003793        0.031407
     218        0.000100        0.003796        0.031414
     219        0.000100        0.003795        0.031404
     220        0.000100        0.003798        0.031407
     221        0.000100        0.003797        0.031395
     222        0.000100        0.003802        0.031396
     223        0.000100        0.003799        0.031386
     224        0.000100        0.003804        0.031362
     225        0.000100        0.003804        0.031378
     226        0.000100        0.003809        0.031377
     227        0.000100        0.003810        0.031369
     228        0.000100        0.003811        0.031373
     229        0.000100        0.003812        0.031323
     230        0.000100        0.003813        0.031355
     231        0.000100        0.003816        0.031367
     232        0.000100        0.003821        0.031374
     233        0.000100        0.003824        0.031388
     234        0.000100        0.003826        0.031378
     235        0.000100        0.003828        0.031376
     236        0.000100        0.003829        0.031364
     237        0.000100        0.003829        0.031344
     238        0.000100        0.003831        0.031340
     239        0.000100        0.003830        0.031318
     240        0.000100        0.003831        0.031303
     241        0.000100        0.003830        0.031299
     242        0.000100        0.003828        0.031229
     243        0.000100        0.003829        0.031248
     244        0.000100        0.003832        0.031225
     245        0.000100        0.003830        0.031210
     246        0.000100        0.003830        0.031194
     247        0.000100        0.003836        0.031195
     248        0.000100        0.003835        0.031187
     249        0.000100        0.003837        0.031187
     250        0.000100        0.003840        0.031172
     251        0.000100        0.003840        0.031170
     252        0.000100        0.003839        0.031162
     253        0.000100        0.003846        0.031156
     254        0.000100        0.003845        0.031148
     255        0.000100        0.003839        0.031076
     256        0.000100        0.003848        0.031132
     257        0.000100        0.003855        0.031141
     258        0.000100        0.003854        0.031119
     259        0.000100        0.003851        0.031095
     260        0.000100        0.003858        0.031114
     261        0.000100        0.003861        0.031070
     262        0.000100        0.003863        0.031107
     263        0.000100        0.003860        0.031113
     264        0.000100        0.003868        0.031108
     265        0.000100        0.003872        0.031118
     266        0.000100        0.003872        0.031112
     267        0.000100        0.003871        0.031103
     268        0.000100        0.003874        0.031079
     269        0.000100        0.003874        0.031071
     270        0.000100        0.003875        0.031058
     271        0.000100        0.003871        0.031044
     272        0.000100        0.003874        0.030979
     273        0.000100        0.003878        0.031052
     274        0.000100        0.003877        0.030973
     275        0.000100        0.003876        0.030982
     276        0.000100        0.003876        0.030950
     277        0.000100        0.003875        0.030935
     278        0.000100        0.003877        0.030920
     279        0.000100        0.003876        0.030909
     280        0.000100        0.003883        0.030905
     281        0.000100        0.003883        0.030912
     282        0.000100        0.003882        0.030891
     283        0.000100        0.003886        0.030878
     284        0.000100        0.003888        0.030875
     285        0.000100        0.003882        0.030875
     286        0.000100        0.003890        0.030858
     287        0.000100        0.003894        0.030850
     288        0.000100        0.003893        0.030879
     289        0.000100        0.003886        0.030827
     290        0.000100        0.003898        0.030863
     291        0.000100        0.003899        0.030805
     292        0.000100        0.003903        0.030852
     293        0.000100        0.003898        0.030811
     294        0.000100        0.003908        0.030834
     295        0.000100        0.003912        0.030830
     296        0.000100        0.003913        0.030857
     297        0.000100        0.003918        0.030866
     298        0.000100        0.003922        0.030860
     299        0.000100        0.003918        0.030863
     300        0.000100        0.003916        0.030850
     301        0.000100        0.003921        0.030834
     302        0.000100        0.003923        0.030816
     303        0.000100        0.003920        0.030828
     304        0.000100        0.003918        0.030787
     305        0.000100        0.003928        0.030832
     306        0.000100        0.003923        0.030742
     307        0.000100        0.003924        0.030812
     308        0.000100        0.003924        0.030733
     309        0.000100        0.003927        0.030777
     310        0.000100        0.003926        0.030720
     311        0.000100        0.003920        0.030732
     312        0.000100        0.003923        0.030671
     313        0.000100        0.003923        0.030661
     314        0.000100        0.003921        0.030646
     315        0.000100        0.003921        0.030663
     316        0.000100        0.003929        0.030619
     317        0.000100        0.003930        0.030663
     318        0.000100        0.003929        0.030617
     319        0.000100        0.003926        0.030662
     320        0.000100        0.003929        0.030588
     321        0.000100        0.003939        0.030650
     322        0.000100        0.003934        0.030573
     323        0.000100        0.003930        0.030638
     324        0.000100        0.003926        0.030538
     325        0.000100        0.003948        0.030630
     326        0.000100        0.003936        0.030522
     327        0.000100        0.003942        0.030650
     328        0.000100        0.003942        0.030579
     329        0.000100        0.003953        0.030608
     330        0.000100        0.003956        0.030637
     331        0.000100        0.003956        0.030635
     332        0.000100        0.003960        0.030643
     333        0.000100        0.003960        0.030633
     334        0.000100        0.003951        0.030625
     335        0.000100        0.003956        0.030604
     336        0.000100        0.003963        0.030593
     337        0.000100        0.003968        0.030658
     338        0.000100        0.003957        0.030565
     339        0.000100        0.003962        0.030692
     340        0.000100        0.003958        0.030531
     341        0.000100        0.003970        0.030610
     342        0.000100        0.003966        0.030584
     343        0.000100        0.003957        0.030618
     344        0.000100        0.003944        0.030449
     345        0.000100        0.003969        0.030571
     346        0.000100        0.003961        0.030472
     347        0.000100        0.003955        0.030479
     348        0.000100        0.003956        0.030498
     349        0.000100        0.003962        0.030464
     350        0.000100        0.003963        0.030466
     351        0.000100        0.003956        0.030442
     352        0.000100        0.003953        0.030469
     353        0.000100        0.003955        0.030386
     354        0.000100        0.003968        0.030445
     355        0.000100        0.003959        0.030382
     356        0.000100        0.003958        0.030465
     357        0.000100        0.003949        0.030328
     358        0.000100        0.003976        0.030475
     359        0.000100        0.003960        0.030325
     360        0.000100        0.003970        0.030481
     361        0.000100        0.003963        0.030370
     362        0.000100        0.003979        0.030433
     363        0.000100        0.003981        0.030451
     364        0.000100        0.003976        0.030475
     365        0.000100        0.003984        0.030462
     366        0.000100        0.003982        0.030511
     367        0.000100        0.003979        0.030424
     368        0.000100        0.003981        0.030480
     369        0.000100        0.003984        0.030443
     370        0.000100        0.003980        0.030485
     371        0.000100        0.003980        0.030383
     372        0.000100        0.003994        0.030614
     373        0.000100        0.003976        0.030375
     374        0.000100        0.003991        0.030561
     375        0.000100        0.003975        0.030395
     376        0.000100        0.003987        0.030533
     377        0.000100        0.003973        0.030358
     378        0.000100        0.003983        0.030491
     379        0.000100        0.003972        0.030338
     380        0.000100        0.003976        0.030457
     381        0.000100        0.003969        0.030321
     382        0.000100        0.003971        0.030378
     383        0.000100        0.003970        0.030303
     384        0.000100        0.003967        0.030362
     385        0.000100        0.003969        0.030264
     386        0.000100        0.003974        0.030361
     387        0.000100        0.003959        0.030168
     388        0.000100        0.003970        0.030324
     389        0.000100        0.003951        0.030141
     390        0.000100        0.003979        0.030310
     391        0.000100        0.003969        0.030218
     392        0.000100        0.003975        0.030341
     393        0.000100        0.003953        0.030079
     394        0.000100        0.003989        0.030386
     395        0.000100        0.004016        0.030448
     396        0.000100        0.004005        0.030635
     397        0.000100        0.003998        0.030380
     398        0.000100        0.004021        0.030571
     399        0.000100        0.004011        0.030472
     400        0.000100        0.004034        0.030577
     401        0.000100        0.004026        0.030544
     402        0.000100        0.004015        0.030496
     403        0.000100        0.004020        0.030448
     404        0.000100        0.004034        0.030448
     405        0.000100        0.004048        0.030570
     406        0.000100        0.004022        0.030380
     407        0.000100        0.004056        0.030659
     408        0.000100        0.004039        0.030425
     409        0.000100        0.004058        0.030542
     410        0.000100        0.004049        0.030464
     411        0.000100        0.004045        0.030465
     412        0.000100        0.004041        0.030383
     413        0.000100        0.004050        0.030341
     414        0.000100        0.004051        0.030284
     415        0.000100        0.004047        0.030330
     416        0.000100        0.004054        0.030292
     417        0.000100        0.004067        0.030269
     418        0.000100        0.004076        0.030334
     419        0.000100        0.004076        0.030343
     420        0.000100        0.004085        0.030332
     421        0.000100        0.004077        0.030350
     422        0.000100        0.004086        0.030345
     423        0.000100        0.004071        0.030195
     424        0.000100        0.004123        0.030519
     425        0.000100        0.004115        0.030393
     426        0.000100        0.004124        0.030474
     427        0.000100        0.004107        0.030277
     428        0.000100        0.004135        0.030526
     429        0.000100        0.004128        0.030373
     430        0.000100        0.004145        0.030433
     431        0.000100        0.004155        0.030504
     432        0.000100        0.004157        0.030526
     433        0.000100        0.004165        0.030515
     434        0.000100        0.004167        0.030613
     435        0.000100        0.004153        0.030475
     436        0.000100        0.004169        0.030492
     437        0.000100        0.004184        0.030544
     438        0.000100        0.004197        0.030660
     439        0.000100        0.004174        0.030473
     440        0.000100        0.004173        0.030409
     441        0.000100        0.004195        0.030555
     442        0.000100        0.004174        0.030369
     443        0.000100        0.004176        0.030314
     444        0.000100        0.004143        0.029756
     445        0.000100        0.004160        0.030091
     446        0.000100        0.004148        0.029961
     447        0.000100        0.004168        0.030034
     448        0.000100        0.004164        0.030045
     449        0.000100        0.004156        0.030048
     450        0.000100        0.004162        0.029992
     451        0.000100        0.004162        0.030094
     452        0.000100        0.004152        0.029916
     453        0.000100        0.004157        0.030005
     454        0.000100        0.004159        0.029951
     455        0.000100        0.004173        0.030067
     456        0.000100        0.004158        0.029919
     457        0.000100        0.004161        0.030006
     458        0.000100        0.004149        0.029855
     459        0.000100        0.004166        0.029991
     460        0.000100        0.004159        0.029874
     461        0.000100        0.004174        0.030078
     462        0.000100        0.004148        0.029823
     463        0.000100        0.004164        0.029994
     464        0.000100        0.004158        0.029876
     465        0.000100        0.004173        0.029955
     466        0.000100        0.004174        0.029996
     467        0.000100        0.004174        0.030050
     468        0.000100        0.004167        0.029930
     469        0.000100        0.004181        0.030167
     470        0.000100        0.004160        0.029969
     471        0.000100        0.004176        0.029943
     472        0.000100        0.004210        0.030351
     473        0.000100        0.004232        0.030770
     474        0.000100        0.004207        0.030342
     475        0.000100        0.004210        0.030320
     476        0.000100        0.004216        0.030445
     477        0.000100        0.004201        0.030236
     478        0.000100        0.004222        0.030365
     479        0.000100        0.004212        0.030253
     480        0.000100        0.004213        0.030296
     481        0.000100        0.004217        0.030219
     482        0.000100        0.004218        0.030306
     483        0.000100        0.004213        0.030151
     484        0.000100        0.004228        0.030211
     485        0.000100        0.004224        0.030131
     486        0.000100        0.004222        0.030184
     487        0.000100        0.004220        0.030006
     488        0.000100        0.004232        0.030164
     489        0.000100        0.004212        0.029890
     490        0.000100        0.004250        0.030173
     491        0.000100        0.004237        0.030008
     492        0.000100        0.004259        0.030149
     493        0.000100        0.004240        0.029966
     494        0.000100        0.004268        0.030229
     495        0.000100        0.004248        0.029979
     496        0.000100        0.004280        0.030147
     497        0.000100        0.004267        0.030048
     498        0.000100        0.004292        0.030236
     499        0.000100        0.004273        0.030045
     500        0.000100        0.004290        0.030260
     501        0.000100        0.004271        0.030048
     502        0.000100        0.004295        0.030103
     503        0.000100        0.004301        0.030276
     504        0.000100        0.004281        0.029978
     505        0.000100        0.004326        0.030368
     506        0.000100        0.004292        0.030103
     507        0.000100        0.004312        0.030233
     508        0.000100        0.004301        0.030082
     509        0.000100        0.004327        0.030288
     510        0.000100        0.004294        0.029992
     511        0.000100        0.004323        0.030216
     512        0.000100        0.004304        0.030059
     513        0.000100        0.004326        0.030146
     514        0.000100        0.004317        0.030075
     515        0.000100        0.004316        0.030111
     516        0.000100        0.004299        0.029898
     517        0.000100        0.004340        0.030070
     518        0.000100        0.004341        0.030260
     519        0.000100        0.004294        0.029779
     520        0.000100        0.004299        0.029759
     521        0.000100        0.004305        0.029821
     522        0.000100        0.004306        0.029642
     523        0.000100        0.004330        0.030014
     524        0.000100        0.004300        0.029764
     525        0.000100        0.004309        0.029736
     526        0.000100        0.004309        0.029784
     527        0.000100        0.004326        0.030048
     528        0.000100        0.004287        0.029702
     529        0.000100        0.004305        0.029835
     530        0.000100        0.004303        0.029845
     531        0.000100        0.004302        0.029881
     532        0.000100        0.004285        0.029694
     533        0.000100        0.004309        0.030031
     534        0.000100        0.004283        0.029838
     535        0.000100        0.004284        0.029752
     536        0.000100        0.004293        0.029892
     537        0.000100        0.004294        0.030011
     538        0.000100        0.004241        0.029612
     539        0.000100        0.004265        0.029774
     540        0.000100        0.004289        0.029980
     541        0.000100        0.004336        0.030333
     542        0.000100        0.004288        0.030241
     543        0.000100        0.004286        0.030020
     544        0.000100        0.004299        0.030150
     545        0.000100        0.004267        0.029879
     546        0.000100        0.004298        0.030035
     547        0.000100        0.004292        0.029998
     548        0.000100        0.004290        0.029999
     549        0.000100        0.004290        0.029898
     550        0.000100        0.004296        0.030015
     551        0.000100        0.004276        0.029871
     552        0.000100        0.004298        0.029895
     553        0.000100        0.004287        0.029879
     554        0.000100        0.004292        0.029848
     555        0.000100        0.004294        0.029845
     556        0.000100        0.004317        0.029981
     557        0.000100        0.004296        0.029911
     558        0.000100        0.004314        0.029972
     559        0.000100        0.004296        0.029813
     560        0.000100        0.004317        0.030000
     561        0.000100        0.004299        0.029797
     562        0.000100        0.004338        0.030032
     563        0.000100        0.004304        0.029905
     564        0.000100        0.004322        0.029924
     565        0.000100        0.004329        0.030080
     566        0.000100        0.004319        0.029910
     567        0.000100        0.004338        0.030074
     568        0.000100        0.004322        0.029946
     569        0.000100        0.004339        0.029999
     570        0.000100        0.004328        0.030040
     571        0.000100        0.004330        0.030058
     572        0.000100        0.004335        0.030003
     573        0.000100        0.004356        0.030176
     574        0.000100        0.004325        0.030025
     575        0.000100        0.004353        0.030103
     576        0.000100        0.004313        0.029890
     577        0.000100        0.004339        0.030118
     578        0.000100        0.004301        0.029766
     579        0.000100        0.004335        0.029894
     580        0.000100        0.004339        0.030110
     581        0.000100        0.004308        0.029782
     582        0.000100        0.004321        0.029789
     583        0.000100        0.004351        0.030045
     584        0.000100        0.004313        0.029867
     585        0.000100        0.004328        0.029801
     586        0.000100        0.004331        0.029833
     587        0.000100        0.004335        0.030125
     588        0.000100        0.004291        0.029521
     589        0.000100        0.004329        0.029715
     590        0.000100        0.004277        0.029501
     591        0.000100        0.004296        0.029504
     592        0.000100        0.004321        0.029864
     593        0.000100        0.004292        0.029621
     594        0.000100        0.004354        0.030198
     595        0.000100        0.004298        0.029754
     596        0.000100        0.004340        0.029949
     597        0.000100        0.004312        0.029813
     598        0.000100        0.004332        0.030018
     599        0.000100        0.004308        0.029739
     600        0.000100        0.004352        0.030026
     601        0.000100        0.004309        0.029827
     602        0.000100        0.004340        0.030000
     603        0.000100        0.004312        0.029787
     604        0.000100        0.004339        0.030080
     605        0.000100        0.004299        0.029739
     606        0.000100        0.004344        0.029978
     607        0.000100        0.004313        0.029827
     608        0.000100        0.004329        0.030001
     609        0.000100        0.004295        0.029680
     610        0.000100        0.004336        0.029923
     611        0.000100        0.004304        0.029723
     612        0.000100        0.004333        0.029928
     613        0.000100        0.004290        0.029630
     614        0.000100        0.004330        0.029913
     615        0.000100        0.004293        0.029618
     616        0.000100        0.004334        0.029873
     617        0.000100        0.004293        0.029629
     618        0.000100        0.004324        0.029886
     619        0.000100        0.004291        0.029586
     620        0.000100        0.004337        0.029831
     621        0.000100        0.004294        0.029662
     622        0.000100        0.004318        0.029861
     623        0.000100        0.004292        0.029592
     624        0.000100        0.004332        0.029784
     625        0.000100        0.004305        0.029730
     626        0.000100        0.004322        0.029869
     627        0.000100        0.004296        0.029615
     628        0.000100        0.004326        0.029914
     629        0.000100        0.004293        0.029679
     630        0.000100        0.004321        0.029766
     631        0.000100        0.004309        0.029726
     632        0.000100        0.004324        0.029970
     633        0.000100        0.004291        0.029621
     634        0.000100        0.004321        0.029859
     635        0.000100        0.004297        0.029751
     636        0.000100        0.004315        0.029778
     637        0.000100        0.004297        0.029664
     638        0.000100        0.004319        0.029970
     639        0.000100        0.004288        0.029639
     640        0.000100        0.004311        0.029798
     641        0.000100        0.004297        0.029754
     642        0.000100        0.004313        0.029814
     643        0.000100        0.004282        0.029624
     644        0.000100        0.004308        0.029905
     645        0.000100        0.004284        0.029634
     646        0.000100        0.004305        0.029786
     647        0.000100        0.004292        0.029712
     648        0.000100        0.004311        0.029835
     649        0.000100        0.004276        0.029654
     650        0.000100        0.004302        0.029797
     651        0.000100        0.004282        0.029644
     652        0.000100        0.004292        0.029797
     653        0.000100        0.004273        0.029609
     654        0.000100        0.004303        0.029777
     655        0.000100        0.004275        0.029609
     656        0.000100        0.004294        0.029847
     657        0.000100        0.004268        0.029572
     658        0.000100        0.004292        0.029758
     659        0.000100        0.004274        0.029664
     660        0.000100        0.004295        0.029759
     661        0.000100        0.004265        0.029638
     662        0.000100        0.004286        0.029794
     663        0.000100        0.004266        0.029587
     664        0.000100        0.004283        0.029783
     665        0.000100        0.004264        0.029627
     666        0.000100        0.004284        0.029757
     667        0.000100        0.004260        0.029549
     668        0.000100        0.004286        0.029796
     669        0.000100        0.004249        0.029614
     670        0.000100        0.004266        0.029630
     671        0.000100        0.004253        0.029616
     672        0.000100        0.004268        0.029723
     673        0.000100        0.004251        0.029524
     674        0.000100        0.004272        0.029720
     675        0.000100        0.004253        0.029654
     676        0.000100        0.004255        0.029674
     677        0.000100        0.004239        0.029461
     678        0.000100        0.004271        0.029741
     679        0.000100        0.004240        0.029528
     680        0.000100        0.004253        0.029686
     681        0.000100        0.004237        0.029508
     682        0.000100        0.004258        0.029637
     683        0.000100        0.004227        0.029519
     684        0.000100        0.004248        0.029621
     685        0.000100        0.004233        0.029467
     686        0.000100        0.004245        0.029661
     687        0.000100        0.004230        0.029515
     688        0.000100        0.004245        0.029635
     689        0.000100        0.004224        0.029447
     690        0.000100        0.004246        0.029678
     691        0.000100        0.004223        0.029455
     692        0.000100        0.004241        0.029605
     693        0.000100        0.004218        0.029539
     694        0.000100        0.004226        0.029504
     695        0.000100        0.004219        0.029420
     696        0.000100        0.004232        0.029712
     697        0.000100        0.004208        0.029402
     698        0.000100        0.004231        0.029519
     699        0.000100        0.004222        0.029630
     700        0.000100        0.004212        0.029514
     701        0.000100        0.004208        0.029376
     702        0.000100        0.004238        0.029607
     703        0.000100        0.004205        0.029608
     704        0.000100        0.004195        0.029366
     705        0.000100        0.004195        0.029303
     706        0.000100        0.004223        0.029487
     707        0.000100        0.004210        0.029773
     708        0.000100        0.004179        0.029260
     709        0.000100        0.004152        0.029037
     710        0.000100        0.004166        0.029165
     711        0.000100        0.004152        0.029153
     712        0.000100        0.004153        0.029138
     713        0.000100        0.004146        0.029107
     714        0.000100        0.004158        0.029313
     715        0.000100        0.004133        0.029156
     716        0.000100        0.004135        0.029219
     717        0.000100        0.004120        0.029128
     718        0.000100        0.004131        0.029276
     719        0.000100        0.004114        0.029155
     720        0.000100        0.004118        0.029220
     721        0.000100        0.004101        0.029151
     722        0.000100        0.004108        0.029265
     723        0.000100        0.004086        0.029126
     724        0.000100        0.004091        0.029175
     725        0.000100        0.004079        0.029123
     726        0.000100        0.004090        0.029281
     727        0.000100        0.004076        0.029195
     728        0.000100        0.004081        0.029217
     729        0.000100        0.004113        0.029445
     730        0.000100        0.004075        0.029648
     731        0.000100        0.004055        0.029184
     732        0.000100        0.004083        0.029435
     733        0.000100        0.004071        0.029479
     734        0.000100        0.004064        0.029499
     735        0.000100        0.004050        0.029262
     736        0.000100        0.004071        0.029471
     737        0.000100        0.004046        0.029421
     738        0.000100        0.004048        0.029366
     739        0.000100        0.004035        0.029354
     740        0.000100        0.004042        0.029393
     741        0.000100        0.004042        0.029327
     742        0.000100        0.004040        0.029497
     743        0.000100        0.004022        0.029266
     744        0.000100        0.004039        0.029446
     745        0.000100        0.004016        0.029303
     746        0.000100        0.004033        0.029384
     747        0.000100        0.004013        0.029348
     748        0.000100        0.004017        0.029346
     749        0.000100        0.004014        0.029291
     750        0.000100        0.004011        0.029414
     751        0.000100        0.004005        0.029261
     752        0.000100        0.004018        0.029426
     753        0.000100        0.003989        0.029260
     754        0.000100        0.004009        0.029333
     755        0.000100        0.003994        0.029322
     756        0.000100        0.003991        0.029283
     757        0.000100        0.003991        0.029202
     758        0.000100        0.003995        0.029402
     759        0.000100        0.003981        0.029203
     760        0.000100        0.003996        0.029344
     761        0.000100        0.003973        0.029245
     762        0.000100        0.003985        0.029265
     763        0.000100        0.003975        0.029281
     764        0.000100        0.003974        0.029265
     765        0.000100        0.003971        0.029139
     766        0.000100        0.003979        0.029358
     767        0.000100        0.003966        0.029208
     768        0.000100        0.003976        0.029273
     769        0.000100        0.003954        0.029221
     770        0.000100        0.003968        0.029204
     771        0.000100        0.003958        0.029225
     772        0.000100        0.003962        0.029256
     773        0.000100        0.003957        0.029098
     774        0.000100        0.003967        0.029318
     775        0.000100        0.003952        0.029212
     776        0.000100        0.003958        0.029188
     777        0.000100        0.003953        0.029197
     778        0.000100        0.003963        0.029256
     779        0.000100        0.003944        0.029146
     780        0.000100        0.003954        0.029198
     781        0.000100        0.003953        0.029182
     782        0.000100        0.003948        0.029210
     783        0.000100        0.003946        0.029120
     784        0.000100        0.003956        0.029277
     785        0.000100        0.003935        0.029072
     786        0.000100        0.003954        0.029144
     787        0.000100        0.003941        0.029214
     788        0.000100        0.003940        0.029084
     789        0.000100        0.003942        0.029052
     790        0.000100        0.003945        0.029289
     791        0.000100        0.003919        0.028896
     792        0.000100        0.003887        0.028615
     793        0.000100        0.003909        0.028688
     794        0.000100        0.003917        0.028889
     795        0.000100        0.003886        0.028624
     796        0.000100        0.003905        0.028759
     797        0.000100        0.003899        0.028740
     798        0.000100        0.003897        0.028818
     799        0.000100        0.003882        0.028695
     800        0.000100        0.003890        0.028804
     801        0.000100        0.003878        0.028689
     802        0.000100        0.003890        0.028799
     803        0.000100        0.003867        0.028745
     804        0.000100        0.003877        0.028750
     805        0.000100        0.003872        0.028772
     806        0.000100        0.003860        0.028759
     807        0.000100        0.003856        0.028693
     808        0.000100        0.003870        0.028847
     809        0.000100        0.003847        0.028703
     810        0.000100        0.003854        0.028738
     811        0.000100        0.003851        0.028734
     812        0.000100        0.003847        0.028789
     813        0.000100        0.003831        0.028686
     814        0.000100        0.003844        0.028738
     815        0.000100        0.003830        0.028763
     816        0.000100        0.003826        0.028694
     817        0.000100        0.003824        0.028682
     818        0.000100        0.003832        0.028813
     819        0.000100        0.003825        0.028777
     820        0.000100        0.003806        0.028624
     821        0.000100        0.003815        0.028704
     822        0.000100        0.003829        0.028916
     823        0.000100        0.003842        0.029316
     824        0.000100        0.003822        0.029084
     825        0.000100        0.003806        0.028968
     826        0.000100        0.003825        0.029116
     827        0.000100        0.003815        0.028996
     828        0.000100        0.003818        0.029030
     829        0.000100        0.003821        0.029027
     830        0.000100        0.003822        0.029082
     831        0.000100        0.003800        0.028967
     832        0.000100        0.003808        0.028942
     833        0.000100        0.003810        0.028949
     834        0.000100        0.003810        0.028998
     835        0.000100        0.003815        0.028960
     836        0.000100        0.003816        0.029051
     837        0.000100        0.003793        0.028896
     838        0.000100        0.003807        0.028881
     839        0.000100        0.003811        0.028944
     840        0.000100        0.003807        0.028964
     841        0.000100        0.003807        0.028878
     842        0.000100        0.003819        0.029071
     843        0.000100        0.003798        0.028880
     844        0.000100        0.003818        0.028943
     845        0.000100        0.003808        0.028963
     846        0.000100        0.003803        0.028944
     847        0.000100        0.003805        0.028863
     848        0.000100        0.003810        0.028984
     849        0.000100        0.003806        0.028865
     850        0.000100        0.003820        0.028956
     851        0.000100        0.003799        0.028904
     852        0.000100        0.003805        0.028842
     853        0.000100        0.003811        0.028848
     854        0.000100        0.003813        0.028996
     855        0.000100        0.003794        0.028719
     856        0.000100        0.003820        0.028823
     857        0.000100        0.003815        0.029015
     858        0.000100        0.003791        0.028696
     859        0.000100        0.003780        0.028552
     860        0.000100        0.003769        0.028228
     861        0.000100        0.003791        0.028588
     862        0.000100        0.003779        0.028490
     863        0.000100        0.003777        0.028430
     864        0.000100        0.003788        0.028630
     865        0.000100        0.003767        0.028445
     866        0.000100        0.003779        0.028574
     867        0.000100        0.003767        0.028462
     868        0.000100        0.003780        0.028541
     869        0.000100        0.003763        0.028509
     870        0.000100        0.003764        0.028496
     871        0.000100        0.003766        0.028519
     872        0.000100        0.003761        0.028550
     873        0.000100        0.003757        0.028471
     874        0.000100        0.003765        0.028602
     875        0.000100        0.003742        0.028421
     876        0.000100        0.003760        0.028529
     877        0.000100        0.003755        0.028500
     878        0.000100        0.003746        0.028523
     879        0.000100        0.003733        0.028447
     880        0.000100        0.003738        0.028404
     881        0.000100        0.003737        0.028407
     882        0.000100        0.003745        0.028565
     883        0.000100        0.003732        0.028449
     884        0.000100        0.003741        0.028517
     885        0.000100        0.003730        0.028484
     886        0.000100        0.003730        0.028436
     887        0.000100        0.003722        0.028472
     888        0.000100        0.003724        0.028522
     889        0.000100        0.003713        0.028427
     890        0.000100        0.003721        0.028472
     891        0.000100        0.003717        0.028488
     892        0.000100        0.003713        0.028459
     893        0.000100        0.003700        0.028320
     894        0.000100        0.003728        0.028623
     895        0.000100        0.003737        0.028843
     896        0.000100        0.003726        0.028829
     897        0.000100        0.003714        0.028590
     898        0.000100        0.003730        0.028792
     899        0.000100        0.003734        0.028806
     900        0.000100        0.003731        0.028741
     901        0.000100        0.003722        0.028712
     902        0.000100        0.003735        0.028710
     903        0.000100        0.003732        0.028729
     904        0.000100        0.003730        0.028733
     905        0.000100        0.003737        0.028702
     906        0.000100        0.003740        0.028805
     907        0.000100        0.003723        0.028614
     908        0.000100        0.003743        0.028691
     909        0.000100        0.003740        0.028696
     910        0.000100        0.003732        0.028705
     911        0.000100        0.003740        0.028641
     912        0.000100        0.003742        0.028696
     913        0.000100        0.003731        0.028625
     914        0.000100        0.003752        0.028674
     915        0.000100        0.003745        0.028711
     916        0.000100        0.003744        0.028641
     917        0.000100        0.003750        0.028630
     918        0.000100        0.003751        0.028711
     919        0.000100        0.003750        0.028623
     920        0.000100        0.003763        0.028708
     921        0.000100        0.003743        0.028630
     922        0.000100        0.003758        0.028592
     923        0.000100        0.003760        0.028682
     924        0.000100        0.003752        0.028657
     925        0.000100        0.003749        0.028495
     926        0.000100        0.003774        0.028711
     927        0.000100        0.003760        0.028666
     928        0.000100        0.003755        0.028459
     929        0.000100        0.003723        0.028210
     930        0.000100        0.003732        0.028128
     931        0.000100        0.003734        0.028275
     932        0.000100        0.003731        0.028177
     933        0.000100        0.003740        0.028207
     934        0.000100        0.003746        0.028390
     935        0.000100        0.003727        0.028182
     936        0.000100        0.003738        0.028336
     937        0.000100        0.003725        0.028185
     938        0.000100        0.003742        0.028307
     939        0.000100        0.003721        0.028250
     940        0.000100        0.003731        0.028263
     941        0.000100        0.003728        0.028262
     942        0.000100        0.003721        0.028277
     943        0.000100        0.003719        0.028174
     944        0.000100        0.003737        0.028394
     945        0.000100        0.003709        0.028176
     946        0.000100        0.003725        0.028272
     947        0.000100        0.003723        0.028245
     948        0.000100        0.003715        0.028280
     949        0.000100        0.003701        0.028179
     950        0.000100        0.003719        0.028219
     951        0.000100        0.003707        0.028199
     952        0.000100        0.003712        0.028255
     953        0.000100        0.003710        0.028206
     954        0.000100        0.003720        0.028345
     955        0.000100        0.003698        0.028197
     956        0.000100        0.003709        0.028163
     957        0.000100        0.003706        0.028297
     958        0.000100        0.003699        0.028266
     959        0.000100        0.003685        0.028041
     960        0.000100        0.003720        0.028427
     961        0.000100        0.003735        0.028611
     962        0.000100        0.003717        0.028600
     963        0.000100        0.003712        0.028365
     964        0.000100        0.003740        0.028614
     965        0.000100        0.003720        0.028567
     966        0.000100        0.003723        0.028423
     967        0.000100        0.003724        0.028493
     968        0.000100        0.003732        0.028514
     969        0.000100        0.003740        0.028510
     970        0.000100        0.003742        0.028563
     971        0.000100        0.003733        0.028443
     972        0.000100        0.003750        0.028508
     973        0.000100        0.003739        0.028508
     974        0.000100        0.003744        0.028437
     975        0.000100        0.003752        0.028473
     976        0.000100        0.003748        0.028506
     977        0.000100        0.003750        0.028426
     978        0.000100        0.003763        0.028564
     979        0.000100        0.003747        0.028426
     980        0.000100        0.003766        0.028448
     981        0.000100        0.003767        0.028489
     982        0.000100        0.003759        0.028476
     983        0.000100        0.003759        0.028383
     984        0.000100        0.003772        0.028498
     985        0.000100        0.003763        0.028401
     986        0.000100        0.003781        0.028420
     987        0.000100        0.003781        0.028457
     988        0.000100        0.003775        0.028456
     989        0.000100        0.003772        0.028346
     990        0.000100        0.003791        0.028485
     991        0.000100        0.003780        0.028413
     992        0.000100        0.003790        0.028333
     993        0.000100        0.003799        0.028488
     994        0.000100        0.003788        0.028461
     995        0.000100        0.003770        0.028177
     996        0.000100        0.003751        0.027800
     997        0.000100        0.003778        0.027981
     998        0.000100        0.003776        0.028129
     999        0.000100        0.003769        0.027951
    1000        0.000100        0.003785        0.028103
    1001        0.000100        0.003767        0.028043
    1002        0.000100        0.003771        0.028041
    1003        0.000100        0.003776        0.028046
    1004        0.000100        0.003772        0.028111
    1005        0.000100        0.003769        0.027995
    1006        0.000100        0.003778        0.028164
    1007        0.000100        0.003760        0.027953
    1008        0.000100        0.003776        0.028125
    1009        0.000100        0.003769        0.028026
    1010        0.000100        0.003774        0.028097
    1011        0.000100        0.003759        0.028043
    1012        0.000100        0.003764        0.028009
    1013        0.000100        0.003769        0.028039
    1014        0.000100        0.003769        0.028131
    1015        0.000100        0.003759        0.027985
    1016        0.000100        0.003774        0.028171
    1017        0.000100        0.003749        0.027987
    1018        0.000100        0.003768        0.028034
    1019        0.000100        0.003766        0.028078
    1020        0.000100        0.003751        0.028035
    1021        0.000100        0.003747        0.028007
    1022        0.000100        0.003761        0.028019
    1023        0.000100        0.003747        0.027991
    1024        0.000100        0.003761        0.028062
    1025        0.000100        0.003762        0.028075
    1026        0.000100        0.003758        0.028119
    1027        0.000100        0.003744        0.028021
    1028        0.000100        0.003753        0.027981
    1029        0.000100        0.003753        0.028106
    1030        0.000100        0.003757        0.028066
    1031        0.000100        0.003743        0.027964
    1032        0.000100        0.003755        0.028195
    1033        0.000100        0.003798        0.028576
    1034        0.000100        0.003765        0.028417
    1035        0.000100        0.003761        0.028230
    1036        0.000100        0.003787        0.028500
    1037        0.000100        0.003774        0.028391
    1038        0.000100        0.003779        0.028344
    1039        0.000100        0.003774        0.028357
    1040        0.000100        0.003787        0.028337
    1041        0.000100        0.003788        0.028337
    1042        0.000100        0.003784        0.028340
    1043        0.000100        0.003792        0.028328
    1044        0.000100        0.003799        0.028410
    1045        0.000100        0.003786        0.028265
    1046        0.000100        0.003809        0.028359
    1047        0.000100        0.003803        0.028323
    1048        0.000100        0.003797        0.028328
    1049        0.000100        0.003805        0.028292
    1050        0.000100        0.003814        0.028295
    1051        0.000100        0.003802        0.028284
    1052        0.000100        0.003816        0.028287
    1053        0.000100        0.003822        0.028308
    1054        0.000100        0.003818        0.028329
    1055        0.000100        0.003821        0.028261
    1056        0.000100        0.003834        0.028379
    1057        0.000100        0.003818        0.028258
    1058        0.000100        0.003840        0.028304
    1059        0.000100        0.003841        0.028349
    1060        0.000100        0.003831        0.028317
    1061        0.000100        0.003829        0.028209
    1062        0.000100        0.003847        0.028346
    1063        0.000100        0.003839        0.028265
    1064        0.000100        0.003857        0.028302
    1065        0.000100        0.003853        0.028335
    1066        0.000100        0.003847        0.028276
    1067        0.000100        0.003848        0.028199
    1068        0.000100        0.003868        0.028343
    1069        0.000100        0.003854        0.028240
    1070        0.000100        0.003867        0.028212
    1071        0.000100        0.003872        0.028360
    1072        0.000100        0.003861        0.028249
    1073        0.000100        0.003856        0.028109
    1074        0.000100        0.003880        0.028205
    1075        0.000100        0.003887        0.028418
    1076        0.000100        0.003861        0.028069
    1077        0.000100        0.003843        0.027881
    1078        0.000100        0.003855        0.027685
    1079        0.000100        0.003858        0.027921
    1080        0.000100        0.003862        0.027790
    1081        0.000100        0.003858        0.027851
    1082        0.000100        0.003863        0.027925
    1083        0.000100        0.003860        0.027793
    1084        0.000100        0.003863        0.027942
    1085        0.000100        0.003855        0.027800
    1086        0.000100        0.003868        0.027949
    1087        0.000100        0.003856        0.027805
    1088        0.000100        0.003868        0.027918
    1089        0.000100        0.003852        0.027840
    1090        0.000100        0.003856        0.027813
    1091        0.000100        0.003859        0.027853
    1092        0.000100        0.003859        0.027934
    1093        0.000100        0.003860        0.027862
    1094        0.000100        0.003866        0.027987
    1095        0.000100        0.003842        0.027772
    1096        0.000100        0.003870        0.027939
    1097        0.000100        0.003859        0.027880
    1098        0.000100        0.003850        0.027894
    1099        0.000100        0.003841        0.027813
    1100        0.000100        0.003858        0.027840
    1101        0.000100        0.003839        0.027857
    1102        0.000100        0.003845        0.027804
    1103        0.000100        0.003861        0.027879
    1104        0.000100        0.003866        0.028043
    1105        0.000100        0.003867        0.028053
    1106        0.000100        0.003832        0.027732
    1107        0.000100        0.003844        0.027886
    1108        0.000100        0.003886        0.028238
    1109        0.000100        0.003889        0.028452
    1110        0.000100        0.003866        0.028197
    1111        0.000100        0.003875        0.028267
    1112        0.000100        0.003888        0.028325
    1113        0.000100        0.003877        0.028231
    1114        0.000100        0.003888        0.028236
    1115        0.000100        0.003896        0.028266
    1116        0.000100        0.003882        0.028240
    1117        0.000100        0.003885        0.028157
    1118        0.000100        0.003900        0.028267
    1119        0.000100        0.003896        0.028189
    1120        0.000100        0.003911        0.028247
    1121        0.000100        0.003896        0.028203
    1122        0.000100        0.003912        0.028203
    1123        0.000100        0.003909        0.028255
    1124        0.000100        0.003914        0.028232
    1125        0.000100        0.003924        0.028236
    1126        0.000100        0.003924        0.028312
    1127        0.000100        0.003907        0.028131
    1128        0.000100        0.003928        0.028242
    1129        0.000100        0.003927        0.028199
