       0        0.000100  2215407.460191     1478.342041
       1        0.000100  2198432.473726     1472.605957
       2        0.000100  2172974.567675     1463.968140
       3        0.000100  2137855.935510     1451.971069
       4        0.000100  2091776.207803     1436.080444
       5        0.000100  2033800.982484     1415.835571
       6        0.000100  1963596.126592     1390.926636
       7        0.000100  1881357.784236     1361.166016
       8        0.000100  1787735.740446     1326.469604
       9        0.000100  1683772.851911     1286.836548
      10        0.000100  1570856.155255     1242.345947
      11        0.000100  1450669.541401     1193.152344
      12        0.000100  1325143.062898     1139.483887
      13        0.000100  1196395.880573     1081.656006
      14        0.000100  1066672.566879     1020.045105
      15        0.000100   938270.416003      955.103333
      16        0.000100   813460.306529      887.368713
      17        0.000100   694402.804140      817.462402
      18        0.000100   583060.528861      746.085632
      19        0.000100   481112.649283      674.019348
      20        0.000100   389873.727906      602.139099
      21        0.000100   310224.255971      531.412659
      22        0.000100   242561.331210      463.074890
      23        0.000100   186773.926055      398.825256
      24        0.000100   142260.323846      340.205353
      25        0.000100   107983.436405      288.833221
      26        0.000100    82573.151548      246.478180
      27        0.000100    64463.098763      213.464401
      28        0.000100    52044.638025      189.101791
      29        0.000100    43812.086609      171.479172
      30        0.000100    38473.695673      159.164093
      31        0.000100    35010.857385      150.793045
      32        0.000100    32684.861540      144.881088
      33        0.000100    31002.415369      140.443771
      34        0.000100    29660.171017      136.847641
      35        0.000100    28486.523954      133.738358
      36        0.000100    27392.709283      130.849045
      37        0.000100    26337.184726      128.060654
      38        0.000100    25303.178972      125.320847
      39        0.000100    24285.666837      122.598457
      40        0.000100    23284.528563      119.880211
      41        0.000100    22301.390731      117.157059
      42        0.000100    21338.256133      114.438995
      43        0.000100    20397.073926      111.728615
      44        0.000100    19479.548909      109.031311
      45        0.000100    18587.234251      106.346153
      46        0.000100    17721.397125      103.684654
      47        0.000100    16883.130424      101.056511
      48        0.000100    16073.336731       98.452003
      49        0.000100    15292.785607       95.871162
      50        0.000100    14542.101898       93.327950
      51        0.000100    13821.653700       90.836433
      52        0.000100    13131.662122       88.391243
      53        0.000100    12472.152067       86.006599
      54        0.000100    11842.957784       83.681931
      55        0.000100    11243.710692       81.417519
      56        0.000100    10673.885325       79.203156
      57        0.000100    10132.825433       77.038490
      58        0.000100     9619.738732       74.929947
      59        0.000100     9133.680334       72.877243
      60        0.000100     8673.605615       70.886406
      61        0.000100     8238.398893       68.952553
      62        0.000100     7826.883008       67.073891
      63        0.000100     7437.851172       65.257401
      64        0.000100     7070.101303       63.495174
      65        0.000100     6722.428106       61.789268
      66        0.000100     6393.692345       60.145287
      67        0.000100     6082.958056       58.547848
      68        0.000100     5789.180907       56.993649
      69        0.000100     5511.382666       55.487553
      70        0.000100     5248.691890       54.031082
      71        0.000100     5000.287162       52.630997
      72        0.000100     4765.350262       51.284916
      73        0.000100     4543.141964       49.983627
      74        0.000100     4332.979879       48.735363
      75        0.000100     4134.229156       47.528324
      76        0.000100     3946.303149       46.361565
      77        0.000100     3768.639842       45.244030
      78        0.000100     3600.708135       44.171230
      79        0.000100     3442.009521       43.135681
      80        0.000100     3292.060366       42.143990
      81        0.000100     3150.395268       41.189713
      82        0.000100     3016.599454       40.275089
      83        0.000100     2890.237718       39.404217
      84        0.000100     2770.907284       38.574970
      85        0.000100     2658.242876       37.781750
      86        0.000100     2551.868582       37.027279
      87        0.000100     2451.409945       36.306995
      88        0.000100     2356.525901       35.614223
      89        0.000100     2266.876903       34.947914
      90        0.000100     2182.124104       34.309406
      91        0.000100     2101.951718       33.693680
      92        0.000100     2026.069529       33.097618
      93        0.000100     1954.218110       32.525017
      94        0.000100     1886.140508       31.972498
      95        0.000100     1821.577298       31.438673
      96        0.000100     1760.284073       30.923405
      97        0.000100     1702.041255       30.422771
      98        0.000100     1646.637923       29.934456
      99        0.000100     1593.883814       29.460398
     100        0.000100     1543.607692       28.999640
     101        0.000100     1495.663781       28.552383
     102        0.000100     1449.901785       28.117306
     103        0.000100     1406.184140       27.695910
     104        0.000100     1364.385858       27.285357
     105        0.000100     1324.388565       26.887699
     106        0.000100     1286.099543       26.501438
     107        0.000100     1249.426120       26.125433
     108        0.000100     1214.282239       25.761543
     109        0.000100     1180.583001       25.408522
     110        0.000100     1148.256378       25.063433
     111        0.000100     1117.228659       24.725111
     112        0.000100     1087.433397       24.396036
     113        0.000100     1058.789759       24.077024
     114        0.000100     1031.074445       23.766363
     115        0.000100      997.996984       23.419283
     116        0.000100      957.891670       22.942764
     117        0.000100      929.392948       22.589588
     118        0.000100      903.381217       22.268763
     119        0.000100      878.862078       21.965860
     120        0.000100      855.344020       21.675362
     121        0.000100      831.604293       21.381271
     122        0.000100      806.072478       21.061207
     123        0.000100      782.581493       20.747753
     124        0.000100      761.086767       20.451235
     125        0.000100      741.173219       20.174294
     126        0.000100      722.309458       19.910969
     127        0.000100      703.201481       19.644133
     128        0.000100      680.149985       19.320036
     129        0.000100      657.933456       18.978285
     130        0.000100      639.272677       18.682747
     131        0.000100      622.628882       18.416485
     132        0.000100      607.309781       18.171183
     133        0.000100      593.088449       17.945238
     134        0.000100      579.725804       17.734095
     135        0.000100      567.050901       17.531099
     136        0.000100      554.934265       17.334122
     137        0.000100      543.153847       17.141434
     138        0.000100      531.040670       16.938883
     139        0.000100      518.458054       16.712095
     140        0.000100      506.844723       16.494446
     141        0.000100      496.304982       16.294344
     142        0.000100      486.457538       16.109507
     143        0.000100      477.057345       15.934440
     144        0.000100      467.934775       15.765574
     145        0.000100      458.885200       15.598468
     146        0.000100      449.819061       15.427517
     147        0.000100      441.087836       15.255726
     148        0.000100      432.840453       15.087777
     149        0.000100      425.038196       14.928647
     150        0.000100      417.598545       14.777558
     151        0.000100      410.476665       14.634309
     152        0.000100      403.639217       14.497744
     153        0.000100      397.063163       14.367633
     154        0.000100      390.727547       14.241208
     155        0.000100      384.619623       14.118711
     156        0.000100      378.724151       13.999675
     157        0.000100      373.032078       13.884164
     158        0.000100      367.544830       13.771425
     159        0.000100      362.264064       13.662642
     160        0.000100      357.177548       13.556731
     161        0.000100      352.269247       13.453899
     162        0.000100      347.530001       13.353135
     163        0.000100      342.948203       13.255166
     164        0.000100      338.531907       13.160298
     165        0.000100      334.260400       13.067854
     166        0.000100      330.163201       12.978074
     167        0.000100      326.145723       12.890174
     168        0.000100      322.426049       12.805416
     169        0.000100      318.444751       12.720023
     170        0.000100      315.254086       12.641805
     171        0.000100      311.281637       12.559246
     172        0.000100      308.252190       12.485203
     173        0.000100      304.665419       12.408463
     174        0.000100      301.681209       12.337140
     175        0.000100      298.396917       12.264682
     176        0.000100      295.547077       12.196499
     177        0.000100      292.467597       12.127430
     178        0.000100      289.801195       12.061990
     179        0.000100      286.861827       11.995855
     180        0.000100      284.418140       11.933964
     181        0.000100      281.557233       11.869499
     182        0.000100      279.369147       11.810856
     183        0.000100      276.560994       11.747986
     184        0.000100      274.576016       11.691920
     185        0.000100      271.895131       11.631009
     186        0.000100      269.994255       11.576442
     187        0.000100      267.386439       11.515071
     188        0.000100      265.602849       11.461586
     189        0.000100      263.253483       11.405032
     190        0.000100      261.501917       11.353668
     191        0.000100      259.189313       11.298251
     192        0.000100      257.445640       11.245673
     193        0.000100      255.087789       11.189717
     194        0.000100      253.419337       11.140728
     195        0.000100      250.814830       11.084926
     196        0.000100      249.175388       11.037979
     197        0.000100      247.072061       10.981887
     198        0.000100      245.788592       10.934786
     199        0.000100      243.681713       10.883179
     200        0.000100      242.450782       10.839871
     201        0.000100      240.498433       10.794026
     202        0.000100      239.391922       10.755432
     203        0.000100      237.566688       10.713210
     204        0.000100      236.577491       10.677418
     205        0.000100      234.817597       10.637089
     206        0.000100      233.947231       10.603263
     207        0.000100      232.216061       10.564512
     208        0.000100      231.446760       10.533016
     209        0.000100      229.752686       10.496158
     210        0.000100      229.051060       10.466584
     211        0.000100      227.423169       10.431378
     212        0.000100      226.754170       10.402903
     213        0.000100      225.206983       10.368989
     214        0.000100      224.560526       10.341729
     215        0.000100      223.084206       10.309426
     216        0.000100      222.471331       10.283390
     217        0.000100      221.048363       10.252649
     218        0.000100      220.482278       10.228477
     219        0.000100      219.100238       10.199146
     220        0.000100      218.585058       10.176167
     221        0.000100      217.240622       10.147969
     222        0.000100      216.768028       10.125681
     223        0.000100      215.469118       10.098529
     224        0.000100      215.027537       10.076839
     225        0.000100      213.784257       10.050873
     226        0.000100      213.365443       10.029935
     227        0.000100      212.175468       10.005004
     228        0.000100      211.783635        9.984753
     229        0.000100      210.637074        9.960647
     230        0.000100      210.277228        9.941205
     231        0.000100      209.167010        9.917887
     232        0.000100      208.843109        9.899230
     233        0.000100      207.764718        9.876924
     234        0.000100      207.472992        9.858918
     235        0.000100      206.428668        9.837279
     236        0.000100      206.163930        9.819726
     237        0.000100      205.154387        9.798859
     238        0.000100      204.913150        9.781912
     239        0.000100      203.938301        9.761681
     240        0.000100      203.717342        9.745099
     241        0.000100      202.776755        9.725313
     242        0.000100      202.578910        9.708879
     243        0.000100      201.672504        9.689489
     244        0.000100      201.485807        9.673971
     245        0.000100      200.596201        9.655564
     246        0.000100      200.436181        9.640504
     247        0.000100      199.588768        9.622502
     248        0.000100      199.440856        9.608108
     249        0.000100      198.624434        9.590804
     250        0.000100      198.485108        9.577116
     251        0.000100      197.697407        9.560347
     252        0.000100      197.576924        9.547114
     253        0.000100      196.810213        9.530787
     254        0.000100      196.710117        9.517950
     255        0.000100      195.946180        9.502093
     256        0.000100      195.817926        9.489436
     257        0.000100      195.017510        9.473311
     258        0.000100      194.949663        9.460914
     259        0.000100      194.260268        9.445853
     260        0.000100      194.209296        9.434091
     261        0.000100      193.534942        9.419663
     262        0.000100      193.497894        9.408292
     263        0.000100      192.852914        9.394495
     264        0.000100      192.827708        9.383599
     265        0.000100      192.198753        9.370365
     266        0.000100      192.176127        9.359634
     267        0.000100      191.558222        9.346905
     268        0.000100      191.543625        9.336395
     269        0.000100      190.948087        9.323969
     270        0.000100      190.945732        9.313335
     271        0.000100      190.377286        9.301683
     272        0.000100      190.373210        9.291378
     273        0.000100      189.830351        9.280241
     274        0.000100      189.839429        9.269846
     275        0.000100      189.318636        9.259138
     276        0.000100      189.341675        9.249123
     277        0.000100      188.825446        9.238830
     278        0.000100      188.859836        9.229156
     279        0.000100      188.350071        9.218901
     280        0.000100      188.402501        9.209576
     281        0.000100      187.902635        9.199506
     282        0.000100      187.968644        9.190637
     283        0.000100      187.476953        9.180991
     284        0.000100      187.550202        9.172724
     285        0.000100      187.066293        9.163446
     286        0.000100      187.000185        9.154940
     287        0.000100      186.268772        9.143864
     288        0.000100      186.285773        9.135053
     289        0.000100      185.838736        9.126203
     290        0.000100      185.946198        9.118494
     291        0.000100      185.488313        9.109837
     292        0.000100      185.625841        9.102828
     293        0.000100      185.157185        9.094309
     294        0.000100      185.303164        9.087708
     295        0.000100      184.814844        9.079019
     296        0.000100      184.975943        9.072430
     297        0.000100      184.493688        9.063694
     298        0.000100      184.673056        9.057421
     299        0.000100      184.196077        9.049227
     300        0.000100      184.382617        9.043427
     301        0.000100      183.916554        9.035281
     302        0.000100      184.123637        9.029563
     303        0.000100      183.669711        9.021585
     304        0.000100      183.898898        9.016259
     305        0.000100      183.444983        9.008548
     306        0.000100      183.687716        9.003398
     307        0.000100      183.225785        8.995605
     308        0.000100      183.426732        8.990330
     309        0.000100      182.718100        8.980929
     310        0.000100      182.689239        8.973076
     311        0.000100      182.183744        8.964203
     312        0.000100      182.428464        8.958504
     313        0.000100      181.966326        8.950272
     314        0.000100      182.278547        8.945886
     315        0.000100      181.848166        8.938280
     316        0.000100      182.172267        8.934172
     317        0.000100      181.726599        8.926353
     318        0.000100      182.061197        8.922310
     319        0.000100      181.634339        8.914777
     320        0.000100      181.989392        8.910973
     321        0.000100      181.566043        8.903712
     322        0.000100      181.907608        8.899956
     323        0.000100      181.470971        8.892547
     324        0.000100      181.816661        8.888776
     325        0.000100      181.380165        8.881383
     326        0.000100      181.736947        8.877720
     327        0.000100      181.290224        8.870277
     328        0.000100      181.653604        8.866755
     329        0.000100      181.210277        8.859382
     330        0.000100      181.599088        8.855979
     331        0.000100      181.169843        8.848742
     332        0.000100      181.582341        8.845690
     333        0.000100      181.162956        8.838883
     334        0.000100      181.589910        8.836243
     335        0.000100      181.178634        8.829607
     336        0.000100      181.618897        8.827046
     337        0.000100      181.202940        8.820248
     338        0.000100      181.643996        8.817834
     339        0.000100      181.205178        8.811169
     340        0.000100      181.637201        8.808568
     341        0.000100      181.177165        8.801626
     342        0.000100      181.606955        8.798713
     343        0.000100      181.135315        8.791669
     344        0.000100      181.569456        8.789036
     345        0.000100      181.089208        8.782310
     346        0.000100      181.529216        8.779877
     347        0.000100      181.048302        8.773170
     348        0.000100      181.491999        8.771092
     349        0.000100      181.005134        8.764727
     350        0.000100      181.438501        8.763403
     351        0.000100      180.937149        8.757378
     352        0.000100      181.363809        8.756230
     353        0.000100      180.834856        8.750069
     354        0.000100      181.250590        8.748796
     355        0.000100      180.690286        8.742528
     356        0.000100      181.090358        8.741371
     357        0.000100      180.461075        8.734367
     358        0.000100      180.828689        8.732883
     359        0.000100      180.155522        8.725113
     360        0.000100      180.496864        8.722982
     361        0.000100      179.789511        8.713679
     362        0.000100      180.236897        8.711122
     363        0.000100      179.735004        8.703274
     364        0.000100      180.329937        8.702298
     365        0.000100      179.873449        8.694880
     366        0.000100      180.526232        8.694679
     367        0.000100      180.098322        8.688180
     368        0.000100      180.784192        8.688770
     369        0.000100      180.358651        8.682611
     370        0.000100      181.062682        8.683507
     371        0.000100      180.624773        8.676958
     372        0.000100      181.328219        8.677720
     373        0.000100      180.865705        8.671086
     374        0.000100      181.569796        8.672083
     375        0.000100      181.101140        8.665369
     376        0.000100      181.819494        8.666459
     377        0.000100      181.347552        8.660075
     378        0.000100      182.085017        8.661319
     379        0.000100      181.609936        8.655155
     380        0.000100      182.344043        8.656464
     381        0.000100      181.861177        8.650058
     382        0.000100      182.613169        8.651066
     383        0.000100      182.152487        8.644623
     384        0.000100      182.949763        8.646230
     385        0.000100      182.505275        8.640451
     386        0.000100      183.320356        8.642677
     387        0.000100      182.872619        8.636795
     388        0.000100      183.689205        8.638751
     389        0.000100      183.237059        8.632649
     390        0.000100      184.032679        8.634583
     391        0.000100      183.552304        8.628667
     392        0.000100      184.319152        8.630987
     393        0.000100      183.798769        8.624669
     394        0.000100      184.535109        8.626581
     395        0.000100      183.960756        8.619678
     396        0.000100      184.654224        8.621843
     397        0.000100      184.051064        8.615264
     398        0.000100      184.752725        8.617558
     399        0.000100      184.190884        8.610885
     400        0.000100      184.935748        8.612829
     401        0.000100      184.389860        8.606095
     402        0.000100      185.193570        8.608483
     403        0.000100      184.631312        8.601773
     404        0.000100      185.491204        8.604520
     405        0.000100      184.957726        8.598029
     406        0.000100      185.841122        8.600946
     407        0.000100      185.354109        8.595235
     408        0.000100      186.247157        8.598132
     409        0.000100      185.768702        8.592430
     410        0.000100      186.658965        8.595693
     411        0.000100      186.172042        8.589835
     412        0.000100      187.034239        8.592990
     413        0.000100      186.526968        8.587563
     414        0.000100      187.352080        8.590270
     415        0.000100      186.801264        8.584336
     416        0.000100      187.605512        8.587442
     417        0.000100      187.057867        8.581314
     418        0.000100      187.861681        8.584713
     419        0.000100      187.335384        8.578879
     420        0.000100      188.136336        8.581132
     421        0.000100      187.618545        8.575202
     422        0.000100      188.447493        8.577783
     423        0.000100      187.960611        8.572032
     424        0.000100      188.820342        8.575454
     425        0.000100      188.372183        8.570216
     426        0.000100      189.229507        8.573141
     427        0.000100      188.800364        8.568362
     428        0.000100      189.684822        8.571822
     429        0.000100      189.244325        8.567262
     430        0.000100      190.145092        8.571320
     431        0.000100      189.664491        8.565736
     432        0.000100      190.548515        8.569191
     433        0.000100      190.055778        8.564016
     434        0.000100      190.924823        8.567820
     435        0.000100      190.408976        8.563181
     436        0.000100      191.260573        8.566735
     437        0.000100      190.708453        8.560912
     438        0.000100      191.557963        8.564328
     439        0.000100      191.018481        8.559001
     440        0.000100      191.892356        8.563223
     441        0.000100      191.367986        8.558382
     442        0.000100      192.250918        8.561434
     443        0.000100      191.727992        8.555449
     444        0.000100      192.628789        8.558578
     445        0.000100      192.155738        8.553890
     446        0.000100      193.068797        8.557919
     447        0.000100      192.617527        8.553441
     448        0.000100      193.532836        8.556773
     449        0.000100      193.068434        8.551552
     450        0.000100      194.001940        8.555429
     451        0.000100      193.523584        8.551087
     452        0.000100      194.453541        8.555574
     453        0.000100      193.929800        8.550554
     454        0.000100      194.835117        8.553862
     455        0.000100      194.269536        8.548278
     456        0.000100      195.159062        8.552159
     457        0.000100      194.570853        8.547429
     458        0.000100      195.447123        8.551359
     459        0.000100      194.834230        8.545471
     460        0.000100      195.711781        8.548269
     461        0.000100      195.114944        8.542508
     462        0.000100      196.026495        8.546423
     463        0.000100      195.455702        8.541818
     464        0.000100      196.377385        8.545321
     465        0.000100      195.806642        8.539618
     466        0.000100      196.745332        8.542690
     467        0.000100      196.208817        8.537723
     468        0.000100      197.180109        8.542052
     469        0.000100      196.674303        8.537991
     470        0.000100      197.643450        8.541615
     471        0.000100      197.114738        8.536175
     472        0.000100      198.082307        8.539466
     473        0.000100      197.543210        8.534873
     474        0.000100      198.520809        8.539393
     475        0.000100      197.967208        8.535183
     476        0.000100      198.912902        8.538875
     477        0.000100      198.324059        8.533584
     478        0.000100      199.258948        8.537382
     479        0.000100      198.671202        8.533083
     480        0.000100      199.626267        8.537878
     481        0.000100      199.036320        8.533459
     482        0.000100      199.986907        8.537054
     483        0.000100      199.394110        8.531850
     484        0.000100      200.370398        8.535860
     485        0.000100      199.798684        8.531634
     486        0.000100      200.806258        8.536432
     487        0.000100      200.243614        8.531760
     488        0.000100      201.245114        8.535325
     489        0.000100      200.698670        8.530257
     490        0.000100      201.738924        8.534662
     491        0.000100      201.217717        8.530868
     492        0.000100      202.279429        8.535723
     493        0.000100      201.728971        8.530911
     494        0.000100      202.762258        8.534590
     495        0.000100      202.189720        8.529723
     496        0.000100      203.234168        8.534434
     497        0.000100      202.651212        8.530560
     498        0.000100      203.681486        8.535395
     499        0.000100      203.069901        8.530595
     500        0.000100      204.076459        8.534292
     501        0.000100      203.476693        8.529612
     502        0.000100      204.511359        8.534346
     503        0.000100      203.940127        8.530809
     504        0.000100      204.987593        8.535373
     505        0.000100      204.398986        8.530711
     506        0.000100      205.444079        8.534399
     507        0.000100      204.868136        8.529985
     508        0.000100      205.948012        8.534803
     509        0.000100      205.397106        8.531308
     510        0.000100      206.486802        8.535772
     511        0.000100      205.925341        8.531038
     512        0.000100      207.024151        8.535028
     513        0.000100      206.478528        8.530869
     514        0.000100      207.593890        8.535784
     515        0.000100      207.037368        8.532141
     516        0.000100      208.132185        8.536469
     517        0.000100      207.532679        8.531644
     518        0.000100      208.616629        8.535639
     519        0.000100      208.016772        8.531823
     520        0.000100      209.107041        8.537037
     521        0.000100      208.500953        8.533392
     522        0.000100      209.571329        8.537530
     523        0.000100      208.948310        8.532861
     524        0.000100      210.035670        8.536923
     525        0.000100      209.441920        8.533280
     526        0.000100      210.562064        8.538360
     527        0.000100      209.970871        8.534609
     528        0.000100      211.077908        8.538512
     529        0.000100      210.471588        8.533854
     530        0.000100      211.602948        8.538160
     531        0.000100      211.027848        8.534709
     532        0.000100      212.202289        8.540174
     533        0.000100      211.627264        8.536297
     534        0.000100      212.791658        8.540523
     535        0.000100      212.195509        8.536162
     536        0.000100      213.360818        8.540870
     537        0.000100      212.760961        8.537562
     538        0.000100      213.932037        8.542809
     539        0.000100      213.299485        8.538638
     540        0.000100      214.428347        8.542647
     541        0.000100      213.772227        8.538133
     542        0.000100      214.909455        8.543038
     543        0.000100      214.281088        8.539847
     544        0.000100      215.438895        8.545103
     545        0.000100      214.800670        8.541023
     546        0.000100      215.945556        8.545065
     547        0.000100      215.314271        8.540884
     548        0.000100      216.483365        8.545666
     549        0.000100      215.873575        8.542501
     550        0.000100      217.054262        8.547511
     551        0.000100      216.419497        8.543241
     552        0.000100      217.588625        8.547338
     553        0.000100      216.970198        8.543284
     554        0.000100      218.186627        8.548764
     555        0.000100      217.596035        8.545896
     556        0.000100      218.818974        8.551214
     557        0.000100      218.183699        8.547188
     558        0.000100      219.377302        8.551738
     559        0.000100      218.732282        8.547965
     560        0.000100      219.948372        8.553518
     561        0.000100      219.296551        8.550191
     562        0.000100      220.487087        8.554970
     563        0.000100      219.792633        8.550581
     564        0.000100      220.962799        8.555022
     565        0.000100      220.283897        8.551365
     566        0.000100      221.499881        8.557030
     567        0.000100      220.845652        8.553843
     568        0.000100      222.054365        8.558382
     569        0.000100      221.377815        8.553974
     570        0.000100      222.592881        8.558290
     571        0.000100      221.934778        8.554768
     572        0.000100      223.189864        8.560332
     573        0.000100      222.535195        8.557020
     574        0.000100      223.772858        8.561626
     575        0.000100      223.098980        8.557315
     576        0.000100      224.358914        8.562268
     577        0.000100      223.701752        8.559169
     578        0.000100      224.986411        8.565298
     579        0.000100      224.303910        8.561891
     580        0.000100      225.543935        8.566519
     581        0.000100      224.835883        8.562242
     582        0.000100      226.082809        8.567273
     583        0.000100      225.391861        8.563885
     584        0.000100      226.650584        8.569491
     585        0.000100      225.931946        8.565557
     586        0.000100      227.157913        8.569893
     587        0.000100      226.440386        8.565599
     588        0.000100      227.706011        8.570774
     589        0.000100      227.026321        8.567720
     590        0.000100      228.319109        8.573158
     591        0.000100      227.603939        8.568868
     592        0.000100      228.867785        8.572980
     593        0.000100      228.154698        8.568769
     594        0.000100      229.453860        8.574133
     595        0.000100      228.762340        8.571026
     596        0.000100      230.079315        8.576556
     597        0.000100      229.352427        8.572296
     598        0.000100      230.654167        8.576932
     599        0.000100      229.933077        8.573328
     600        0.000100      231.265105        8.579527
     601        0.000100      230.546113        8.576599
     602        0.000100      231.868155        8.582219
     603        0.000100      231.101538        8.577867
     604        0.000100      232.389343        8.582181
     605        0.000100      231.635953        8.578208
     606        0.000100      232.951492        8.583823
     607        0.000100      232.208721        8.580510
     608        0.000100      233.514626        8.585292
     609        0.000100      232.749903        8.580864
     610        0.000100      234.071232        8.585297
     611        0.000100      233.336660        8.581760
     612        0.000100      234.703435        8.587458
     613        0.000100      233.960241        8.584017
     614        0.000100      235.299066        8.588533
     615        0.000100      234.511218        8.584059
     616        0.000100      235.864124        8.588966
     617        0.000100      235.103484        8.585696
     618        0.000100      236.492608        8.591791
     619        0.000100      235.712748        8.588065
     620        0.000100      237.064991        8.592916
     621        0.000100      236.257964        8.588837
     622        0.000100      237.629333        8.594447
     623        0.000100      236.852671        8.591592
     624        0.000100      238.244452        8.597580
     625        0.000100      237.434522        8.593574
     626        0.000100      238.783612        8.598022
     627        0.000100      237.961895        8.593535
     628        0.000100      239.340713        8.598878
     629        0.000100      238.557804        8.595870
     630        0.000100      239.961531        8.601413
     631        0.000100      239.148811        8.597437
     632        0.000100      240.536665        8.601787
     633        0.000100      239.724061        8.597819
     634        0.000100      241.151352        8.603177
     635        0.000100      240.354302        8.600129
     636        0.000100      241.781006        8.605319
     637        0.000100      240.924697        8.601009
     638        0.000100      242.333217        8.605616
     639        0.000100      241.485005        8.601907
     640        0.000100      242.941874        8.607930
     641        0.000100      242.107428        8.605093
     642        0.000100      243.543355        8.610721
     643        0.000100      242.646120        8.606692
     644        0.000100      244.073915        8.611759
     645        0.000100      243.196622        8.608302
     646        0.000100      244.658024        8.614137
     647        0.000100      243.785368        8.610647
     648        0.000100      245.221421        8.615349
     649        0.000100      244.321365        8.610881
     650        0.000100      245.778207        8.615750
     651        0.000100      244.923064        8.612658
     652        0.000100      246.433131        8.618649
     653        0.000100      245.571263        8.615400
     654        0.000100      247.042868        8.619872
     655        0.000100      246.136713        8.615682
     656        0.000100      247.629879        8.620537
     657        0.000100      246.736182        8.617445
     658        0.000100      248.255747        8.623137
     659        0.000100      247.328752        8.619443
     660        0.000100      248.809026        8.624068
     661        0.000100      247.864162        8.620001
     662        0.000100      249.385845        8.625587
     663        0.000100      248.477461        8.623098
     664        0.000100      250.016186        8.629540
     665        0.000100      249.053506        8.625883
     666        0.000100      250.545935        8.630716
     667        0.000100      249.571361        8.626646
     668        0.000100      251.103325        8.632253
     669        0.000100      250.155138        8.628892
     670        0.000100      251.689085        8.634173
     671        0.000100      250.708709        8.629832
     672        0.000100      252.240856        8.634524
     673        0.000100      251.289230        8.630866
     674        0.000100      252.883887        8.636723
     675        0.000100      251.962348        8.633918
     676        0.000100      253.539134        8.638983
     677        0.000100      252.546832        8.634691
     678        0.000100      254.106076        8.639223
     679        0.000100      253.111618        8.635675
     680        0.000100      254.707125        8.641558
     681        0.000100      253.714890        8.638593
     682        0.000100      255.280875        8.643768
     683        0.000100      254.237716        8.639601
     684        0.000100      255.810656        8.645195
     685        0.000100      254.790666        8.642236
     686        0.000100      256.402199        8.648915
     687        0.000100      255.376819        8.645622
     688        0.000100      256.941443        8.650661
     689        0.000100      255.874171        8.645890
     690        0.000050      257.460580        8.651024
     691        0.000050      256.027680        8.645329
     692        0.000050      256.392486        8.647937
     693        0.000050      256.568045        8.649538
     694        0.000050      256.759000        8.651332
     695        0.000050      256.948087        8.652866
     696        0.000050      257.138121        8.654259
     697        0.000050      257.325415        8.655482
     698        0.000050      257.510676        8.656613
     699        0.000050      257.693227        8.657655
     700        0.000050      257.873201        8.658599
     701        0.000050      258.051590        8.659469
     702        0.000050      258.228023        8.660282
     703        0.000050      258.403835        8.661047
     704        0.000050      258.578662        8.661776
     705        0.000050      258.753628        8.662486
     706        0.000050      258.928175        8.663179
     707        0.000050      259.104808        8.663865
     708        0.000050      259.279489        8.664526
     709        0.000050      259.459701        8.665177
     710        0.000050      259.627207        8.665668
     711        0.000050      259.809605        8.665940
     712        0.000050      259.948556        8.666069
     713        0.000050      260.226721        8.667752
     714        0.000050      260.237598        8.668185
     715        0.000050      260.910867        8.670402
     716        0.000050      259.967320        8.666254
     717        0.000050      261.711194        8.673044
     718        0.000050      260.474192        8.668227
     719        0.000050      261.496605        8.672044
     720        0.000050      261.151068        8.670746
     721        0.000050      261.654595        8.672530
     722        0.000050      261.591915        8.672231
     723        0.000050      261.960239        8.673510
     724        0.000050      261.957087        8.673341
     725        0.000050      262.313077        8.674560
     726        0.000050      262.279299        8.674266
     727        0.000050      262.722934        8.675902
     728        0.000050      262.542906        8.675277
     729        0.000050      263.255844        8.678099
     730        0.000050      262.678931        8.675503
     731        0.000050      263.815948        8.678824
     732        0.000050      262.870777        8.675312
     733        0.000050      264.133372        8.680371
     734        0.000050      263.396934        8.677487
     735        0.000050      264.297256        8.681088
     736        0.000050      263.881070        8.678750
     737        0.000050      264.519166        8.681393
     738        0.000050      264.232434        8.679430
     739        0.000050      264.836796        8.681969
     740        0.000050      264.561638        8.680909
     741        0.000050      265.317056        8.684060
     742        0.000050      264.938759        8.682417
     743        0.000050      265.789154        8.685082
     744        0.000050      265.059711        8.680838
     745        0.000050      266.116763        8.684910
     746        0.000050      265.379559        8.682428
     747        0.000050      266.455383        8.686811
     748        0.000050      265.818664        8.683970
     749        0.000050      266.721096        8.687087
     750        0.000050      266.227283        8.684813
     751        0.000050      267.025905        8.687786
     752        0.000050      266.600409        8.686090
     753        0.000050      267.383475        8.689040
     754        0.000050      266.922782        8.686978
     755        0.000050      267.753378        8.689527
     756        0.000050      267.201214        8.687071
     757        0.000050      268.152744        8.690496
     758        0.000050      267.536656        8.688736
     759        0.000050      268.543132        8.692312
     760        0.000050      267.874998        8.689459
     761        0.000050      268.834371        8.692561
     762        0.000050      268.229955        8.690254
     763        0.000050      269.138980        8.693625
     764        0.000050      268.607889        8.691900
     765        0.000050      269.481871        8.695100
     766        0.000050      268.962093        8.693089
     767        0.000050      269.836177        8.695811
     768        0.000050      269.290739        8.693841
     769        0.000050      270.233873        8.697397
     770        0.000050      269.648804        8.695903
     771        0.000050      270.619292        8.699176
     772        0.000050      269.950138        8.696252
     773        0.000050      270.929427        8.699074
     774        0.000050      270.287855        8.696458
     775        0.000050      271.279462        8.700030
     776        0.000050      270.681450        8.698245
     777        0.000050      271.611374        8.701496
     778        0.000050      270.982628        8.698915
     779        0.000050      271.872424        8.701722
     780        0.000050      271.241636        8.699680
     781        0.000050      272.166184        8.703419
     782        0.000050      271.534568        8.701712
     783        0.000050      272.483605        8.705103
     784        0.000050      271.814943        8.702483
     785        0.000050      272.785509        8.705615
     786        0.000050      272.134078        8.703489
     787        0.000050      273.137723        8.707418
     788        0.000050      272.506391        8.705540
     789        0.000050      273.481786        8.708901
     790        0.000050      272.842769        8.706386
     791        0.000050      273.797568        8.709508
     792        0.000050      273.173989        8.707414
     793        0.000050      274.138938        8.711037
     794        0.000050      273.515428        8.709294
     795        0.000050      274.468687        8.712367
     796        0.000050      273.807374        8.709918
     797        0.000050      274.764257        8.712830
     798        0.000050      274.107012        8.710860
     799        0.000050      275.095410        8.714670
     800        0.000050      274.432801        8.712771
     801        0.000050      275.403403        8.715972
     802        0.000050      274.720130        8.713440
     803        0.000050      275.684774        8.716722
     804        0.000050      275.015810        8.714636
     805        0.000050      275.996141        8.718420
     806        0.000050      275.329903        8.716368
     807        0.000050      276.302208        8.719606
     808        0.000050      275.625231        8.717092
     809        0.000050      276.612294        8.720423
     810        0.000050      275.962961        8.718689
     811        0.000050      276.985639        8.722754
     812        0.000050      276.331601        8.720843
     813        0.000050      277.328953        8.724032
     814        0.000050      276.650655        8.721384
     815        0.000050      277.653676        8.724645
     816        0.000050      276.989843        8.722553
     817        0.000050      278.007947        8.726465
     818        0.000050      277.333943        8.724382
     819        0.000050      278.323673        8.727743
     820        0.000050      277.615733        8.725193
     821        0.000050      278.600693        8.728612
     822        0.000050      277.886370        8.726663
     823        0.000050      278.886137        8.730623
     824        0.000050      278.168044        8.728435
     825        0.000050      279.155390        8.731570
     826        0.000050      278.437182        8.728791
     827        0.000050      279.447640        8.732156
     828        0.000050      278.769259        8.730299
     829        0.000050      279.804390        8.734248
     830        0.000050      279.124162        8.732122
     831        0.000050      280.138795        8.735380
     832        0.000050      279.442510        8.732825
     833        0.000050      280.462345        8.736201
     834        0.000050      279.775667        8.734212
     835        0.000050      280.806721        8.737983
     836        0.000050      280.106582        8.735839
     837        0.000050      281.109913        8.738799
     838        0.000050      280.391378        8.736222
     839        0.000050      281.399700        8.739404
     840        0.000050      280.702199        8.737567
     841        0.000050      281.724911        8.741240
     842        0.000050      281.015358        8.739065
     843        0.000050      282.016763        8.742036
     844        0.000050      281.297571        8.739614
     845        0.000050      282.312740        8.743003
     846        0.000050      281.612685        8.741197
     847        0.000050      282.647302        8.745014
     848        0.000050      281.934511        8.742939
     849        0.000050      282.947072        8.745952
     850        0.000050      282.222464        8.743445
     851        0.000050      283.251313        8.746793
     852        0.000050      282.537253        8.744948
     853        0.000050      283.576867        8.748395
     854        0.000050      282.857862        8.746222
     855        0.000050      283.881939        8.749301
     856        0.000050      283.172588        8.747026
     857        0.000050      284.252671        8.750773
     858        0.000050      283.569321        8.748959
     859        0.000050      284.629307        8.752577
     860        0.000050      283.885418        8.749838
     861        0.000050      284.920747        8.752693
     862        0.000050      284.160804        8.749841
     863        0.000050      285.218641        8.753391
     864        0.000050      284.468690        8.751206
     865        0.000050      285.523661        8.755290
     866        0.000050      284.746274        8.752883
     867        0.000050      285.770061        8.756187
     868        0.000050      284.983926        8.753417
     869        0.000050      286.031596        8.757067
     870        0.000050      285.277087        8.754897
     871        0.000050      286.347337        8.758724
     872        0.000050      285.586866        8.756026
     873        0.000050      286.647084        8.759153
     874        0.000050      285.887036        8.756330
     875        0.000050      286.970154        8.760049
     876        0.000050      286.233807        8.758010
     877        0.000050      287.329346        8.761973
     878        0.000050      286.572172        8.759335
     879        0.000050      287.644305        8.762496
     880        0.000050      286.872495        8.759588
     881        0.000050      287.955691        8.763094
     882        0.000050      287.189630        8.760855
     883        0.000050      288.273524        8.764607
     884        0.000050      287.478382        8.761894
     885        0.000050      288.530430        8.764883
     886        0.000050      287.726347        8.762250
     887        0.000050      288.791465        8.765899
     888        0.000050      288.009716        8.763988
     889        0.000050      289.086205        8.767909
     890        0.000050      288.295453        8.765500
     891        0.000025      289.354210        8.768658
     892        0.000025      289.558066        8.813178
     893        0.000025      289.784560        8.812927
     894        0.000025      289.861125        8.812600
     895        0.000025      289.941038        8.812412
     896        0.000025      290.007170        8.812327
     897        0.000025      290.069012        8.812315
     898        0.000025      290.127655        8.812355
     899        0.000025      290.185348        8.812439
     900        0.000025      290.242182        8.812534
     901        0.000025      290.299670        8.812671
     902        0.000025      290.356829        8.812814
     903        0.000025      290.415188        8.812963
     904        0.000025      290.473416        8.813116
     905        0.000025      290.533021        8.813286
     906        0.000025      290.593077        8.813462
     907        0.000025      290.655056        8.813654
     908        0.000025      290.717754        8.813865
     909        0.000025      290.783158        8.814098
     910        0.000025      290.846400        8.814340
     911        0.000025      290.915317        8.814536
     912        0.000025      290.958535        8.814367
     913        0.000025      291.048341        8.814623
     914        0.000025      291.063170        8.814976
     915        0.000025      291.316974        8.815988
     916        0.000025      290.907836        8.814554
     917        0.000025      291.853360        8.817477
     918        0.000025      290.888667        8.814688
     919        0.000025      291.685641        8.816889
     920        0.000025      291.304070        8.816074
     921        0.000025      291.640425        8.817049
     922        0.000025      291.527805        8.816960
     923        0.000025      291.731191        8.817585
     924        0.000025      291.668185        8.817449
     925        0.000025      291.851847        8.817900
     926        0.000025      291.784061        8.817733
     927        0.000025      292.017741        8.818658
     928        0.000025      291.892478        8.818588
     929        0.000025      292.235606        8.819518
     930        0.000025      291.892971        8.818355
     931        0.000025      292.509871        8.820159
     932        0.000025      291.873676        8.818320
     933        0.000025      292.672600        8.820647
     934        0.000025      292.056823        8.819108
     935        0.000025      292.679533        8.820820
     936        0.000025      292.285392        8.819607
     937        0.000025      292.723816        8.820801
     938        0.000025      292.446319        8.820043
     939        0.000025      292.831816        8.821257
     940        0.000025      292.590886        8.820910
     941        0.000025      292.983414        8.822293
     942        0.000025      292.663064        8.821172
     943        0.000025      293.153645        8.822535
     944        0.000025      292.722212        8.821289
     945        0.000025      293.349289        8.823378
     946        0.000025      292.833553        8.822042
     947        0.000025      293.502527        8.824087
     948        0.000025      292.999477        8.822656
     949        0.000025      293.587044        8.824305
     950        0.000025      293.167615        8.823048
     951        0.000025      293.676835        8.824626
     952        0.000025      293.328218        8.823813
     953        0.000025      293.810224        8.825262
     954        0.000025      293.455535        8.824066
     955        0.000025      293.944110        8.825259
     956        0.000025      293.553605        8.823947
     957        0.000025      294.101286        8.825686
     958        0.000025      293.659232        8.824667
     959        0.000025      294.252668        8.826607
     960        0.000025      293.763908        8.825264
     961        0.000025      294.349587        8.826856
     962        0.000025      293.887492        8.825467
     963        0.000025      294.455766        8.827228
     964        0.000025      294.044857        8.826280
     965        0.000025      294.590096        8.828047
     966        0.000025      294.194791        8.826907
     967        0.000025      294.724259        8.828440
     968        0.000025      294.330118        8.827278
     969        0.000025      294.885002        8.828987
     970        0.000025      294.479654        8.828010
     971        0.000025      295.059614        8.829798
     972        0.000025      294.616533        8.828439
     973        0.000025      295.195307        8.829918
     974        0.000025      294.737483        8.828414
     975        0.000025      295.312976        8.830022
     976        0.000025      294.873003        8.828852
     977        0.000025      295.435706        8.830620
     978        0.000025      295.002889        8.829391
     979        0.000025      295.539870        8.830860
     980        0.000025      295.111621        8.829547
     981        0.000025      295.655774        8.831205
     982        0.000025      295.237770        8.830212
     983        0.000025      295.799072        8.832019
     984        0.000025      295.367661        8.830863
     985        0.000025      295.931482        8.832400
     986        0.000025      295.488467        8.831047
     987        0.000025      296.064029        8.832704
     988        0.000025      295.632244        8.831657
     989        0.000025      296.215014        8.833558
     990        0.000025      295.785371        8.832448
     991        0.000025      296.355779        8.834065
     992        0.000025      295.928016        8.832732
     993        0.000025      296.500466        8.834328
     994        0.000025      296.079593        8.833234
     995        0.000025      296.658169        8.835040
     996        0.000025      296.222159        8.833698
     997        0.000025      296.782520        8.835090
     998        0.000025      296.330092        8.833571
     999        0.000025      296.893038        8.835125
    1000        0.000025      296.441894        8.834000
    1001        0.000025      297.014676        8.835854
    1002        0.000025      296.563946        8.834748
    1003        0.000025      297.126711        8.836315
    1004        0.000025      296.674490        8.834995
    1005        0.000025      297.242323        8.836588
    1006        0.000025      296.808389        8.835556
    1007        0.000025      297.389724        8.837408
    1008        0.000025      296.959805        8.836339
    1009        0.000025      297.533824        8.837923
    1010        0.000025      297.095052        8.836649
    1011        0.000025      297.673880        8.838267
    1012        0.000025      297.241328        8.837193
    1013        0.000025      297.832702        8.839061
    1014        0.000025      297.398168        8.838000
    1015        0.000025      297.979660        8.839607
    1016        0.000025      297.529234        8.838142
    1017        0.000025      298.103090        8.839631
    1018        0.000025      297.657972        8.838391
    1019        0.000025      298.236600        8.840112
    1020        0.000025      297.792059        8.839034
    1021        0.000025      298.358969        8.840625
    1022        0.000025      297.900380        8.839311
    1023        0.000025      298.464209        8.840821
    1024        0.000025      298.013287        8.839708
    1025        0.000025      298.593430        8.841543
    1026        0.000025      298.150297        8.840602
    1027        0.000025      298.729754        8.842270
    1028        0.000025      298.278480        8.841008
    1029        0.000025      298.856221        8.842518
    1030        0.000025      298.414637        8.841380
    1031        0.000025      299.007527        8.843220
    1032        0.000025      298.573906        8.842315
    1033        0.000025      299.165632        8.844069
    1034        0.000025      298.720873        8.842775
    1035        0.000025      299.306597        8.844325
    1036        0.000025      298.862864        8.843176
    1037        0.000025      299.457655        8.844965
    1038        0.000025      299.015262        8.843875
    1039        0.000025      299.602552        8.845613
    1040        0.000025      299.144191        8.844184
    1041        0.000025      299.719324        8.845597
    1042        0.000025      299.258363        8.844385
    1043        0.000025      299.841621        8.846187
    1044        0.000025      299.383536        8.845231
    1045        0.000025      299.965326        8.846997
    1046        0.000025      299.500256        8.845764
    1047        0.000025      300.076528        8.847277
    1048        0.000025      299.616540        8.846061
    1049        0.000025      300.212255        8.847910
    1050        0.000025      299.767573        8.846951
    1051        0.000025      300.369086        8.848796
    1052        0.000025      299.920319        8.847584
    1053        0.000025      300.513450        8.849181
    1054        0.000025      300.065581        8.848008
    1055        0.000025      300.667913        8.849789
    1056        0.000025      300.227642        8.848854
    1057        0.000025      300.831697        8.850747
    1058        0.000025      300.378860        8.849491
    1059        0.000025      300.965226        8.850988
    1060        0.000025      300.506757        8.849709
    1061        0.000025      301.099118        8.851352
    1062        0.000025      300.647517        8.850241
    1063        0.000025      301.243700        8.852116
    1064        0.000025      300.784362        8.850950
    1065        0.000025      301.368610        8.852512
    1066        0.000025      300.898405        8.851297
    1067        0.000025      301.486379        8.852989
    1068        0.000025      301.026594        8.851968
    1069        0.000025      301.621314        8.853869
    1070        0.000025      301.162876        8.852779
    1071        0.000025      301.756887        8.854382
    1072        0.000025      301.292391        8.853076
    1073        0.000025      301.897744        8.854808
    1074        0.000025      301.452564        8.853856
    1075        0.000025      302.069074        8.855805
    1076        0.000025      301.624084        8.854836
    1077        0.000025      302.231691        8.856479
    1078        0.000025      301.775369        8.855206
    1079        0.000025      302.381802        8.856844
    1080        0.000025      301.930637        8.855729
    1081        0.000025      302.539864        8.857561
    1082        0.000025      302.085242        8.856478
    1083        0.000025      302.679031        8.857974
    1084        0.000025      302.210294        8.856642
    1085        0.000025      302.802623        8.858239
    1086        0.000025      302.341099        8.857181
    1087        0.000025      302.942984        8.859115
    1088        0.000025      302.482750        8.858113
    1089        0.000025      303.077790        8.859775
    1090        0.000025      302.604229        8.858450
    1091        0.000025      303.201421        8.860065
    1092        0.000013      302.740501        8.858936
    1093        0.000013      302.576495        8.837278
    1094        0.000013      302.513626        8.836566
    1095        0.000013      302.534927        8.836377
    1096        0.000013      302.558805        8.836273
    1097        0.000013      302.586935        8.836232
    1098        0.000013      302.615277        8.836221
    1099        0.000013      302.644202        8.836234
    1100        0.000013      302.674216        8.836280
    1101        0.000013      302.705026        8.836339
    1102        0.000013      302.736189        8.836395
    1103        0.000013      302.768087        8.836475
    1104        0.000013      302.800597        8.836553
    1105        0.000013      302.833662        8.836638
    1106        0.000013      302.867552        8.836711
    1107        0.000013      302.901716        8.836794
    1108        0.000013      302.936752        8.836875
    1109        0.000013      302.971616        8.836964
    1110        0.000013      303.008544        8.837074
    1111        0.000013      303.044134        8.837188
    1112        0.000013      303.085096        8.837330
    1113        0.000013      303.118645        8.837461
    1114        0.000013      303.170288        8.837631
    1115        0.000013      303.177937        8.837577
    1116        0.000013      303.279964        8.837702
    1117        0.000013      303.144624        8.837395
    1118        0.000013      303.594353        8.838871
    1119        0.000013      302.999697        8.837127
    1120        0.000013      303.603677        8.838914
    1121        0.000013      303.255834        8.837893
    1122        0.000013      303.527612        8.838629
    1123        0.000013      303.406004        8.838347
    1124        0.000013      303.561656        8.838782
    1125        0.000013      303.503055        8.838702
    1126        0.000013      303.632757        8.839149
    1127        0.000013      303.577432        8.838894
    1128        0.000013      303.718297        8.839388
    1129        0.000013      303.623072        8.838811
    1130        0.000013      303.831055        8.839763
    1131        0.000013      303.651331        8.839027
    1132        0.000013      303.985839        8.840382
    1133        0.000013      303.657638        8.839135
    1134        0.000013      304.088428        8.840535
    1135        0.000013      303.743446        8.839428
    1136        0.000013      304.108889        8.840574
    1137        0.000013      303.875652        8.839946
    1138        0.000013      304.144514        8.840802
    1139        0.000013      303.984938        8.840404
    1140        0.000013      304.204458        8.840971
    1141        0.000013      304.063263        8.840558
    1142        0.000013      304.282300        8.841094
    1143        0.000013      304.129842        8.840838
    1144        0.000013      304.389636        8.841582
    1145        0.000013      304.181933        8.841046
    1146        0.000013      304.494634        8.841850
    1147        0.000013      304.234051        8.841125
    1148        0.000013      304.575579        8.842079
    1149        0.000013      304.319927        8.841489
    1150        0.000013      304.636932        8.842474
    1151        0.000013      304.420342        8.842002
    1152        0.000013      304.694829        8.842807
    1153        0.000013      304.505351        8.842273
    1154        0.000013      304.760624        8.842980
    1155        0.000013      304.584300        8.842590
    1156        0.000013      304.852606        8.843513
    1157        0.000013      304.664265        8.843122
    1158        0.000013      304.948510        8.843958
    1159        0.000013      304.728579        8.843286
    1160        0.000013      305.031666        8.844079
    1161        0.000013      304.799192        8.843358
    1162        0.000013      305.112430        8.844281
    1163        0.000013      304.890930        8.843682
    1164        0.000013      305.192462        8.844540
    1165        0.000013      304.983252        8.843876
    1166        0.000013      305.262061        8.844596
    1167        0.000013      305.060198        8.843986
    1168        0.000013      305.335492        8.844899
    1169        0.000013      305.137084        8.844493
    1170        0.000013      305.417681        8.845495
    1171        0.000013      305.202674        8.844958
    1172        0.000013      305.486066        8.845868
    1173        0.000013      305.258675        8.845247
    1174        0.000013      305.552743        8.846201
    1175        0.000013      305.330660        8.845632
    1176        0.000013      305.629859        8.846573
    1177        0.000013      305.414608        8.845927
    1178        0.000013      305.705696        8.846700
    1179        0.000013      305.496985        8.846014
    1180        0.000013      305.786649        8.846868
    1181        0.000013      305.588215        8.846358
    1182        0.000013      305.879278        8.847299
    1183        0.000013      305.674905        8.846709
    1184        0.000013      305.961005        8.847495
    1185        0.000013      305.748604        8.846826
    1186        0.000013      306.039180        8.847692
    1187        0.000013      305.826587        8.847141
    1188        0.000013      306.121473        8.848115
    1189        0.000013      305.909238        8.847584
    1190        0.000013      306.196041        8.848420
    1191        0.000013      305.983173        8.847795
    1192        0.000013      306.266329        8.848664
    1193        0.000013      306.060408        8.848170
    1194        0.000013      306.347802        8.849204
    1195        0.000013      306.141645        8.848703
    1196        0.000013      306.424052        8.849597
    1197        0.000013      306.211111        8.848937
    1198        0.000013      306.494963        8.849759
    1199        0.000013      306.285090        8.849215
    1200        0.000013      306.576901        8.850163
    1201        0.000013      306.368017        8.849616
    1202        0.000013      306.659463        8.850466
    1203        0.000013      306.446331        8.849782
    1204        0.000013      306.732983        8.850492
    1205        0.000013      306.526802        8.849835
    1206        0.000013      306.820857        8.850778
    1207        0.000013      306.618894        8.850258
    1208        0.000013      306.913292        8.851110
    1209        0.000013      306.705184        8.850394
    1210        0.000013      306.994274        8.851175
    1211        0.000013      306.786372        8.850563
    1212        0.000013      307.077170        8.851550
    1213        0.000013      306.868242        8.851139
    1214        0.000013      307.156229        8.852114
    1215        0.000013      306.937653        8.851536
    1216        0.000013      307.218047        8.852365
    1217        0.000013      307.000082        8.851752
    1218        0.000013      307.285628        8.852681
    1219        0.000013      307.075743        8.852193
    1220        0.000013      307.365274        8.853134
    1221        0.000013      307.154568        8.852530
    1222        0.000013      307.441098        8.853312
    1223        0.000013      307.230529        8.852652
    1224        0.000013      307.521424        8.853502
    1225        0.000013      307.317314        8.852991
    1226        0.000013      307.611998        8.853929
    1227        0.000013      307.405022        8.853346
    1228        0.000013      307.693178        8.854116
    1229        0.000013      307.483430        8.853435
    1230        0.000013      307.770276        8.854246
    1231        0.000013      307.566675        8.853742
    1232        0.000013      307.856253        8.854626
    1233        0.000013      307.650860        8.854048
    1234        0.000013      307.935906        8.854915
    1235        0.000013      307.723365        8.854233
    1236        0.000013      308.010609        8.855081
    1237        0.000013      307.802876        8.854634
    1238        0.000013      308.092898        8.855712
    1239        0.000013      307.884176        8.855225
    1240        0.000013      308.168135        8.856154
    1241        0.000013      307.946714        8.855506
    1242        0.000013      308.228745        8.856262
    1243        0.000013      308.017090        8.855735
    1244        0.000013      308.306802        8.856718
    1245        0.000013      308.100136        8.856207
    1246        0.000013      308.389860        8.857062
    1247        0.000013      308.177727        8.856378
    1248        0.000013      308.465990        8.857084
    1249        0.000013      308.259157        8.856430
    1250        0.000013      308.555720        8.857332
    1251        0.000013      308.354647        8.856796
    1252        0.000013      308.649872        8.857675
    1253        0.000013      308.440935        8.857022
    1254        0.000013      308.729826        8.857792
    1255        0.000013      308.518972        8.857170
    1256        0.000013      308.809393        8.858081
    1257        0.000013      308.601283        8.857606
    1258        0.000013      308.890979        8.858567
    1259        0.000013      308.676914        8.857987
    1260        0.000013      308.960334        8.858805
    1261        0.000013      308.745319        8.858208
    1262        0.000013      309.031760        8.859158
    1263        0.000013      308.822816        8.858650
    1264        0.000013      309.112866        8.859629
    1265        0.000013      308.902009        8.859117
    1266        0.000013      309.186624        8.859927
    1267        0.000013      308.976445        8.859248
    1268        0.000013      309.265981        8.860155
    1269        0.000013      309.058272        8.859614
    1270        0.000013      309.352694        8.860476
    1271        0.000013      309.145678        8.859878
    1272        0.000013      309.434346        8.860636
    1273        0.000013      309.226086        8.859846
    1274        0.000013      309.520676        8.860674
    1275        0.000013      309.316420        8.860142
    1276        0.000013      309.615137        8.861062
    1277        0.000013      309.408691        8.860529
    1278        0.000013      309.698334        8.861364
    1279        0.000013      309.483912        8.860694
    1280        0.000013      309.771230        8.861547
    1281        0.000013      309.558243        8.861037
    1282        0.000013      309.848159        8.862036
    1283        0.000013      309.636771        8.861588
    1284        0.000013      309.921273        8.862492
    1285        0.000013      309.703692        8.861868
    1286        0.000013      309.987235        8.862678
    1287        0.000013      309.773958        8.862120
    1288        0.000013      310.066188        8.863056
    1289        0.000013      309.858621        8.862556
    1290        0.000013      310.150657        8.863435
    1291        0.000013      309.939268        8.862743
    1292        0.000013      310.229330        8.863503
    1293        0.000006      310.019706        8.862865
    1294        0.000006      309.979769        8.841302
    1295        0.000006      310.004333        8.841551
    1296        0.000006      310.033926        8.841703
    1297        0.000006      310.058663        8.841854
    1298        0.000006      310.083354        8.841985
    1299        0.000006      310.107479        8.842107
    1300        0.000006      310.131543        8.842225
    1301        0.000006      310.155586        8.842330
    1302        0.000006      310.179490        8.842436
    1303        0.000006      310.203577        8.842540
    1304        0.000006      310.227938        8.842644
    1305        0.000006      310.252265        8.842746
    1306        0.000006      310.276582        8.842836
    1307        0.000006      310.300514        8.842928
    1308        0.000006      310.325591        8.843023
    1309        0.000006      310.349364        8.843114
    1310        0.000006      310.375293        8.843218
    1311        0.000006      310.398558        8.843303
    1312        0.000006      310.426290        8.843405
    1313        0.000006      310.445480        8.843478
    1314        0.000006      310.483328        8.843610
    1315        0.000006      310.478587        8.843607
    1316        0.000006      310.578230        8.843925
    1317        0.000006      310.441688        8.843529
    1318        0.000006      310.701125        8.844318
    1319        0.000006      310.508151        8.843777
    1320        0.000006      310.672665        8.844281
    1321        0.000006      310.605591        8.844115
    1322        0.000006      310.689803        8.844372
    1323        0.000006      310.667116        8.844337
    1324        0.000006      310.728362        8.844513
    1325        0.000006      310.715280        8.844484
    1326        0.000006      310.773817        8.844624
    1327        0.000006      310.757157        8.844653
    1328        0.000006      310.835983        8.844982
    1329        0.000006      310.794114        8.844923
    1330        0.000006      310.904128        8.845125
    1331        0.000006      310.809157        8.844950
    1332        0.000006      310.979809        8.845399
    1333        0.000006      310.844701        8.845099
    1334        0.000006      311.013661        8.845553
    1335        0.000006      310.911767        8.845336
    1336        0.000006      311.036430        8.845684
    1337        0.000006      310.971663        8.845527
    1338        0.000006      311.071949        8.845819
    1339        0.000006      311.021332        8.845711
    1340        0.000006      311.116975        8.845950
    1341        0.000006      311.064734        8.845864
    1342        0.000006      311.173208        8.846236
    1343        0.000006      311.101606        8.846066
    1344        0.000006      311.236746        8.846499
    1345        0.000006      311.135911        8.846225
    1346        0.000006      311.277795        8.846490
    1347        0.000006      311.177508        8.846200
    1348        0.000006      311.322908        8.846695
    1349        0.000006      311.231307        8.846395
    1350        0.000006      311.360438        8.846735
    1351        0.000006      311.289991        8.846628
    1352        0.000006      311.402622        8.846961
    1353        0.000006      311.333311        8.846733
    1354        0.000006      311.448673        8.847141
    1355        0.000006      311.372750        8.846960
    1356        0.000006      311.493210        8.847298
    1357        0.000006      311.410782        8.847074
    1358        0.000006      311.539515        8.847412
    1359        0.000006      311.444771        8.847027
    1360        0.000006      311.584889        8.847445
    1361        0.000006      311.499127        8.847374
    1362        0.000006      311.631906        8.847886
    1363        0.000006      311.549030        8.847710
