       0        0.000100  2225032.418790     1482.158936
       1        0.000100  2206005.077229     1475.750854
       2        0.000100  2180549.356688     1467.132446
       3        0.000100  2147629.176752     1455.914673
       4        0.000100  2106860.914013     1441.903320
       5        0.000100  2056966.849522     1424.568848
       6        0.000100  1997376.299363     1403.583862
       7        0.000100  1928002.068471     1378.749878
       8        0.000100  1849117.599522     1349.951904
       9        0.000100  1761295.404459     1317.146362
      10        0.000100  1665366.224522     1280.345215
      11        0.000100  1562384.382962     1239.613525
      12        0.000100  1453597.203025     1195.066528
      13        0.000100  1340416.511943     1146.868408
      14        0.000100  1224386.453025     1095.236450
      15        0.000100  1107141.888535     1040.437256
      16        0.000100   990362.368631      982.788330
      17        0.000100   875725.103901      922.657837
      18        0.000100   764857.308917      860.464600
      19        0.000100   659286.771099      796.681030
      20        0.000100   560393.268511      731.831848
      21        0.000100   469358.675756      666.494934
      22        0.000100   387120.932524      601.297607
      23        0.000100   314333.833101      536.951660
      24        0.000100   251333.963276      474.345856
      25        0.000100   198123.201334      414.661102
      26        0.000100   154368.819865      359.040558
      27        0.000100   119426.241789      309.294830
      28        0.000100    92387.645278      266.151825
      29        0.000100    72153.264406      230.642090
      30        0.000100    57522.485544      202.987823
      31        0.000100    47290.615620      181.851471
      32        0.000100    40339.178344      166.322922
      33        0.000100    35704.170631      155.150711
      34        0.000100    32613.878067      147.188416
      35        0.000100    30494.407307      141.477066
      36        0.000100    28949.118407      137.076630
      37        0.000100    27723.492915      133.509857
      38        0.000100    26666.026299      130.435181
      39        0.000100    25693.345156      127.636673
      40        0.000100    24763.412097      124.983818
      41        0.000100    23857.317215      122.414864
      42        0.000100    22968.039075      119.891289
      43        0.000100    22093.978043      117.391785
      44        0.000100    21235.839153      114.915443
      45        0.000100    20395.026162      112.457520
      46        0.000100    19573.056566      110.015114
      47        0.000100    18771.361322      107.593567
      48        0.000100    17991.180546      105.187698
      49        0.000100    17233.652869      102.798210
      50        0.000100    16499.786226      100.439812
      51        0.000100    15790.231044       98.121567
      52        0.000100    15105.480015       95.833138
      53        0.000100    14445.932586       93.583809
      54        0.000100    13811.515090       91.376328
      55        0.000100    13202.190937       89.206802
      56        0.000100    12617.802352       87.076485
      57        0.000100    12058.034652       84.998405
      58        0.000100    11522.463027       82.971268
      59        0.000100    11010.560914       80.994110
      60        0.000100    10521.687920       79.058723
      61        0.000100    10055.105836       77.168137
      62        0.000100     9610.014439       75.327301
      63        0.000100     9185.568557       73.538055
      64        0.000100     8780.912354       71.795319
      65        0.000100     8395.161573       70.100166
      66        0.000100     8027.439402       68.461266
      67        0.000100     7676.895948       66.868538
      68        0.000100     7342.735865       65.314644
      69        0.000100     7024.180054       63.805672
      70        0.000100     6720.493242       62.343452
      71        0.000100     6430.990112       60.914013
      72        0.000100     6155.043804       59.522846
      73        0.000100     5892.068610       58.169960
      74        0.000100     5641.539541       56.855625
      75        0.000100     5402.964132       55.583645
      76        0.000100     5175.827945       54.345985
      77        0.000100     4959.650223       53.142742
      78        0.000100     4753.972306       51.979095
      79        0.000100     4558.375595       50.848061
      80        0.000100     4372.437550       49.752071
      81        0.000100     4195.752579       48.692024
      82        0.000100     4027.925522       47.674175
      83        0.000100     3868.568848       46.690983
      84        0.000100     3717.300634       45.744743
      85        0.000100     3573.748919       44.840042
      86        0.000100     3437.543431       43.975433
      87        0.000100     3308.323915       43.144730
      88        0.000100     3185.727861       42.347260
      89        0.000100     3069.391033       41.581116
      90        0.000100     2958.935197       40.838314
      91        0.000100     2854.010795       40.119938
      92        0.000100     2754.176456       39.425556
      93        0.000100     2658.944104       38.749832
      94        0.000100     2567.879101       38.093166
      95        0.000100     2480.232241       37.453465
      96        0.000100     2393.869154       36.819687
      97        0.000100     2292.521157       36.104588
      98        0.000100     2088.364844       34.538052
      99        0.000100     1937.909230       33.292648
     100        0.000100     1823.569828       32.345020
     101        0.000100     1719.342854       31.435368
     102        0.000100     1633.469765       30.661261
     103        0.000100     1549.737857       29.879635
     104        0.000100     1481.393087       29.213739
     105        0.000100     1419.908244       28.604679
     106        0.000100     1362.877906       28.026937
     107        0.000100     1305.826323       27.437109
     108        0.000100     1243.595248       26.773273
     109        0.000100     1193.134568       26.203199
     110        0.000100     1147.856148       25.682310
     111        0.000100     1104.845082       25.179531
     112        0.000100     1058.897069       24.642248
     113        0.000100     1017.184977       24.128870
     114        0.000100      981.978415       23.680811
     115        0.000100      949.541426       23.260403
     116        0.000100      919.052370       22.857006
     117        0.000100      890.097407       22.465883
     118        0.000100      862.354043       22.083014
     119        0.000100      835.756704       21.707485
     120        0.000100      810.197269       21.340401
     121        0.000100      785.884172       20.990454
     122        0.000100      762.783111       20.651730
     123        0.000100      740.833901       20.324696
     124        0.000100      720.091569       20.010084
     125        0.000100      700.330005       19.704988
     126        0.000100      681.349049       19.406082
     127        0.000100      663.068195       19.114185
     128        0.000100      645.733334       18.835459
     129        0.000100      629.350250       18.566397
     130        0.000100      613.912199       18.309357
     131        0.000100      599.265070       18.063499
     132        0.000100      585.302001       17.827709
     133        0.000100      571.961650       17.599657
     134        0.000100      559.202004       17.377806
     135        0.000100      546.980588       17.164404
     136        0.000100      535.250241       16.957800
     137        0.000100      523.982086       16.757915
     138        0.000100      513.148224       16.563221
     139        0.000100      502.727608       16.374132
     140        0.000100      492.693981       16.190084
     141        0.000100      483.042762       16.011198
     142        0.000100      473.761264       15.837902
     143        0.000100      464.831043       15.670674
     144        0.000100      456.243513       15.508068
     145        0.000100      447.981870       15.350013
     146        0.000100      440.041851       15.197468
     147        0.000100      432.411416       15.049279
     148        0.000100      425.074036       14.906126
     149        0.000100      418.017523       14.767361
     150        0.000100      411.231839       14.632336
     151        0.000100      404.704009       14.501439
     152        0.000100      398.423154       14.374226
     153        0.000100      392.376086       14.250276
     154        0.000100      386.556045       14.131000
     155        0.000100      380.949379       14.015240
     156        0.000100      375.543648       13.901981
     157        0.000100      370.329094       13.792515
     158        0.000100      365.296879       13.686353
     159        0.000100      360.438893       13.582889
     160        0.000100      355.747790       13.482547
     161        0.000100      351.219306       13.384685
     162        0.000100      346.846692       13.289351
     163        0.000100      342.622077       13.197162
     164        0.000100      338.540501       13.107674
     165        0.000100      334.595085       13.020884
     166        0.000100      330.781525       12.936836
     167        0.000100      327.097170       12.855514
     168        0.000100      323.532050       12.776286
     169        0.000100      320.073267       12.699357
     170        0.000100      316.737996       12.624433
     171        0.000100      313.516394       12.551702
     172        0.000100      310.375710       12.480717
     173        0.000100      307.338067       12.411721
     174        0.000100      304.396901       12.344082
     175        0.000100      301.541132       12.278601
     176        0.000100      298.773293       12.214998
     177        0.000100      296.087736       12.153166
     178        0.000100      293.479816       12.093216
     179        0.000100      290.946363       12.035252
     180        0.000100      288.484406       11.978658
     181        0.000100      286.086678       11.923470
     182        0.000100      283.752570       11.869644
     183        0.000100      281.482431       11.817019
     184        0.000100      279.275018       11.765616
     185        0.000100      277.115838       11.715096
     186        0.000100      274.996243       11.665400
     187        0.000100      272.945841       11.617500
     188        0.000100      270.948577       11.571300
     189        0.000100      268.979114       11.525940
     190        0.000100      267.020379       11.481152
     191        0.000100      264.771604       11.431380
     192        0.000100      262.620243       11.384550
     193        0.000100      260.732838       11.341381
     194        0.000100      258.929696       11.299454
     195        0.000100      257.180632       11.258629
     196        0.000100      255.478964       11.218664
     197        0.000100      253.820041       11.179737
     198        0.000100      252.200267       11.141810
     199        0.000100      250.616873       11.104477
     200        0.000100      249.068352       11.067664
     201        0.000100      247.551392       11.031362
     202        0.000100      246.062687       10.995644
     203        0.000100      244.598111       10.960264
     204        0.000100      243.146732       10.925313
     205        0.000100      241.675912       10.890924
     206        0.000100      240.119689       10.856473
     207        0.000100      238.151159       10.813560
     208        0.000100      236.183489       10.772140
     209        0.000100      234.872003       10.739666
     210        0.000100      233.563146       10.708203
     211        0.000100      232.304600       10.677240
     212        0.000100      231.056743       10.646495
     213        0.000100      229.844558       10.616404
     214        0.000100      228.650390       10.586623
     215        0.000100      227.482822       10.557317
     216        0.000100      226.335622       10.528440
     217        0.000100      225.210680       10.500088
     218        0.000100      224.106306       10.472140
     219        0.000100      223.024019       10.445092
     220        0.000100      221.960680       10.418856
     221        0.000100      220.916073       10.392862
     222        0.000100      219.887818       10.367026
     223        0.000100      218.888472       10.341691
     224        0.000100      217.903418       10.316772
     225        0.000100      216.951912       10.292404
     226        0.000100      215.982220       10.267518
     227        0.000100      215.033581       10.243246
     228        0.000100      214.109181       10.219074
     229        0.000100      213.204824       10.195667
     230        0.000100      212.338390       10.172353
     231        0.000100      211.453493       10.149459
     232        0.000100      210.654678       10.126729
     233        0.000100      209.760222       10.104087
     234        0.000100      209.077625       10.082197
     235        0.000100      208.098412       10.059702
     236        0.000100      207.670949       10.039318
     237        0.000100      206.473507       10.016496
     238        0.000100      206.375560        9.998090
     239        0.000100      205.100123        9.975356
     240        0.000100      204.934185        9.957278
     241        0.000100      203.889722        9.936064
     242        0.000100      203.534711        9.917618
     243        0.000100      202.680740        9.897982
     244        0.000100      202.235401        9.879330
     245        0.000100      201.378678        9.860123
     246        0.000100      201.016088        9.842981
     247        0.000100      199.903440        9.820871
     248        0.000100      199.145074        9.796465
     249        0.000100      198.452750        9.777329
     250        0.000100      197.905917        9.758920
     251        0.000100      197.327253        9.740845
     252        0.000100      196.872601        9.724428
     253        0.000100      196.336832        9.707132
     254        0.000100      195.907899        9.691267
     255        0.000100      195.372932        9.673459
     256        0.000100      195.015674        9.659218
     257        0.000100      194.478397        9.642363
     258        0.000100      194.189893        9.628416
     259        0.000100      193.569739        9.611230
     260        0.000100      193.469362        9.598859
     261        0.000100      192.703678        9.581197
     262        0.000100      192.763582        9.569907
     263        0.000100      191.976776        9.552265
     264        0.000100      192.001124        9.541362
     265        0.000100      191.329162        9.524661
     266        0.000100      191.256169        9.513505
     267        0.000100      190.679120        9.497097
     268        0.000100      190.572680        9.486328
     269        0.000100      190.082494        9.471519
     270        0.000100      189.929495        9.460051
     271        0.000100      189.468853        9.445033
     272        0.000100      189.349715        9.434791
     273        0.000100      188.885581        9.419448
     274        0.000100      188.807913        9.409930
     275        0.000100      188.297909        9.394457
     276        0.000100      188.326428        9.385771
     277        0.000100      187.791688        9.370679
     278        0.000100      187.851289        9.362065
     279        0.000100      187.259138        9.346894
     280        0.000100      187.362309        9.338192
     281        0.000100      186.937113        9.325106
     282        0.000100      187.006564        9.315903
     283        0.000100      186.473539        9.302235
     284        0.000100      186.450373        9.292888
     285        0.000100      186.152809        9.280552
     286        0.000100      186.276238        9.272834
     287        0.000100      185.825514        9.259388
     288        0.000100      185.776428        9.251817
     289        0.000100      185.381748        9.238591
     290        0.000100      185.531868        9.231567
     291        0.000100      185.169272        9.218822
     292        0.000100      185.218884        9.212107
     293        0.000100      184.749155        9.199045
     294        0.000100      184.914622        9.191850
     295        0.000100      184.581732        9.179976
     296        0.000100      184.697174        9.172690
     297        0.000100      184.237308        9.160437
     298        0.000100      184.340680        9.152675
     299        0.000100      184.065902        9.141566
     300        0.000100      184.226370        9.134706
     301        0.000100      183.814518        9.123092
     302        0.000100      183.818492        9.115512
     303        0.000100      183.511446        9.103862
     304        0.000100      183.751611        9.099511
     305        0.000100      183.420968        9.087511
     306        0.000100      183.391093        9.078191
     307        0.000100      183.026777        9.068911
     308        0.000100      183.144265        9.061352
     309        0.000100      182.998433        9.053659
     310        0.000100      183.022601        9.044498
     311        0.000100      182.632983        9.034128
     312        0.000100      182.693793        9.027005
     313        0.000100      182.521807        9.018890
     314        0.000100      182.689571        9.012446
     315        0.000100      182.331435        9.001729
     316        0.000100      182.296056        8.994236
     317        0.000100      182.076126        8.985220
     318        0.000100      182.303957        8.980873
     319        0.000100      182.102836        8.971179
     320        0.000100      182.087087        8.964928
     321        0.000100      181.841582        8.955421
     322        0.000100      182.120244        8.953208
     323        0.000100      182.023901        8.944789
     324        0.000100      182.124877        8.939703
     325        0.000100      181.731000        8.928132
     326        0.000100      182.014477        8.926121
     327        0.000100      181.821287        8.917413
     328        0.000100      182.020049        8.912565
     329        0.000100      181.611587        8.901877
     330        0.000100      181.543212        8.896268
     331        0.000100      181.483280        8.890512
     332        0.000100      181.726010        8.886292
     333        0.000100      181.631296        8.879371
     334        0.000100      181.528666        8.871474
     335        0.000100      181.389063        8.865561
     336        0.000100      181.595126        8.862004
     337        0.000100      181.684886        8.857862
     338        0.000100      181.685565        8.851250
     339        0.000100      181.444836        8.843631
     340        0.000100      181.549396        8.840786
     341        0.000100      181.556450        8.835028
     342        0.000100      181.874214        8.834110
     343        0.000100      181.593268        8.824653
     344        0.000100      181.638385        8.821552
     345        0.000100      181.508643        8.814705
     346        0.000100      181.868344        8.814889
     347        0.000100      181.844828        8.808805
     348        0.000100      181.817119        8.804295
     349        0.000100      181.560972        8.795779
     350        0.000100      181.812285        8.795645
     351        0.000100      181.883806        8.791187
     352        0.000100      182.068305        8.788281
     353        0.000100      181.769468        8.780494
     354        0.000100      181.832196        8.777077
     355        0.000100      181.809051        8.772862
     356        0.000100      182.172297        8.771955
     357        0.000100      182.033866        8.765842
     358        0.000100      182.023072        8.761559
     359        0.000100      181.823978        8.755719
     360        0.000100      182.105702        8.754305
     361        0.000100      182.225042        8.751178
     362        0.000100      182.309550        8.747307
     363        0.000100      182.043875        8.740256
     364        0.000100      182.095118        8.737228
     365        0.000100      182.194796        8.733405
     366        0.000100      182.492923        8.732289
     367        0.000100      182.336988        8.725341
     368        0.000100      182.246150        8.720773
     369        0.000100      182.140819        8.714907
     370        0.000100      182.496687        8.715091
     371        0.000100      182.513709        8.709549
     372        0.000100      182.497638        8.704556
     373        0.000100      182.256085        8.697780
     374        0.000100      182.454722        8.696360
     375        0.000100      182.573338        8.692105
     376        0.000100      182.835230        8.690337
     377        0.000100      182.604241        8.683153
     378        0.000100      182.569419        8.679379
     379        0.000100      182.560159        8.674682
     380        0.000100      182.932209        8.674042
     381        0.000100      182.989936        8.669540
     382        0.000100      182.879904        8.664332
     383        0.000100      182.637440        8.657743
     384        0.000100      182.817436        8.654511
     385        0.000100      183.086537        8.651783
     386        0.000100      183.235723        8.648032
     387        0.000100      182.921605        8.640295
     388        0.000100      182.792949        8.635566
     389        0.000100      182.826508        8.631351
     390        0.000100      183.122858        8.629982
     391        0.000100      183.095507        8.624848
     392        0.000100      182.910576        8.619893
     393        0.000100      182.666535        8.613493
     394        0.000100      182.858116        8.612158
     395        0.000100      183.041018        8.608996
     396        0.000100      183.170709        8.606729
     397        0.000100      182.819498        8.599453
     398        0.000100      182.742084        8.596341
     399        0.000100      182.786373        8.592791
     400        0.000100      183.157700        8.592546
     401        0.000100      183.147797        8.588382
     402        0.000100      182.971157        8.583280
     403        0.000100      182.774032        8.579084
     404        0.000100      182.963836        8.577504
     405        0.000100      183.171668        8.575404
     406        0.000100      183.338076        8.573628
     407        0.000100      183.041279        8.567769
     408        0.000100      182.995499        8.565285
     409        0.000100      183.043174        8.562583
     410        0.000100      183.420757        8.563315
     411        0.000100      183.392813        8.559834
     412        0.000100      183.258717        8.556722
     413        0.000100      183.040811        8.551840
     414        0.000100      183.336389        8.553775
     415        0.000100      183.462871        8.551626
     416        0.000100      183.540724        8.550119
     417        0.000100      183.246141        8.545278
     418        0.000100      183.288411        8.544586
     419        0.000100      183.331565        8.542747
     420        0.000100      183.580552        8.543036
     421        0.000100      183.430191        8.539320
     422        0.000100      183.326094        8.537238
     423        0.000100      183.195262        8.534079
     424        0.000100      183.429577        8.534784
     425        0.000100      183.484820        8.533071
     426        0.000100      183.499768        8.533031
     427        0.000100      183.102937        8.526651
     428        0.000100      183.243688        8.527246
     429        0.000100      183.296068        8.525831
     430        0.000100      183.535501        8.526480
     431        0.000100      183.222243        8.521989
     432        0.000100      183.099139        8.519878
     433        0.000100      182.981489        8.517193
     434        0.000100      183.328540        8.518808
     435        0.000100      183.323150        8.516941
     436        0.000100      183.231581        8.515077
     437        0.000100      182.773734        8.509945
     438        0.000100      182.866056        8.509654
     439        0.000100      183.010461        8.508971
     440        0.000100      183.336725        8.510337
     441        0.000100      182.979428        8.505604
     442        0.000100      182.731761        8.503837
     443        0.000100      182.428537        8.499188
     444        0.000100      182.887124        8.502446
     445        0.000100      182.997641        8.500627
     446        0.000100      183.019617        8.500319
     447        0.000100      182.439195        8.494878
     448        0.000100      182.318472        8.493146
     449        0.000100      182.423637        8.492480
     450        0.000100      182.871967        8.494463
     451        0.000100      182.766697        8.491992
     452        0.000100      182.425929        8.488730
     453        0.000100      182.033855        8.484902
     454        0.000100      182.242258        8.485952
     455        0.000100      182.547070        8.487047
     456        0.000100      182.644517        8.485434
     457        0.000100      182.252752        8.481471
     458        0.000100      181.985979        8.479975
     459        0.000100      181.951322        8.478168
     460        0.000100      182.324210        8.480080
     461        0.000100      182.381780        8.478348
     462        0.000100      182.181006        8.477128
     463        0.000100      181.756575        8.471400
     464        0.000100      181.868434        8.472330
     465        0.000100      182.030955        8.471598
     466        0.000100      182.215415        8.473137
     467        0.000100      181.772521        8.467074
     468        0.000100      181.717405        8.466962
     469        0.000100      181.672191        8.464504
     470        0.000100      181.939634        8.465859
     471        0.000100      181.732962        8.462224
     472        0.000100      181.548042        8.460145
     473        0.000100      181.311241        8.457519
     474        0.000100      181.554156        8.458448
     475        0.000100      181.683232        8.457174
     476        0.000100      181.613398        8.454707
     477        0.000100      181.184802        8.450971
     478        0.000100      180.950798        8.447279
     479        0.000100      181.166979        8.448519
     480        0.000100      181.510164        8.449559
     481        0.000100      181.437468        8.446330
     482        0.000100      180.953706        8.441141
     483        0.000100      180.587977        8.436699
     484        0.000100      180.806980        8.438030
     485        0.000100      181.135214        8.438889
     486        0.000100      181.223381        8.437731
     487        0.000100      180.747322        8.431333
     488        0.000100      180.417027        8.428780
     489        0.000100      180.316534        8.425076
     490        0.000100      180.774797        8.427964
     491        0.000100      180.956669        8.427729
     492        0.000100      180.780286        8.425930
     493        0.000100      180.152393        8.418181
     494        0.000100      180.184607        8.417637
     495        0.000100      180.377757        8.416177
     496        0.000100      180.779852        8.419535
     497        0.000100      180.449466        8.414861
     498        0.000100      180.259963        8.414024
     499        0.000100      180.122107        8.409876
     500        0.000100      180.411625        8.410558
     501        0.000100      180.389111        8.407357
     502        0.000100      180.316815        8.408194
     503        0.000100      180.072792        8.406166
     504        0.000100      180.238118        8.407297
     505        0.000100      180.400854        8.406073
     506        0.000100      180.535114        8.405864
     507        0.000100      180.145478        8.401962
     508        0.000100      179.931663        8.401041
     509        0.000100      180.069566        8.401962
     510        0.000100      180.591348        8.406483
     511        0.000100      180.596656        8.404468
     512        0.000100      180.215301        8.400052
     513        0.000100      179.799590        8.396753
     514        0.000100      179.984695        8.398886
     515        0.000100      180.359372        8.401273
     516        0.000100      180.666146        8.403282
     517        0.000100      180.364319        8.400725
     518        0.000100      179.908728        8.396310
     519        0.000100      179.768532        8.394282
     520        0.000100      180.136558        8.396267
     521        0.000100      180.532648        8.399641
     522        0.000100      180.436800        8.399375
     523        0.000100      180.015182        8.395952
     524        0.000100      179.941021        8.394837
     525        0.000100      180.129026        8.394258
     526        0.000100      180.319533        8.394936
     527        0.000100      180.094061        8.393244
     528        0.000100      179.937907        8.393296
     529        0.000100      180.045100        8.393831
     530        0.000100      180.329619        8.394950
     531        0.000100      180.305959        8.392404
     532        0.000100      179.993395        8.389487
     533        0.000100      179.704311        8.388925
     534        0.000100      179.747443        8.388352
     535        0.000100      180.257196        8.392447
     536        0.000100      180.488943        8.392663
     537        0.000100      180.248978        8.390657
     538        0.000100      179.657896        8.384753
     539        0.000100      179.623203        8.384988
     540        0.000100      179.936335        8.385811
     541        0.000100      180.374942        8.389510
     542        0.000100      180.178423        8.387134
     543        0.000100      179.863520        8.385791
     544        0.000100      179.686415        8.382756
     545        0.000100      180.027136        8.385734
     546        0.000100      180.189844        8.384511
     547        0.000100      180.149098        8.386844
     548        0.000100      179.667322        8.381285
     549        0.000100      179.819307        8.385611
     550        0.000100      179.969740        8.382686
     551        0.000100      180.394437        8.388104
     552        0.000100      180.035940        8.382610
     553        0.000100      179.764955        8.382947
     554        0.000100      179.621545        8.379526
     555        0.000100      180.059404        8.383828
     556        0.000100      180.219901        8.382123
     557        0.000100      180.103396        8.382201
     558        0.000100      179.633003        8.376928
     559        0.000100      179.661458        8.377836
     560        0.000100      179.906152        8.377028
     561        0.000100      180.252120        8.379541
     562        0.000100      179.960393        8.375026
     563        0.000100      179.650870        8.374049
     564        0.000100      179.478450        8.369538
     565        0.000100      179.970958        8.374568
     566        0.000100      180.049724        8.369812
     567        0.000100      180.034610        8.372522
     568        0.000100      179.429440        8.363914
     569        0.000100      179.554531        8.366394
     570        0.000100      179.767785        8.364100
     571        0.000100      180.120220        8.366727
     572        0.000100      179.786756        8.361591
     573        0.000100      179.486891        8.360149
     574        0.000100      179.395993        8.356932
     575        0.000100      179.817002        8.359803
     576        0.000100      179.974052        8.357687
     577        0.000100      179.798658        8.356772
     578        0.000100      179.351068        8.351511
     579        0.000100      179.448026        8.352339
     580        0.000100      179.770145        8.352006
     581        0.000100      179.988512        8.351590
     582        0.000100      179.774127        8.349483
     583        0.000100      179.378440        8.346544
     584        0.000100      179.412798        8.345399
     585        0.000100      179.836216        8.347832
     586        0.000100      180.071949        8.347171
     587        0.000100      179.856919        8.346020
     588        0.000100      179.451631        8.341515
     589        0.000100      179.623570        8.343533
     590        0.000100      179.971941        8.343381
     591        0.000100      180.291162        8.346616
     592        0.000100      179.933727        8.341928
     593        0.000100      179.759150        8.342901
     594        0.000100      179.787150        8.340364
     595        0.000100      180.383863        8.346496
     596        0.000100      180.425425        8.343102
     597        0.000100      180.309813        8.345318
     598        0.000100      179.887769        8.339577
     599        0.000100      180.267424        8.344817
     600        0.000100      180.611187        8.343905
     601        0.000100      180.898931        8.347878
     602        0.000100      180.456240        8.342522
     603        0.000100      180.385587        8.344747
     604        0.000100      180.535345        8.343170
     605        0.000100      181.134971        8.349012
     606        0.000100      181.051308        8.344777
     607        0.000100      180.910314        8.347221
     608        0.000100      180.611962        8.343122
     609        0.000100      181.005865        8.347167
     610        0.000100      181.377682        8.347170
     611        0.000100      181.556971        8.350022
     612        0.000100      181.082510        8.344852
     613        0.000100      181.045705        8.346642
     614        0.000100      181.299084        8.346169
     615        0.000100      181.862657        8.351286
     616        0.000100      181.711599        8.347597
     617        0.000100      181.460946        8.347944
     618        0.000100      181.318419        8.345200
     619        0.000100      181.872426        8.352063
     620        0.000100      182.014307        8.348368
     621        0.000100      182.121889        8.351464
     622        0.000100      181.620699        8.345697
     623        0.000100      181.783375        8.348981
     624        0.000100      182.064644        8.347920
     625        0.000100      182.589491        8.352946
     626        0.000100      182.277683        8.348391
     627        0.000100      182.033585        8.349140
     628        0.000100      182.005579        8.346848
     629        0.000100      182.607449        8.352525
     630        0.000100      182.785383        8.350949
     631        0.000100      182.641094        8.351954
     632        0.000100      182.279963        8.347950
     633        0.000100      182.602929        8.352938
     634        0.000100      182.921127        8.352626
     635        0.000100      183.124210        8.353852
     636        0.000100      182.895345        8.352816
     637        0.000100      182.683485        8.353094
     638        0.000100      182.856904        8.353224
     639        0.000100      183.396840        8.357984
     640        0.000100      183.525442        8.357365
     641        0.000100      183.217347        8.357139
     642        0.000100      182.940759        8.354319
     643        0.000100      183.291566        8.358052
     644        0.000100      183.735302        8.358952
     645        0.000100      183.814023        8.360617
     646        0.000100      183.400137        8.356330
     647        0.000100      183.336569        8.357626
     648        0.000100      183.588616        8.356891
     649        0.000100      184.057254        8.361279
     650        0.000100      183.910374        8.357397
     651        0.000100      183.656832        8.358120
     652        0.000100      183.473134        8.353494
     653        0.000100      183.983833        8.359492
     654        0.000100      184.202299        8.356082
     655        0.000100      184.190060        8.359075
     656        0.000100      183.640225        8.350959
     657        0.000100      183.798325        8.355116
     658        0.000100      184.086102        8.352049
     659        0.000100      184.490099        8.356748
     660        0.000100      184.099812        8.349785
     661        0.000100      183.836916        8.350113
     662        0.000100      183.861715        8.347057
     663        0.000100      184.386949        8.351872
     664        0.000100      184.431044        8.348229
     665        0.000100      184.132980        8.346733
     666        0.000100      183.872836        8.343488
     667        0.000100      184.124232        8.345911
     668        0.000100      184.503738        8.345498
     669        0.000100      184.626164        8.347047
     670        0.000100      184.199893        8.341834
     671        0.000100      184.080225        8.342650
     672        0.000100      184.351997        8.341848
     673        0.000100      184.911418        8.346808
     674        0.000100      184.794124        8.343087
     675        0.000100      184.509677        8.343715
     676        0.000100      184.354997        8.339733
     677        0.000100      184.890856        8.346270
     678        0.000100      185.175595        8.344379
     679        0.000100      185.183322        8.348228
     680        0.000100      184.785774        8.342984
     681        0.000100      184.948318        8.347716
     682        0.000100      185.347786        8.347689
     683        0.000100      185.757833        8.353247
     684        0.000100      185.497842        8.349260
     685        0.000100      185.286174        8.351221
     686        0.000100      185.415886        8.350035
     687        0.000100      186.030613        8.357374
     688        0.000100      186.153387        8.355120
     689        0.000100      185.906385        8.356112
     690        0.000100      185.693022        8.354015
     691        0.000100      186.017188        8.358512
     692        0.000100      186.469872        8.359244
     693        0.000100      186.625692        8.362751
     694        0.000100      186.235428        8.358534
     695        0.000100      186.146913        8.360843
     696        0.000100      186.461634        8.360839
     697        0.000100      187.026915        8.367121
     698        0.000100      186.930333        8.363918
     699        0.000100      186.645949        8.365519
     700        0.000100      186.489882        8.361364
     701        0.000100      187.047510        8.368883
     702        0.000100      187.349494        8.368162
     703        0.000100      187.257571        8.369920
     704        0.000100      186.883781        8.365586
     705        0.000100      187.069188        8.370208
     706        0.000100      187.416951        8.369686
     707        0.000100      187.781179        8.374378
     708        0.000100      187.513743        8.370901
     709        0.000100      187.288422        8.372241
     710        0.000100      187.353080        8.370517
     711        0.000100      187.906432        8.375875
     712        0.000100      188.181297        8.376595
     713        0.000100      187.892778        8.377453
     714        0.000100      187.536191        8.372838
     715        0.000100      187.864565        8.378343
     716        0.000100      188.318027        8.378881
     717        0.000100      188.491805        8.382536
     718        0.000100      188.121574        8.378043
     719        0.000100      188.075080        8.381434
     720        0.000100      188.280318        8.381012
     721        0.000100      188.798354        8.387341
     722        0.000100      188.731237        8.383885
     723        0.000100      188.568590        8.387774
     724        0.000100      188.326134        8.383614
     725        0.000100      188.770242        8.390536
     726        0.000100      189.182318        8.390516
     727        0.000100      189.235930        8.393916
     728        0.000100      188.779906        8.389181
     729        0.000100      188.715050        8.391443
     730        0.000100      189.128319        8.392773
     731        0.000100      189.559048        8.397183
     732        0.000100      189.464834        8.395325
     733        0.000100      189.061680        8.394169
     734        0.000100      189.123755        8.394011
     735        0.000100      189.492677        8.397951
     736        0.000100      189.846670        8.398974
     737        0.000100      189.578772        8.397668
     738        0.000100      189.330361        8.395279
     739        0.000100      189.377932        8.397411
     740        0.000100      189.778007        8.397374
     741        0.000100      190.088367        8.401607
     742        0.000100      189.745046        8.396095
     743        0.000100      189.475385        8.397635
     744        0.000100      189.484794        8.393633
     745        0.000100      190.090962        8.401106
     746        0.000100      190.197544        8.397472
     747        0.000100      189.909260        8.398837
     748        0.000100      189.527560        8.392311
     749        0.000100      189.782745        8.396997
     750        0.000100      190.196961        8.396535
     751        0.000100      190.238758        8.398284
     752        0.000100      189.899069        8.393020
     753        0.000100      189.745603        8.394475
     754        0.000100      189.992517        8.393246
     755        0.000100      190.359611        8.396726
     756        0.000100      190.398403        8.394230
     757        0.000100      190.069885        8.394679
     758        0.000100      189.862944        8.390075
     759        0.000100      190.198189        8.394231
     760        0.000100      190.712134        8.394937
     761        0.000100      190.734786        8.398027
     762        0.000100      190.265400        8.391402
     763        0.000100      190.242509        8.395022
     764        0.000100      190.618236        8.395080
     765        0.000100      191.053694        8.400846
     766        0.000100      190.924907        8.396803
     767        0.000100      190.694725        8.399661
     768        0.000100      190.708948        8.397647
     769        0.000100      191.098609        8.403277
     770        0.000100      191.440660        8.402669
     771        0.000100      191.416206        8.406824
     772        0.000100      191.072462        8.402587
     773        0.000100      191.108516        8.406274
     774        0.000100      191.598842        8.407480
     775        0.000100      192.054827        8.413598
     776        0.000100      191.869288        8.410096
     777        0.000100      191.533524        8.411587
     778        0.000100      191.625849        8.410221
     779        0.000100      192.114557        8.416850
     780        0.000100      192.404215        8.416196
     781        0.000100      192.215937        8.418412
     782        0.000100      191.986906        8.415412
     783        0.000100      192.139275        8.420065
     784        0.000100      192.543143        8.419969
     785        0.000100      192.764476        8.423006
     786        0.000100      192.632166        8.421818
     787        0.000100      192.277692        8.421785
     788        0.000100      192.466338        8.421770
     789        0.000100      192.930367        8.427354
     790        0.000100      193.280583        8.427503
     791        0.000100      192.916437        8.428367
     792        0.000100      192.683553        8.424576
     793        0.000100      192.834403        8.429312
     794        0.000100      193.390003        8.430212
     795        0.000050      193.520651        8.434717
     796        0.000050      194.222170        8.482527
     797        0.000050      194.487180        8.493458
     798        0.000050      194.607006        8.498638
     799        0.000050      194.729029        8.502731
     800        0.000050      194.791232        8.504795
     801        0.000050      194.844898        8.506338
     802        0.000050      194.874515        8.506963
     803        0.000050      194.901443        8.507401
     804        0.000050      194.918027        8.507420
     805        0.000050      194.935917        8.507441
     806        0.000050      194.947202        8.507201
     807        0.000050      194.961484        8.507050
     808        0.000050      194.970743        8.506729
     809        0.000050      194.982402        8.506516
     810        0.000050      194.991495        8.506210
     811        0.000050      195.002428        8.505988
     812        0.000050      195.011492        8.505711
     813        0.000050      195.022153        8.505528
     814        0.000050      195.030051        8.505265
     815        0.000050      195.040466        8.505134
     816        0.000050      195.047762        8.504861
     817        0.000050      195.067099        8.505020
     818        0.000050      195.064413        8.504444
     819        0.000050      195.074763        8.504763
     820        0.000050      195.075404        8.504405
     821        0.000050      195.092998        8.504629
     822        0.000050      195.238731        8.505095
     823        0.000050      195.253936        8.505410
     824        0.000050      195.184284        8.505795
     825        0.000050      194.773113        8.500915
     826        0.000050      195.276573        8.505434
     827        0.000050      195.404003        8.507188
     828        0.000050      195.314511        8.505318
     829        0.000050      195.222150        8.504466
     830        0.000050      195.338151        8.506819
     831        0.000050      195.303336        8.505037
     832        0.000050      195.394970        8.506279
     833        0.000050      195.364916        8.505991
     834        0.000050      195.377599        8.506500
     835        0.000050      195.347588        8.504982
     836        0.000050      195.527796        8.507999
     837        0.000050      195.441848        8.506515
     838        0.000050      195.423509        8.505882
     839        0.000050      195.370795        8.506061
     840        0.000050      195.621994        8.508479
     841        0.000050      195.620337        8.507684
     842        0.000050      195.669214        8.507631
     843        0.000050      195.423331        8.507349
     844        0.000050      195.529511        8.506619
     845        0.000050      195.704409        8.508663
     846        0.000050      195.801963        8.509320
     847        0.000050      195.600652        8.507665
     848        0.000050      195.635489        8.507322
     849        0.000050      195.723329        8.509133
     850        0.000050      195.814252        8.508868
     851        0.000050      195.739837        8.507812
     852        0.000050      195.782288        8.509179
     853        0.000050      195.691707        8.508565
     854        0.000050      195.886228        8.508883
     855        0.000050      195.954739        8.510286
     856        0.000050      195.918550        8.510095
     857        0.000050      195.675672        8.507222
     858        0.000050      195.937073        8.509792
     859        0.000050      196.059639        8.511722
     860        0.000050      196.044115        8.509793
     861        0.000050      195.884541        8.509163
     862        0.000050      195.986835        8.510173
     863        0.000050      196.027486        8.510578
     864        0.000050      196.195752        8.511481
     865        0.000050      196.084330        8.510932
     866        0.000050      196.051907        8.510518
     867        0.000050      196.036081        8.509634
     868        0.000050      196.331100        8.513262
     869        0.000050      196.232274        8.511873
     870        0.000050      196.172367        8.510516
     871        0.000050      196.129799        8.511195
     872        0.000050      196.343043        8.513319
     873        0.000050      196.353555        8.512142
     874        0.000050      196.432493        8.513342
     875        0.000050      196.237929        8.512330
     876        0.000050      196.330952        8.512025
     877        0.000050      196.463908        8.513955
     878        0.000050      196.596569        8.515221
     879        0.000050      196.379273        8.512766
     880        0.000050      196.444455        8.513000
     881        0.000050      196.531067        8.515468
     882        0.000050      196.674737        8.515282
     883        0.000050      196.592803        8.514521
     884        0.000050      196.632272        8.515964
     885        0.000050      196.511804        8.514268
     886        0.000050      196.778673        8.516547
     887        0.000050      196.825799        8.517694
     888        0.000050      196.784629        8.516850
     889        0.000050      196.631403        8.515280
     890        0.000050      196.854831        8.518242
     891        0.000050      196.885004        8.518146
     892        0.000050      196.998303        8.518435
     893        0.000050      196.865604        8.518768
     894        0.000050      196.893420        8.518415
     895        0.000050      196.960182        8.518890
     896        0.000050      197.193717        8.521731
     897        0.000050      197.030357        8.520144
     898        0.000050      197.024970        8.519229
     899        0.000050      197.077645        8.521220
     900        0.000050      197.268644        8.522771
     901        0.000050      197.221564        8.521596
     902        0.000050      197.256314        8.522717
     903        0.000050      197.123394        8.521604
     904        0.000050      197.314968        8.522847
     905        0.000050      197.458170        8.525972
     906        0.000050      197.426067        8.524350
     907        0.000050      197.284046        8.523397
     908        0.000050      197.420385        8.524939
     909        0.000050      197.486148        8.526402
     910        0.000050      197.601077        8.525833
     911        0.000050      197.521505        8.526877
     912        0.000050      197.492056        8.525604
     913        0.000050      197.531486        8.526454
     914        0.000050      197.780466        8.529042
     915        0.000050      197.675143        8.528296
     916        0.000050      197.650450        8.526816
     917        0.000050      197.655694        8.528778
     918        0.000050      197.803818        8.529342
     919        0.000050      197.850455        8.529792
     920        0.000050      197.902351        8.530761
     921        0.000050      197.701793        8.528459
     922        0.000050      197.900256        8.530362
     923        0.000050      197.956801        8.532074
     924        0.000050      198.048278        8.531897
     925        0.000050      197.881537        8.530156
     926        0.000050      197.994553        8.532403
     927        0.000050      197.936550        8.530784
     928        0.000050      198.204389        8.533705
     929        0.000050      198.071179        8.532845
     930        0.000050      198.040129        8.531335
     931        0.000050      198.022343        8.531904
     932        0.000050      198.237390        8.533909
     933        0.000050      198.187866        8.533213
     934        0.000050      198.214244        8.533055
     935        0.000050      198.080622        8.532299
     936        0.000050      198.238138        8.532866
     937        0.000050      198.321611        8.534903
     938        0.000050      198.340467        8.534080
     939        0.000050      198.175166        8.532002
     940        0.000050      198.342317        8.534460
     941        0.000050      198.307125        8.534026
     942        0.000050      198.477410        8.534638
     943        0.000050      198.333955        8.533844
     944        0.000050      198.353112        8.532798
     945        0.000050      198.333864        8.533699
     946        0.000050      198.571510        8.535807
     947        0.000050      198.451984        8.533824
     948        0.000050      198.504217        8.534220
     949        0.000050      198.358105        8.533026
     950        0.000050      198.564159        8.533989
     951        0.000050      198.610845        8.535655
     952        0.000050      198.601500        8.534085
     953        0.000050      198.463035        8.532549
     954        0.000050      198.573103        8.533128
     955        0.000050      198.643652        8.534701
     956        0.000050      198.707687        8.533935
     957        0.000050      198.597321        8.533438
     958        0.000050      198.604370        8.532180
     959        0.000050      198.683771        8.534510
     960        0.000050      198.804454        8.534661
     961        0.000050      198.726421        8.533475
     962        0.000050      198.780047        8.534686
     963        0.000050      198.649458        8.532813
     964        0.000050      198.928023        8.535902
     965        0.000050      198.850325        8.534776
     966        0.000050      198.953281        8.536086
     967        0.000050      198.738244        8.533025
     968        0.000050      199.012997        8.536788
     969        0.000050      198.951444        8.535712
     970        0.000050      199.142966        8.537956
     971        0.000050      198.907136        8.534801
     972        0.000050      199.089664        8.536991
     973        0.000050      199.061589        8.537097
     974        0.000050      199.286630        8.539339
     975        0.000050      199.117708        8.537755
     976        0.000050      199.179491        8.537142
     977        0.000050      199.189611        8.539205
     978        0.000050      199.359601        8.539534
     979        0.000050      199.367132        8.541027
     980        0.000050      199.324954        8.539153
     981        0.000050      199.300204        8.539795
     982        0.000050      199.481022        8.541952
     983        0.000050      199.489915        8.542269
     984        0.000050      199.554941        8.542013
     985        0.000050      199.454607        8.542454
     986        0.000050      199.519046        8.541670
     987        0.000050      199.647902        8.544707
     988        0.000050      199.722060        8.544903
     989        0.000050      199.617733        8.544153
     990        0.000050      199.689538        8.544496
     991        0.000050      199.695645        8.545493
     992        0.000050      199.901640        8.547441
     993        0.000050      199.803010        8.546781
     994        0.000050      199.839888        8.546377
     995        0.000050      199.797995        8.546886
     996        0.000025      200.016026        8.549168
     997        0.000025      199.156686        8.519071
     998        0.000025      199.133186        8.519098
     999        0.000025      199.169268        8.520603
    1000        0.000025      199.183610        8.521294
    1001        0.000025      199.201171        8.522141
    1002        0.000025      199.211699        8.522581
    1003        0.000025      199.227915        8.523235
    1004        0.000025      199.236730        8.523579
    1005        0.000025      199.250547        8.524107
    1006        0.000025      199.258553        8.524376
    1007        0.000025      199.270670        8.524787
    1008        0.000025      199.277667        8.524968
    1009        0.000025      199.288761        8.525284
    1010        0.000025      199.296026        8.525439
    1011        0.000025      199.306819        8.525702
    1012        0.000025      199.313421        8.525812
    1013        0.000025      199.323888        8.526028
    1014        0.000025      199.332296        8.526155
    1015        0.000025      199.341947        8.526314
    1016        0.000025      199.350642        8.526414
    1017        0.000025      199.361525        8.526591
    1018        0.000025      199.370241        8.526719
    1019        0.000025      199.377897        8.526806
    1020        0.000025      199.390955        8.526796
    1021        0.000025      199.417142        8.527526
    1022        0.000025      199.400943        8.527280
    1023        0.000025      199.355867        8.526125
    1024        0.000025      199.448918        8.527424
    1025        0.000025      199.480075        8.528809
    1026        0.000025      199.559486        8.528637
    1027        0.000025      199.416529        8.527144
    1028        0.000025      199.506273        8.527934
    1029        0.000025      199.481766        8.528231
    1030        0.000025      199.547756        8.528556
    1031        0.000025      199.524937        8.528386
    1032        0.000025      199.542127        8.528408
    1033        0.000025      199.534774        8.528321
    1034        0.000025      199.588389        8.528956
    1035        0.000025      199.584729        8.529018
    1036        0.000025      199.584957        8.528687
    1037        0.000025      199.570859        8.528193
    1038        0.000025      199.652958        8.529606
    1039        0.000025      199.626718        8.529439
    1040        0.000025      199.650097        8.528885
    1041        0.000025      199.610108        8.528627
    1042        0.000025      199.686875        8.529454
    1043        0.000025      199.653984        8.529502
    1044        0.000025      199.754558        8.529978
    1045        0.000025      199.690882        8.529645
    1046        0.000025      199.716491        8.529392
    1047        0.000025      199.697838        8.529414
    1048        0.000025      199.793481        8.530430
    1049        0.000025      199.760979        8.530353
    1050        0.000025      199.757076        8.529465
    1051        0.000025      199.755409        8.529667
    1052        0.000025      199.850737        8.531052
    1053        0.000025      199.810195        8.530755
    1054        0.000025      199.807436        8.529451
    1055        0.000025      199.810478        8.530112
    1056        0.000025      199.898185        8.531333
    1057        0.000025      199.857332        8.530978
    1058        0.000025      199.909962        8.530626
    1059        0.000025      199.866877        8.530643
    1060        0.000025      199.926867        8.531130
    1061        0.000025      199.908394        8.531202
    1062        0.000025      199.991722        8.531623
    1063        0.000025      199.945264        8.531544
    1064        0.000025      199.971567        8.531139
    1065        0.000025      199.968225        8.531438
    1066        0.000025      200.067205        8.532559
    1067        0.000025      200.014273        8.532197
    1068        0.000025      200.034884        8.531485
    1069        0.000025      200.035312        8.531919
    1070        0.000025      200.139110        8.533474
    1071        0.000025      200.083085        8.532843
    1072        0.000025      200.125539        8.532498
    1073        0.000025      200.104959        8.532721
    1074        0.000025      200.186607        8.533805
    1075        0.000025      200.153574        8.533520
    1076        0.000025      200.212930        8.533456
    1077        0.000025      200.176603        8.533572
    1078        0.000025      200.229003        8.533953
    1079        0.000025      200.224562        8.534138
    1080        0.000025      200.306484        8.534874
    1081        0.000025      200.240662        8.534266
    1082        0.000025      200.282059        8.534174
    1083        0.000025      200.307436        8.535134
    1084        0.000025      200.393426        8.536307
    1085        0.000025      200.289600        8.534528
    1086        0.000025      200.346998        8.534684
    1087        0.000025      200.368853        8.535830
    1088        0.000025      200.443922        8.537005
    1089        0.000025      200.389998        8.536014
    1090        0.000025      200.442704        8.535996
    1091        0.000025      200.439795        8.536864
    1092        0.000025      200.502576        8.537601
    1093        0.000025      200.475800        8.537209
    1094        0.000025      200.542014        8.537596
    1095        0.000025      200.503023        8.537708
    1096        0.000025      200.554407        8.537962
    1097        0.000025      200.565971        8.538537
    1098        0.000025      200.631804        8.539104
    1099        0.000025      200.565752        8.538425
    1100        0.000025      200.618168        8.538433
    1101        0.000025      200.645139        8.539757
    1102        0.000025      200.700639        8.540182
    1103        0.000025      200.630958        8.539162
    1104        0.000025      200.693992        8.539277
    1105        0.000025      200.709883        8.540781
    1106        0.000025      200.760322        8.541064
    1107        0.000025      200.698059        8.540069
    1108        0.000025      200.774393        8.540433
    1109        0.000025      200.750071        8.541332
    1110        0.000025      200.809982        8.541582
    1111        0.000025      200.778984        8.541258
    1112        0.000025      200.843009        8.541642
    1113        0.000025      200.778983        8.541225
    1114        0.000025      200.852416        8.541763
    1115        0.000025      200.846352        8.542242
    1116        0.000025      200.891425        8.542323
    1117        0.000025      200.813550        8.541051
    1118        0.000025      200.904136        8.541991
    1119        0.000025      200.893548        8.542780
    1120        0.000025      200.919658        8.542255
    1121        0.000025      200.873499        8.541408
    1122        0.000025      200.947684        8.542235
    1123        0.000025      200.908563        8.542401
    1124        0.000025      200.952673        8.542101
    1125        0.000025      200.931207        8.541881
    1126        0.000025      200.966527        8.541919
    1127        0.000025      200.921225        8.541675
    1128        0.000025      201.000732        8.542222
    1129        0.000025      200.977323        8.542397
    1130        0.000025      200.977448        8.541143
    1131        0.000025      200.954668        8.541214
    1132        0.000025      201.042261        8.542381
    1133        0.000025      200.990912        8.542083
    1134        0.000025      201.022584        8.541061
    1135        0.000025      200.993230        8.541150
    1136        0.000025      201.068499        8.542242
    1137        0.000025      201.009631        8.541598
    1138        0.000025      201.086324        8.541649
    1139        0.000025      201.034901        8.541399
    1140        0.000025      201.084223        8.541555
    1141        0.000025      201.068789        8.541846
    1142        0.000025      201.144656        8.542480
    1143        0.000025      201.063656        8.541132
    1144        0.000025      201.142904        8.541608
    1145        0.000025      201.122056        8.542283
    1146        0.000025      201.174548        8.542433
    1147        0.000025      201.133792        8.541673
    1148        0.000025      201.207070        8.542220
    1149        0.000025      201.149817        8.541954
    1150        0.000025      201.230900        8.542600
    1151        0.000025      201.220794        8.543058
    1152        0.000025      201.244453        8.542344
    1153        0.000025      201.210407        8.541915
    1154        0.000025      201.306203        8.543578
    1155        0.000025      201.273656        8.543591
    1156        0.000025      201.306896        8.542680
    1157        0.000025      201.307306        8.543221
    1158        0.000025      201.357327        8.543971
    1159        0.000025      201.337551        8.544058
    1160        0.000025      201.412178        8.544413
    1161        0.000025      201.359443        8.544031
    1162        0.000025      201.421086        8.544159
    1163        0.000025      201.430549        8.545613
    1164        0.000025      201.474743        8.545497
    1165        0.000025      201.423046        8.544572
    1166        0.000025      201.521505        8.546116
    1167        0.000025      201.469391        8.545756
    1168        0.000025      201.557109        8.546482
    1169        0.000025      201.525080        8.546412
    1170        0.000025      201.577044        8.547017
    1171        0.000025      201.549390        8.546872
    1172        0.000025      201.650172        8.548146
    1173        0.000025      201.582801        8.547087
    1174        0.000025      201.675336        8.548509
    1175        0.000025      201.632686        8.548824
    1176        0.000025      201.687704        8.548393
    1177        0.000025      201.693909        8.549096
    1178        0.000025      201.735570        8.549553
    1179        0.000025      201.709012        8.549895
    1180        0.000025      201.778359        8.550369
    1181        0.000025      201.757109        8.550225
    1182        0.000025      201.822731        8.550692
    1183        0.000025      201.790293        8.551334
    1184        0.000025      201.839133        8.551264
    1185        0.000025      201.841538        8.551782
    1186        0.000025      201.898716        8.552099
    1187        0.000025      201.846535        8.551692
    1188        0.000025      201.940531        8.553142
    1189        0.000025      201.881181        8.552449
    1190        0.000025      201.987715        8.553538
    1191        0.000025      201.917630        8.552875
    1192        0.000025      202.008667        8.554403
    1193        0.000025      201.950037        8.553821
    1194        0.000025      202.050846        8.554764
    1195        0.000025      201.984428        8.553920
    1196        0.000025      202.075143        8.555435
    1197        0.000013      202.015924        8.555002
    1198        0.000013      201.813053        8.548559
    1199        0.000013      201.787901        8.548108
    1200        0.000013      201.786929        8.548410
    1201        0.000013      201.763772        8.547834
    1202        0.000013      201.761743        8.547895
    1203        0.000013      201.749653        8.547523
    1204        0.000013      201.750545        8.547559
    1205        0.000013      201.745569        8.547346
    1206        0.000013      201.749405        8.547426
    1207        0.000013      201.748655        8.547304
    1208        0.000013      201.754595        8.547397
    1209        0.000013      201.756218        8.547324
    1210        0.000013      201.763653        8.547474
    1211        0.000013      201.766478        8.547437
    1212        0.000013      201.775399        8.547602
    1213        0.000013      201.779026        8.547572
    1214        0.000013      201.788992        8.547763
    1215        0.000013      201.792715        8.547720
    1216        0.000013      201.804676        8.547969
    1217        0.000013      201.807190        8.547873
    1218        0.000013      201.822616        8.548233
    1219        0.000013      201.820944        8.548002
    1220        0.000013      201.841752        8.548507
    1221        0.000013      201.834997        8.548166
    1222        0.000013      201.860314        8.548751
    1223        0.000013      201.850043        8.548330
    1224        0.000013      201.880021        8.548970
    1225        0.000013      201.862012        8.548618
    1226        0.000013      201.907880        8.549240
    1227        0.000013      201.866113        8.548723
    1228        0.000013      201.935141        8.549064
    1229        0.000013      201.886651        8.548900
    1230        0.000013      201.936198        8.549573
    1231        0.000013      201.913778        8.549252
    1232        0.000013      201.945657        8.549542
    1233        0.000013      201.929539        8.549257
    1234        0.000013      201.960928        8.549858
    1235        0.000013      201.949348        8.549605
    1236        0.000013      201.974784        8.549942
    1237        0.000013      201.964143        8.549727
    1238        0.000013      201.992340        8.550191
    1239        0.000013      201.976965        8.549945
    1240        0.000013      202.009289        8.550326
    1241        0.000013      201.987922        8.550050
    1242        0.000013      202.033157        8.550597
    1243        0.000013      201.997832        8.550324
    1244        0.000013      202.044480        8.550645
    1245        0.000013      202.014632        8.550311
    1246        0.000013      202.061263        8.550750
    1247        0.000013      202.029453        8.550565
    1248        0.000013      202.071289        8.551091
    1249        0.000013      202.048304        8.550720
    1250        0.000013      202.083435        8.551057
    1251        0.000013      202.062964        8.550879
    1252        0.000013      202.095962        8.551359
    1253        0.000013      202.080668        8.551091
    1254        0.000013      202.111343        8.551421
    1255        0.000013      202.093612        8.551220
    1256        0.000013      202.126785        8.551633
    1257        0.000013      202.109478        8.551525
    1258        0.000013      202.147988        8.551819
    1259        0.000013      202.121475        8.551499
    1260        0.000013      202.165532        8.552140
    1261        0.000013      202.138351        8.551887
    1262        0.000013      202.181986        8.552301
    1263        0.000013      202.154339        8.551865
    1264        0.000013      202.197712        8.552507
    1265        0.000013      202.172711        8.552309
    1266        0.000013      202.214253        8.552739
    1267        0.000013      202.187556        8.552338
    1268        0.000013      202.230969        8.552863
    1269        0.000013      202.208106        8.552735
    1270        0.000013      202.251223        8.553274
    1271        0.000013      202.220114        8.552746
    1272        0.000013      202.267339        8.553289
    1273        0.000013      202.241182        8.553139
    1274        0.000013      202.286392        8.553688
    1275        0.000013      202.257010        8.553273
    1276        0.000013      202.303466        8.553760
    1277        0.000013      202.274940        8.553504
    1278        0.000013      202.322184        8.554191
    1279        0.000013      202.291771        8.553738
    1280        0.000013      202.337359        8.554244
    1281        0.000013      202.310905        8.553916
    1282        0.000013      202.354253        8.554569
    1283        0.000013      202.321416        8.554152
    1284        0.000013      202.367357        8.554573
    1285        0.000013      202.350965        8.554526
    1286        0.000013      202.385973        8.554970
    1287        0.000013      202.367247        8.554828
    1288        0.000013      202.402401        8.555108
    1289        0.000013      202.381628        8.554882
    1290        0.000013      202.421460        8.555389
    1291        0.000013      202.400257        8.555238
    1292        0.000013      202.438415        8.555649
    1293        0.000013      202.413309        8.555248
    1294        0.000013      202.455527        8.555780
    1295        0.000013      202.432831        8.555591
    1296        0.000013      202.473660        8.556087
    1297        0.000013      202.445485        8.555615
    1298        0.000013      202.489504        8.556126
    1299        0.000013      202.463719        8.555878
    1300        0.000013      202.510188        8.556470
    1301        0.000013      202.476756        8.555987
    1302        0.000013      202.523135        8.556456
    1303        0.000013      202.494056        8.556160
    1304        0.000013      202.538902        8.556711
    1305        0.000013      202.509369        8.556366
    1306        0.000013      202.547654        8.556630
    1307        0.000013      202.522537        8.556392
    1308        0.000013      202.566381        8.556952
    1309        0.000013      202.538558        8.556643
    1310        0.000013      202.575214        8.556930
    1311        0.000013      202.543381        8.556401
    1312        0.000013      202.595203        8.557192
    1313        0.000013      202.563434        8.556823
    1314        0.000013      202.600634        8.557114
    1315        0.000013      202.573301        8.556707
    1316        0.000013      202.618492        8.557295
    1317        0.000013      202.592238        8.557037
    1318        0.000013      202.626801        8.557286
    1319        0.000013      202.602487        8.556986
    1320        0.000013      202.646961        8.557448
    1321        0.000013      202.627146        8.557406
    1322        0.000013      202.655155        8.557523
    1323        0.000013      202.630787        8.557157
    1324        0.000013      202.671465        8.557581
    1325        0.000013      202.650086        8.557348
    1326        0.000013      202.687992        8.557788
    1327        0.000013      202.658264        8.557275
    1328        0.000013      202.699295        8.557695
    1329        0.000013      202.673689        8.557311
    1330        0.000013      202.718493        8.557920
    1331        0.000013      202.684859        8.557383
    1332        0.000013      202.729992        8.557862
    1333        0.000013      202.701006        8.557460
    1334        0.000013      202.747416        8.557995
    1335        0.000013      202.717890        8.557705
    1336        0.000013      202.756166        8.557981
    1337        0.000013      202.730362        8.557657
    1338        0.000013      202.777953        8.558238
    1339        0.000013      202.752015        8.557999
    1340        0.000013      202.788755        8.558289
    1341        0.000013      202.759361        8.557817
    1342        0.000013      202.810862        8.558475
    1343        0.000013      202.788359        8.558334
    1344        0.000013      202.824644        8.558628
    1345        0.000013      202.796386        8.558140
    1346        0.000013      202.845964        8.558779
    1347        0.000013      202.824308        8.558534
    1348        0.000013      202.863496        8.558990
    1349        0.000013      202.836789        8.558558
    1350        0.000013      202.883542        8.559089
    1351        0.000013      202.865174        8.558890
    1352        0.000013      202.906890        8.559426
    1353        0.000013      202.876045        8.558933
    1354        0.000013      202.927458        8.559581
    1355        0.000013      202.905499        8.559318
    1356        0.000013      202.951331        8.559863
    1357        0.000013      202.916350        8.559367
    1358        0.000013      202.968550        8.560004
    1359        0.000013      202.946089        8.559771
    1360        0.000013      202.999501        8.560472
    1361        0.000013      202.968419        8.560109
    1362        0.000013      203.014190        8.560615
    1363        0.000013      202.992232        8.560328
    1364        0.000013      203.048296        8.561110
    1365        0.000013      203.018325        8.560769
    1366        0.000013      203.063984        8.561315
    1367        0.000013      203.037994        8.560937
    1368        0.000013      203.095685        8.561705
    1369        0.000013      203.067972        8.561417
    1370        0.000013      203.112042        8.561937
    1371        0.000013      203.085779        8.561589
    1372        0.000013      203.139292        8.562212
    1373        0.000013      203.119629        8.562115
    1374        0.000013      203.157717        8.562504
    1375        0.000013      203.136829        8.562309
    1376        0.000013      203.180917        8.562743
    1377        0.000013      203.167429        8.562693
    1378        0.000013      203.206417        8.563171
    1379        0.000013      203.181945        8.562959
    1380        0.000013      203.227032        8.563387
    1381        0.000013      203.210018        8.563245
    1382        0.000013      203.255632        8.563849
    1383        0.000013      203.223267        8.563437
    1384        0.000013      203.269022        8.563920
    1385        0.000013      203.249421        8.563684
    1386        0.000013      203.299312        8.564334
    1387        0.000013      203.265079        8.563902
    1388        0.000013      203.307468        8.564321
    1389        0.000013      203.284081        8.563972
    1390        0.000013      203.338679        8.564674
    1391        0.000013      203.306412        8.564329
    1392        0.000013      203.342479        8.564609
    1393        0.000013      203.318038        8.564250
    1394        0.000013      203.373955        8.564948
    1395        0.000013      203.341993        8.564563
    1396        0.000013      203.377682        8.564878
    1397        0.000013      203.349644        8.564463
    1398        0.000006      203.405644        8.565130
    1399        0.000006      203.090746        8.555916
    1400        0.000006      203.095230        8.556113
    1401        0.000006      203.093334        8.555976
    1402        0.000006      203.095292        8.555950
    1403        0.000006      203.096190        8.555849
    1404        0.000006      203.100068        8.555878
    1405        0.000006      203.102641        8.555817
    1406        0.000006      203.107924        8.555879
    1407        0.000006      203.111737        8.555843
    1408        0.000006      203.117999        8.555923
    1409        0.000006      203.122626        8.555911
    1410        0.000006      203.129483        8.556003
    1411        0.000006      203.134870        8.556008
    1412        0.000006      203.142101        8.556101
    1413        0.000006      203.147841        8.556124
    1414        0.000006      203.155141        8.556213
    1415        0.000006      203.161158        8.556248
    1416        0.000006      203.168345        8.556319
    1417        0.000006      203.174845        8.556361
    1418        0.000006      203.181755        8.556423
    1419        0.000006      203.188541        8.556485
    1420        0.000006      203.195575        8.556544
    1421        0.000006      203.202916        8.556618
    1422        0.000006      203.209532        8.556660
    1423        0.000006      203.217431        8.556754
    1424        0.000006      203.223135        8.556744
    1425        0.000006      203.233054        8.556921
    1426        0.000006      203.234516        8.556804
    1427        0.000006      203.248811        8.557050
    1428        0.000006      203.247473        8.556956
    1429        0.000006      203.265790        8.557127
    1430        0.000006      203.254800        8.557075
    1431        0.000006      203.285433        8.557244
    1432        0.000006      203.266133        8.557146
    1433        0.000006      203.295914        8.557358
    1434        0.000006      203.289120        8.557337
    1435        0.000006      203.299890        8.557383
    1436        0.000006      203.292802        8.557267
    1437        0.000006      203.315640        8.557495
    1438        0.000006      203.318310        8.557519
    1439        0.000006      203.324109        8.557563
    1440        0.000006      203.321941        8.557460
    1441        0.000006      203.339603        8.557697
    1442        0.000006      203.338494        8.557617
    1443        0.000006      203.352757        8.557772
    1444        0.000006      203.347293        8.557679
    1445        0.000006      203.368001        8.557877
    1446        0.000006      203.360575        8.557807
    1447        0.000006      203.381862        8.557931
    1448        0.000006      203.370924        8.557897
    1449        0.000006      203.395530        8.558077
    1450        0.000006      203.387746        8.558004
    1451        0.000006      203.407771        8.558162
    1452        0.000006      203.398754        8.558091
    1453        0.000006      203.414092        8.558199
    1454        0.000006      203.415678        8.558171
    1455        0.000006      203.435268        8.558433
    1456        0.000006      203.423295        8.558248
    1457        0.000006      203.440822        8.558436
    1458        0.000006      203.436453        8.558290
    1459        0.000006      203.463831        8.558651
    1460        0.000006      203.447269        8.558401
    1461        0.000006      203.471839        8.558681
    1462        0.000006      203.459835        8.558463
    1463        0.000006      203.491052        8.558855
    1464        0.000006      203.475391        8.558651
    1465        0.000006      203.497376        8.558866
    1466        0.000006      203.486545        8.558681
    1467        0.000006      203.517130        8.559076
    1468        0.000006      203.504772        8.558924
    1469        0.000006      203.520811        8.559048
    1470        0.000006      203.516265        8.558987
    1471        0.000006      203.540822        8.559228
    1472        0.000006      203.534373        8.559186
    1473        0.000006      203.545503        8.559253
    1474        0.000006      203.543627        8.559244
    1475        0.000006      203.566571        8.559417
    1476        0.000006      203.562242        8.559448
    1477        0.000006      203.573099        8.559455
    1478        0.000006      203.571292        8.559496
    1479        0.000006      203.592844        8.559632
    1480        0.000006      203.589525        8.559657
    1481        0.000006      203.601596        8.559704
    1482        0.000006      203.597664        8.559704
    1483        0.000006      203.621175        8.559910
    1484        0.000006      203.615848        8.559830
    1485        0.000006      203.630668        8.559978
    1486        0.000006      203.623272        8.559906
    1487        0.000006      203.647671        8.560140
    1488        0.000006      203.641195        8.560021
    1489        0.000006      203.660573        8.560263
    1490        0.000006      203.647074        8.560082
    1491        0.000006      203.673759        8.560356
    1492        0.000006      203.665893        8.560199
    1493        0.000006      203.688246        8.560503
    1494        0.000006      203.672925        8.560264
    1495        0.000006      203.701204        8.560617
    1496        0.000006      203.689918        8.560351
    1497        0.000006      203.715797        8.560743
    1498        0.000006      203.697794        8.560463
    1499        0.000006      203.724800        8.560766
    1500        0.000006      203.717870        8.560630
    1501        0.000006      203.740659        8.560906
    1502        0.000006      203.724688        8.560699
    1503        0.000006      203.747485        8.560898
    1504        0.000006      203.744524        8.560840
    1505        0.000006      203.766131        8.561071
    1506        0.000006      203.753383        8.560925
    1507        0.000006      203.769118        8.561005
    1508        0.000006      203.767713        8.560951
    1509        0.000006      203.793463        8.561255
    1510        0.000006      203.778944        8.561127
    1511        0.000006      203.793853        8.561169
    1512        0.000006      203.795980        8.561191
    1513        0.000006      203.812916        8.561280
    1514        0.000006      203.804236        8.561259
    1515        0.000006      203.816347        8.561261
    1516        0.000006      203.816569        8.561275
    1517        0.000006      203.836309        8.561410
    1518        0.000006      203.826023        8.561333
    1519        0.000006      203.839472        8.561415
    1520        0.000006      203.835718        8.561337
    1521        0.000006      203.859543        8.561563
    1522        0.000006      203.846799        8.561410
    1523        0.000006      203.863863        8.561592
    1524        0.000006      203.853492        8.561363
    1525        0.000006      203.885267        8.561746
    1526        0.000006      203.866946        8.561449
    1527        0.000006      203.889141        8.561749
    1528        0.000006      203.875920        8.561462
    1529        0.000006      203.906546        8.561790
    1530        0.000006      203.893683        8.561618
    1531        0.000006      203.911269        8.561786
    1532        0.000006      203.902032        8.561646
    1533        0.000006      203.927644        8.561809
    1534        0.000006      203.921267        8.561770
    1535        0.000006      203.935295        8.561903
    1536        0.000006      203.925815        8.561736
    1537        0.000006      203.953046        8.561982
    1538        0.000006      203.947004        8.561900
    1539        0.000006      203.961849        8.562060
    1540        0.000006      203.949737        8.561879
    1541        0.000006      203.976278        8.562099
    1542        0.000006      203.972903        8.562069
    1543        0.000006      203.990165        8.562264
    1544        0.000006      203.973834        8.562046
    1545        0.000006      203.997809        8.562133
    1546        0.000006      203.999228        8.562230
    1547        0.000006      204.011242        8.562301
    1548        0.000006      204.004966        8.562288
    1549        0.000006      204.025557        8.562377
    1550        0.000006      204.027593        8.562449
    1551        0.000006      204.042245        8.562554
    1552        0.000006      204.033245        8.562509
    1553        0.000006      204.054581        8.562635
    1554        0.000006      204.057025        8.562700
    1555        0.000006      204.073461        8.562831
    1556        0.000006      204.063267        8.562767
    1557        0.000006      204.084430        8.562913
    1558        0.000006      204.086697        8.562943
    1559        0.000006      204.106142        8.563138
    1560        0.000006      204.094215        8.563035
    1561        0.000006      204.116109        8.563227
    1562        0.000006      204.116237        8.563188
    1563        0.000006      204.141025        8.563504
    1564        0.000006      204.123434        8.563262
    1565        0.000006      204.150572        8.563623
    1566        0.000006      204.143300        8.563413
    1567        0.000006      204.174653        8.563855
    1568        0.000006      204.156048        8.563607
    1569        0.000006      204.179636        8.563907
    1570        0.000006      204.176234        8.563819
    1571        0.000006      204.204244        8.564140
    1572        0.000006      204.191989        8.564073
    1573        0.000006      204.208736        8.564209
    1574        0.000006      204.206940        8.564171
    1575        0.000006      204.232688        8.564398
    1576        0.000006      204.225198        8.564450
    1577        0.000006      204.238517        8.564532
    1578        0.000006      204.238417        8.564543
