       0        0.000100  2244915.671178     1488.765259
       1        0.000100  2233430.667994     1484.924316
       2        0.000100  2216178.802548     1479.132935
       3        0.000100  2192544.054140     1471.162964
       4        0.000100  2160936.770701     1460.439819
       5        0.000100  2119663.472134     1446.316528
       6        0.000100  2068182.572452     1428.504883
       7        0.000100  2006185.554140     1406.756104
       8        0.000100  1933736.008758     1380.903809
       9        0.000100  1851229.718949     1350.857544
      10        0.000100  1759346.631369     1316.583374
      11        0.000100  1659027.730892     1278.105469
      12        0.000100  1551453.879777     1235.501831
      13        0.000100  1438017.698248     1188.907837
      14        0.000100  1320285.897293     1138.513794
      15        0.000100  1199956.549363     1084.563354
      16        0.000100  1078813.880971     1027.357422
      17        0.000100   958682.297373      967.252319
      18        0.000100   841376.495223      904.666321
      19        0.000100   728645.304140      840.079529
      20        0.000100   622110.216162      774.034363
      21        0.000100   523206.048965      707.139404
      22        0.000100   433122.725119      640.178711
      23        0.000100   352749.965764      573.802734
      24        0.000100   282634.539112      508.824158
      25        0.000100   222949.257166      446.333160
      26        0.000100   173485.100368      387.459534
      27        0.000100   133667.347233      333.482635
      28        0.000100   102602.501941      285.797089
      29        0.000100    79154.600567      245.795563
      30        0.000100    62045.596997      213.599350
      31        0.000100    49966.248122      188.695328
      32        0.000100    41682.037035      170.215149
      33        0.000100    36115.564889      156.869232
      34        0.000100    32395.292204      147.268845
      35        0.000100    29865.450923      140.330399
      36        0.000100    28066.503539      135.184708
      37        0.000100    26697.390040      131.145142
      38        0.000100    25572.994763      127.810371
      39        0.000100    24585.733112      124.926704
      40        0.000100    23676.296427      122.305771
      41        0.000100    22813.226177      119.825394
      42        0.000100    21980.515127      117.445961
      43        0.000100    21170.277138      115.123756
      44        0.000100    20378.820978      112.834755
      45        0.000100    19604.624975      110.558723
      46        0.000100    18847.325382      108.290283
      47        0.000100    18107.200562      106.037399
      48        0.000100    17384.793939      103.795990
      49        0.000100    16680.753521      101.564590
      50        0.000100    15995.796996       99.352325
      51        0.000100    15330.612930       97.162506
      52        0.000100    14685.801655       94.988693
      53        0.000100    14061.855379       92.837212
      54        0.000100    13459.151038       90.722260
      55        0.000100    12877.961665       88.638901
      56        0.000100    12318.394544       86.583748
      57        0.000100    11780.444404       84.553482
      58        0.000100    11263.973263       82.563049
      59        0.000100    10768.741320       80.607964
      60        0.000100    10294.407136       78.692848
      61        0.000100     9840.532424       76.812386
      62        0.000100     9406.601279       74.967247
      63        0.000100     8992.031813       73.168167
      64        0.000100     8596.202005       71.407433
      65        0.000100     8218.466186       69.690117
      66        0.000100     7858.167126       68.014259
      67        0.000100     7514.624319       66.387810
      68        0.000100     7187.149803       64.799751
      69        0.000100     6875.077086       63.258919
      70        0.000100     6577.783136       61.767441
      71        0.000100     6294.648758       60.323139
      72        0.000100     6025.092700       58.918797
      73        0.000100     5768.585389       57.558720
      74        0.000100     5524.609723       56.244167
      75        0.000100     5292.652624       54.972122
      76        0.000100     5072.228174       53.743351
      77        0.000100     4862.855455       52.552181
      78        0.000100     4664.086588       51.404934
      79        0.000100     4475.492118       50.303722
      80        0.000100     4296.629419       49.243130
      81        0.000100     4127.082025       48.223038
      82        0.000100     3966.438145       47.241718
      83        0.000100     3814.285470       46.299412
      84        0.000100     3670.214925       45.397102
      85        0.000100     3533.830131       44.527390
      86        0.000100     3404.737268       43.691750
      87        0.000100     3282.557164       42.886997
      88        0.000100     3166.912641       42.117638
      89        0.000100     3057.443282       41.376015
      90        0.000100     2953.796969       40.662815
      91        0.000100     2855.630802       39.981564
      92        0.000100     2762.612353       39.332546
      93        0.000100     2674.418667       38.707008
      94        0.000100     2590.730849       38.104507
      95        0.000100     2511.254452       37.526733
      96        0.000100     2435.699403       36.974621
      97        0.000100     2363.796178       36.447029
      98        0.000100     2295.288204       35.938026
      99        0.000100     2229.933253       35.444443
     100        0.000100     2167.505558       34.965141
     101        0.000100     2107.797509       34.497765
     102        0.000100     2050.610262       34.047501
     103        0.000100     1995.767385       33.608982
     104        0.000100     1943.100404       33.180801
     105        0.000100     1892.463022       32.761574
     106        0.000100     1843.716527       32.351784
     107        0.000100     1796.734838       31.950441
     108        0.000100     1751.403048       31.557468
     109        0.000100     1707.615398       31.171518
     110        0.000100     1665.263816       30.793219
     111        0.000100     1624.157571       30.421209
     112        0.000100     1580.666619       30.025951
     113        0.000100     1498.312878       29.234118
     114        0.000100     1443.216392       28.731153
     115        0.000100     1348.577411       27.801342
     116        0.000100     1292.565771       27.228436
     117        0.000100     1247.006406       26.751001
     118        0.000100     1205.835764       26.312727
     119        0.000100     1167.470521       25.898596
     120        0.000100     1131.333051       25.502144
     121        0.000100     1096.959395       25.119736
     122        0.000100     1062.956067       24.737303
     123        0.000100     1015.124195       24.197878
     124        0.000100      969.215644       23.661968
     125        0.000100      932.752420       23.225943
     126        0.000100      898.836825       22.807306
     127        0.000100      868.136495       22.415071
     128        0.000100      841.108733       22.064962
     129        0.000100      816.499520       21.741476
     130        0.000100      792.762212       21.426527
     131        0.000100      768.274904       21.097427
     132        0.000100      743.972778       20.764166
     133        0.000100      721.857861       20.453257
     134        0.000100      700.184555       20.138298
     135        0.000100      680.870362       19.855654
     136        0.000100      662.646020       19.588552
     137        0.000100      645.335479       19.332632
     138        0.000100      629.151968       19.090460
     139        0.000100      613.878624       18.858614
     140        0.000100      599.132009       18.633562
     141        0.000100      584.370260       18.403028
     142        0.000100      570.105988       18.181175
     143        0.000100      557.186624       17.977900
     144        0.000100      545.210890       17.787434
     145        0.000100      533.866811       17.603794
     146        0.000100      523.106410       17.426519
     147        0.000100      512.831788       17.254505
     148        0.000100      502.981225       17.087265
     149        0.000100      493.517328       16.924919
     150        0.000100      484.407490       16.766378
     151        0.000100      475.625906       16.611801
     152        0.000100      467.159252       16.462254
     153        0.000100      458.989395       16.317343
     154        0.000100      451.095571       16.176168
     155        0.000100      443.459793       16.038836
     156        0.000100      436.073927       15.904787
     157        0.000100      428.926993       15.773543
     158        0.000100      421.996090       15.645057
     159        0.000100      414.255078       15.506254
     160        0.000100      406.856769       15.374199
     161        0.000100      400.067700       15.248471
     162        0.000100      393.654590       15.127793
     163        0.000100      387.516104       15.010834
     164        0.000100      381.608978       14.897100
     165        0.000100      375.906745       14.786234
     166        0.000100      370.391957       14.677675
     167        0.000100      365.060335       14.571286
     168        0.000100      359.888241       14.466636
     169        0.000100      354.881613       14.364838
     170        0.000100      350.016571       14.264900
     171        0.000100      345.313559       14.167742
     172        0.000100      340.733280       14.071826
     173        0.000100      336.309737       13.978993
     174        0.000100      331.996083       13.886958
     175        0.000100      327.830849       13.798044
     176        0.000100      323.763531       13.710039
     177        0.000100      319.841629       13.625784
     178        0.000100      316.004647       13.541894
     179        0.000100      312.305055       13.461677
     180        0.000100      308.685529       13.381682
     181        0.000100      305.192312       13.304835
     182        0.000100      301.774992       13.228405
     183        0.000100      298.475342       13.155126
     184        0.000100      295.246719       13.082506
     185        0.000100      292.128708       13.012607
     186        0.000100      289.090321       12.942543
     187        0.000100      286.031044       12.873685
     188        0.000100      282.774085       12.801054
     189        0.000100      279.671379       12.731549
     190        0.000100      276.728579       12.664097
     191        0.000100      273.955417       12.600166
     192        0.000100      271.303732       12.537394
     193        0.000100      268.766111       12.477240
     194        0.000100      266.315591       12.418400
     195        0.000100      263.955981       12.362055
     196        0.000100      261.656051       12.306434
     197        0.000100      259.434588       12.253798
     198        0.000100      257.232229       12.200601
     199        0.000100      255.103481       12.149386
     200        0.000100      252.970837       12.096449
     201        0.000100      250.875305       12.044445
     202        0.000100      248.764592       11.990813
     203        0.000100      246.764181       11.940858
     204        0.000100      244.799156       11.891508
     205        0.000100      242.963425       11.846106
     206        0.000100      241.177058       11.801084
     207        0.000100      239.493310       11.759006
     208        0.000100      237.818262       11.716262
     209        0.000100      236.225094       11.675945
     210        0.000100      234.634086       11.634857
     211        0.000100      233.117383       11.596255
     212        0.000100      231.606697       11.556989
     213        0.000100      230.170775       11.519942
     214        0.000100      228.719196       11.481646
     215        0.000100      227.358219       11.446418
     216        0.000100      225.985457       11.409619
     217        0.000100      224.679768       11.375449
     218        0.000100      223.376352       11.340086
     219        0.000100      222.137302       11.307437
     220        0.000100      220.883645       11.273484
     221        0.000100      219.718192       11.242540
     222        0.000100      218.525682       11.210080
     223        0.000100      217.364756       11.179809
     224        0.000100      216.322933       11.149112
     225        0.000100      215.157677       11.119576
     226        0.000100      214.026855       11.088132
     227        0.000100      213.152955       11.061459
     228        0.000100      211.989559       11.031152
     229        0.000100      211.076948       11.004713
     230        0.000100      210.106047       10.976721
     231        0.000100      209.129888       10.950274
     232        0.000100      208.226107       10.923024
     233        0.000100      207.350078       10.897924
     234        0.000100      206.400520       10.870687
     235        0.000100      205.630842       10.846755
     236        0.000100      204.747743       10.820852
     237        0.000100      203.882030       10.796139
     238        0.000100      203.193504       10.772287
     239        0.000100      202.326460       10.748395
     240        0.000100      201.533271       10.723420
     241        0.000100      200.941246       10.702770
     242        0.000100      200.000314       10.676482
     243        0.000100      199.439417       10.656362
     244        0.000100      198.613404       10.631678
     245        0.000100      197.716681       10.606564
     246        0.000100      196.805446       10.576491
     247        0.000100      196.076453       10.555727
     248        0.000100      195.344687       10.531830
     249        0.000100      194.828923       10.513375
     250        0.000100      194.031599       10.489726
     251        0.000100      193.513467       10.470718
     252        0.000100      192.865038       10.449063
     253        0.000100      192.251680       10.430250
     254        0.000100      191.673714       10.408938
     255        0.000100      191.173037       10.391936
     256        0.000100      190.484834       10.369737
     257        0.000100      190.150132       10.353738
     258        0.000100      189.444633       10.333470
     259        0.000100      188.965869       10.316270
     260        0.000100      188.477376       10.297600
     261        0.000100      187.964403       10.280462
     262        0.000100      187.432160       10.261196
     263        0.000100      187.014336       10.244757
     264        0.000100      186.466416       10.226271
     265        0.000100      186.039415       10.209402
     266        0.000100      185.617549       10.192411
     267        0.000100      185.154438       10.176416
     268        0.000100      184.749444       10.158341
     269        0.000100      184.352861       10.143469
     270        0.000100      183.988379       10.127955
     271        0.000100      183.663163       10.112379
     272        0.000100      183.155010       10.095163
     273        0.000100      182.940354       10.082669
     274        0.000100      182.638641       10.066981
     275        0.000100      182.190246       10.051645
     276        0.000100      181.884246       10.036399
     277        0.000100      181.740499       10.024905
     278        0.000100      181.262874       10.008137
     279        0.000100      180.970551        9.994493
     280        0.000100      180.763223        9.981126
     281        0.000100      180.523557        9.969345
     282        0.000100      180.122497        9.952557
     283        0.000100      179.818237        9.939406
     284        0.000100      179.552994        9.925889
     285        0.000100      179.480081        9.915239
     286        0.000100      178.992809        9.898839
     287        0.000100      178.740806        9.886642
     288        0.000100      178.583736        9.874192
     289        0.000100      178.319844        9.862667
     290        0.000100      178.038056        9.848941
     291        0.000100      177.908104        9.838816
     292        0.000100      177.625328        9.825405
     293        0.000100      177.472528        9.815058
     294        0.000100      177.281145        9.802879
     295        0.000100      177.020965        9.792349
     296        0.000100      176.873733        9.779588
     297        0.000100      176.835547        9.771448
     298        0.000100      176.419772        9.757051
     299        0.000100      176.302859        9.746760
     300        0.000100      176.125623        9.735433
     301        0.000100      175.959046        9.725603
     302        0.000100      175.704922        9.712506
     303        0.000100      175.428851        9.701619
     304        0.000100      175.241458        9.689574
     305        0.000100      175.113830        9.680111
     306        0.000100      174.804322        9.667134
     307        0.000100      174.727921        9.658257
     308        0.000100      174.561288        9.647097
     309        0.000100      174.391811        9.638262
     310        0.000100      174.303316        9.627714
     311        0.000100      174.214212        9.620226
     312        0.000100      174.008950        9.608907
     313        0.000100      174.036005        9.601941
     314        0.000100      173.852162        9.591567
     315        0.000100      173.741193        9.583052
     316        0.000100      173.699202        9.573432
     317        0.000100      173.565534        9.565496
     318        0.000100      173.396184        9.554626
     319        0.000100      173.323010        9.546632
     320        0.000100      173.071608        9.535186
     321        0.000100      172.898060        9.525539
     322        0.000100      172.708696        9.514452
     323        0.000100      172.495325        9.505277
     324        0.000100      172.374456        9.495457
     325        0.000100      172.339416        9.489088
     326        0.000100      172.156817        9.479137
     327        0.000100      172.216722        9.473447
     328        0.000100      172.119243        9.465082
     329        0.000100      172.048228        9.457988
     330        0.000100      172.042486        9.450091
     331        0.000100      171.982375        9.443907
     332        0.000100      171.858899        9.434608
     333        0.000100      171.877362        9.428942
     334        0.000100      171.697817        9.419705
     335        0.000100      171.648864        9.412824
     336        0.000100      171.538216        9.404367
     337        0.000100      171.380581        9.396659
     338        0.000100      171.282839        9.387971
     339        0.000100      171.214722        9.382294
     340        0.000100      170.959570        9.371922
     341        0.000100      170.982505        9.366422
     342        0.000100      170.816138        9.358142
     343        0.000100      170.714898        9.351338
     344        0.000100      170.680663        9.344055
     345        0.000100      170.633238        9.339141
     346        0.000100      170.550037        9.331479
     347        0.000100      170.633280        9.328406
     348        0.000100      170.515761        9.320873
     349        0.000100      170.553792        9.315673
     350        0.000100      170.568079        9.309732
     351        0.000100      170.487522        9.303731
     352        0.000100      170.404120        9.296030
     353        0.000100      170.331964        9.290476
     354        0.000100      170.050326        9.280596
     355        0.000100      169.963873        9.274605
     356        0.000100      169.727120        9.265919
     357        0.000100      169.587915        9.259207
     358        0.000100      169.519562        9.252630
     359        0.000100      169.418152        9.246789
     360        0.000100      169.342721        9.240332
     361        0.000100      169.347721        9.236341
     362        0.000100      169.222538        9.228745
     363        0.000100      169.262677        9.225245
     364        0.000100      169.167449        9.218329
     365        0.000100      169.115859        9.213021
     366        0.000100      169.061869        9.206911
     367        0.000100      169.026977        9.202701
     368        0.000100      168.863773        9.194352
     369        0.000100      168.897954        9.190893
     370        0.000100      168.678477        9.182853
     371        0.000100      168.617864        9.176725
     372        0.000100      168.510468        9.170401
     373        0.000100      168.374775        9.165025
     374        0.000100      168.233307        9.157336
     375        0.000100      168.182343        9.153448
     376        0.000100      168.009632        9.145676
     377        0.000100      168.052155        9.143252
     378        0.000100      167.938026        9.136907
     379        0.000100      167.901162        9.131948
     380        0.000100      167.942291        9.128411
     381        0.000100      167.960508        9.125837
     382        0.000100      167.866817        9.119194
     383        0.000100      168.018561        9.117619
     384        0.000100      167.867610        9.110638
     385        0.000100      167.846105        9.105739
     386        0.000100      167.750402        9.100019
     387        0.000100      167.605886        9.095124
     388        0.000100      167.472569        9.088044
     389        0.000100      167.480787        9.085987
     390        0.000100      167.276954        9.078524
     391        0.000100      167.340491        9.075890
     392        0.000100      167.245095        9.070535
     393        0.000100      167.186046        9.066112
     394        0.000100      167.237967        9.062651
     395        0.000100      167.195764        9.059703
     396        0.000100      167.133361        9.053498
     397        0.000100      167.272412        9.052721
     398        0.000100      167.111641        9.045968
     399        0.000100      167.170603        9.042544
     400        0.000100      167.172613        9.038668
     401        0.000100      167.109679        9.035216
     402        0.000100      167.064544        9.029311
     403        0.000100      167.114867        9.027246
     404        0.000100      166.940183        9.020495
     405        0.000100      166.979905        9.017387
     406        0.000100      166.826099        9.010772
     407        0.000100      166.773729        9.007011
     408        0.000100      166.752916        9.004213
     409        0.000100      166.685109        9.000740
     410        0.000100      166.650224        8.996593
     411        0.000100      166.748044        8.995145
     412        0.000100      166.672930        8.988896
     413        0.000100      166.807043        8.988106
     414        0.000100      166.781129        8.983427
     415        0.000100      166.857448        8.981004
     416        0.000100      166.912457        8.977915
     417        0.000100      166.942184        8.974655
     418        0.000100      166.903705        8.969018
     419        0.000100      166.908629        8.966287
     420        0.000100      166.757318        8.959603
     421        0.000100      166.723000        8.956570
     422        0.000100      166.597344        8.952271
     423        0.000100      166.470359        8.947314
     424        0.000100      166.455391        8.943055
     425        0.000100      166.379390        8.940438
     426        0.000100      166.288648        8.934067
     427        0.000100      166.392793        8.933567
     428        0.000100      166.274999        8.928905
     429        0.000100      166.341516        8.926287
     430        0.000100      166.382100        8.923285
     431        0.000100      166.321390        8.919311
     432        0.000100      166.352535        8.914343
     433        0.000100      166.379456        8.912861
     434        0.000100      166.216805        8.906524
     435        0.000100      166.290398        8.904447
     436        0.000100      166.158070        8.899215
     437        0.000100      166.033583        8.894753
     438        0.000100      165.991297        8.889934
     439        0.000100      165.860540        8.886592
     440        0.000100      165.700501        8.881214
     441        0.000100      165.745523        8.880415
     442        0.000100      165.589049        8.874891
     443        0.000100      165.617015        8.873484
     444        0.000100      165.629596        8.869525
     445        0.000100      165.600842        8.866894
     446        0.000100      165.650826        8.864930
     447        0.000100      165.676739        8.862918
     448        0.000100      165.669726        8.858841
     449        0.000100      165.700009        8.857676
     450        0.000100      165.616232        8.851350
     451        0.000100      165.598180        8.848636
     452        0.000100      165.483703        8.844513
     453        0.000100      165.412198        8.841156
     454        0.000100      165.384535        8.838089
     455        0.000100      165.329289        8.836453
     456        0.000100      165.298054        8.831039
     457        0.000100      165.392618        8.831533
     458        0.000100      165.303455        8.827547
     459        0.000100      165.375705        8.825851
     460        0.000100      165.485644        8.825964
     461        0.000100      165.403888        8.823261
     462        0.000100      165.525405        8.819574
     463        0.000100      165.589226        8.819884
     464        0.000100      165.464871        8.813071
     465        0.000100      165.632712        8.813251
     466        0.000100      165.548337        8.810209
     467        0.000100      165.505859        8.807180
     468        0.000100      165.601988        8.804791
     469        0.000100      165.530975        8.803360
     470        0.000100      165.517916        8.798830
     471        0.000100      165.652912        8.800053
     472        0.000100      165.566138        8.797096
     473        0.000100      165.706561        8.797469
     474        0.000100      165.812084        8.795654
     475        0.000100      165.763486        8.793269
     476        0.000100      165.934502        8.790800
     477        0.000100      165.983475        8.789545
     478        0.000100      165.959352        8.785551
     479        0.000100      166.156975        8.786499
     480        0.000100      166.128593        8.781756
     481        0.000100      166.194840        8.781075
     482        0.000100      166.268821        8.777410
     483        0.000100      166.241527        8.775232
     484        0.000100      166.260909        8.773075
     485        0.000100      166.298712        8.772184
     486        0.000100      166.280210        8.768432
     487        0.000100      166.364313        8.769340
     488        0.000100      166.362785        8.764975
     489        0.000100      166.438917        8.764386
     490        0.000100      166.547287        8.763255
     491        0.000100      166.617614        8.762426
     492        0.000100      166.747885        8.760375
     493        0.000100      166.912776        8.761555
     494        0.000100      166.929229        8.757063
     495        0.000100      167.078943        8.757007
     496        0.000100      167.073750        8.754369
     497        0.000100      167.057826        8.752703
     498        0.000100      167.082105        8.749645
     499        0.000100      166.990146        8.747703
     500        0.000100      166.917143        8.742497
     501        0.000100      166.857377        8.740296
     502        0.000100      166.716360        8.735860
     503        0.000100      166.722492        8.735253
     504        0.000100      166.705303        8.732816
     505        0.000100      166.668309        8.731502
     506        0.000100      166.743857        8.729014
     507        0.000100      166.720061        8.727439
     508        0.000100      166.694518        8.724180
     509        0.000100      166.741706        8.724048
     510        0.000100      166.634320        8.719733
     511        0.000100      166.652718        8.718593
     512        0.000100      166.612689        8.714975
     513        0.000100      166.541362        8.711761
     514        0.000100      166.507899        8.709962
     515        0.000100      166.554214        8.709345
     516        0.000100      166.509291        8.706315
     517        0.000100      166.509526        8.707472
     518        0.000100      166.632725        8.703409
     519        0.000100      166.591954        8.702906
     520        0.000100      166.644137        8.701858
     521        0.000100      166.663291        8.700309
     522        0.000100      166.704272        8.699049
     523        0.000100      166.786921        8.699592
     524        0.000100      166.748985        8.695184
     525        0.000100      166.873827        8.696357
     526        0.000100      166.858507        8.693571
     527        0.000100      166.884513        8.692928
     528        0.000100      166.977895        8.693004
     529        0.000100      167.013767        8.691856
     530        0.000100      167.102095        8.689639
     531        0.000100      167.136297        8.690868
     532        0.000100      167.188546        8.687203
     533        0.000100      167.316076        8.689063
     534        0.000100      167.358534        8.687560
     535        0.000100      167.404247        8.686455
     536        0.000100      167.548681        8.685585
     537        0.000100      167.579483        8.684352
     538        0.000100      167.598794        8.681913
     539        0.000100      167.781611        8.684012
     540        0.000100      167.755447        8.680452
     541        0.000100      167.891447        8.680860
     542        0.000100      168.006020        8.679784
     543        0.000100      167.981278        8.677059
     544        0.000100      168.148861        8.676961
     545        0.000100      168.197542        8.677313
     546        0.000100      168.243405        8.674651
     547        0.000100      168.427222        8.674588
     548        0.000100      168.440697        8.673481
     549        0.000100      168.475965        8.670647
     550        0.000100      168.641541        8.671236
     551        0.000100      168.566228        8.669312
     552        0.000100      168.703220        8.668041
     553        0.000100      168.754135        8.667862
     554        0.000100      168.742930        8.664557
     555        0.000100      168.838003        8.664233
     556        0.000100      168.836433        8.662883
     557        0.000100      168.874379        8.661927
     558        0.000100      168.966240        8.660709
     559        0.000100      168.937139        8.658816
     560        0.000100      169.012093        8.656943
     561        0.000100      168.997758        8.655877
     562        0.000100      169.007033        8.653728
     563        0.000100      169.052363        8.652971
     564        0.000100      169.061910        8.651104
     565        0.000100      169.009857        8.648403
     566        0.000100      169.121577        8.646878
     567        0.000100      168.942238        8.643987
     568        0.000100      169.020173        8.642723
     569        0.000100      169.016367        8.641783
     570        0.000100      168.904600        8.637239
     571        0.000100      168.980018        8.636487
     572        0.000100      168.910519        8.633756
     573        0.000100      168.783022        8.630585
     574        0.000100      168.932555        8.630056
     575        0.000100      168.816521        8.628034
     576        0.000100      168.770980        8.624358
     577        0.000100      168.920354        8.624431
     578        0.000100      168.754814        8.621126
     579        0.000100      168.783310        8.620297
     580        0.000100      168.885481        8.619692
     581        0.000100      168.762087        8.617423
     582        0.000100      168.907657        8.616117
     583        0.000100      168.884169        8.615101
     584        0.000100      168.868150        8.613602
     585        0.000100      168.992071        8.614374
     586        0.000100      168.980898        8.612315
     587        0.000100      169.022208        8.612896
     588        0.000100      169.143784        8.611217
     589        0.000100      169.115755        8.609921
     590        0.000100      169.149441        8.610888
     591        0.000100      169.262883        8.610338
     592        0.000100      169.285495        8.608052
     593        0.000100      169.382628        8.610030
     594        0.000100      169.456528        8.607482
     595        0.000100      169.422833        8.606642
     596        0.000100      169.619073        8.608592
     597        0.000100      169.622272        8.606558
     598        0.000100      169.711763        8.605851
     599        0.000100      169.850110        8.607461
     600        0.000100      169.865472        8.604158
     601        0.000100      169.946514        8.605637
     602        0.000100      170.108081        8.606996
     603        0.000100      170.070723        8.602920
     604        0.000100      170.321980        8.605424
     605        0.000100      170.286661        8.604171
     606        0.000100      170.422517        8.602949
     607        0.000100      170.534630        8.604638
     608        0.000100      170.575374        8.603189
     609        0.000100      170.727702        8.603284
     610        0.000100      170.830191        8.602663
     611        0.000100      170.838306        8.601638
     612        0.000100      171.005123        8.602015
     613        0.000100      171.026031        8.601261
     614        0.000100      171.188047        8.600520
     615        0.000100      171.253712        8.600067
     616        0.000100      171.291267        8.598370
     617        0.000100      171.411916        8.597814
     618        0.000100      171.566389        8.598616
     619        0.000100      171.475967        8.596201
     620        0.000100      171.760042        8.597398
     621        0.000100      171.690082        8.595380
     622        0.000100      171.762783        8.593877
     623        0.000100      171.879190        8.595520
     624        0.000100      171.858242        8.592967
     625        0.000100      171.954590        8.592344
     626        0.000100      172.026441        8.592119
     627        0.000100      171.960946        8.589737
     628        0.000100      172.073510        8.589194
     629        0.000100      172.033768        8.588846
     630        0.000100      172.094350        8.586937
     631        0.000100      172.117130        8.585819
     632        0.000100      172.059740        8.583532
     633        0.000100      172.073600        8.582485
     634        0.000100      172.100929        8.581467
     635        0.000100      171.985384        8.579212
     636        0.000100      172.094874        8.577347
     637        0.000100      171.987542        8.575905
     638        0.000100      171.943577        8.573135
     639        0.000100      171.978995        8.573248
     640        0.000100      171.823671        8.569393
     641        0.000100      171.899179        8.569779
     642        0.000100      171.907361        8.568240
     643        0.000100      171.751792        8.564919
     644        0.000100      171.855501        8.565536
     645        0.000100      171.770445        8.564444
     646        0.000100      171.782107        8.562190
     647        0.000100      171.845500        8.563007
     648        0.000100      171.787801        8.560573
     649        0.000100      171.778107        8.559647
     650        0.000100      171.866567        8.560614
     651        0.000100      171.816086        8.559371
     652        0.000100      171.953368        8.558909
     653        0.000100      171.987215        8.559554
     654        0.000100      171.978064        8.557413
     655        0.000100      172.129305        8.559573
     656        0.000100      172.159755        8.558439
     657        0.000100      172.233103        8.558313
     658        0.000100      172.412914        8.559479
     659        0.000100      172.399244        8.558127
     660        0.000100      172.490808        8.558603
     661        0.000100      172.667117        8.560324
     662        0.000100      172.785842        8.559300
     663        0.000100      172.799104        8.560713
     664        0.000100      173.086136        8.559870
     665        0.000100      173.022496        8.560295
     666        0.000100      173.431666        8.563569
     667        0.000100      173.449634        8.561456
     668        0.000100      173.630404        8.562304
     669        0.000100      173.858605        8.565165
     670        0.000100      173.870103        8.562383
     671        0.000100      174.062689        8.564910
     672        0.000100      174.214742        8.565617
     673        0.000100      174.219070        8.564385
     674        0.000100      174.440982        8.565928
     675        0.000100      174.397316        8.565690
     676        0.000100      174.531426        8.565740
     677        0.000100      174.598681        8.566190
     678        0.000100      174.674418        8.565580
     679        0.000100      174.754926        8.565931
     680        0.000100      174.799215        8.564763
     681        0.000100      174.771319        8.564376
     682        0.000100      174.962146        8.565153
     683        0.000100      174.911875        8.563265
     684        0.000100      175.000415        8.563514
     685        0.000100      174.992015        8.562995
     686        0.000100      175.022141        8.561436
     687        0.000100      175.025308        8.562490
     688        0.000100      175.090894        8.561152
     689        0.000100      175.048818        8.559348
     690        0.000100      175.144619        8.561038
     691        0.000100      175.045580        8.558333
     692        0.000100      175.079765        8.557692
     693        0.000100      175.142479        8.558028
     694        0.000100      175.188756        8.556340
     695        0.000100      175.071788        8.554198
     696        0.000100      175.181920        8.554896
     697        0.000100      175.114120        8.552343
     698        0.000100      175.172752        8.552257
     699        0.000100      175.175712        8.550100
     700        0.000100      175.178952        8.549618
     701        0.000100      175.106759        8.547901
     702        0.000100      175.257353        8.547124
     703        0.000100      175.190600        8.545863
     704        0.000100      175.226629        8.545329
     705        0.000100      175.321042        8.543477
     706        0.000100      175.413561        8.544437
     707        0.000100      175.312508        8.541420
     708        0.000100      175.633313        8.544002
     709        0.000100      175.643051        8.542369
     710        0.000100      175.708489        8.541708
     711        0.000100      175.803994        8.541720
     712        0.000100      175.855637        8.542132
     713        0.000100      175.844365        8.540141
     714        0.000100      176.021415        8.542812
     715        0.000100      175.909999        8.541087
     716        0.000100      176.013679        8.542432
     717        0.000100      176.022746        8.542790
     718        0.000100      176.041974        8.542689
     719        0.000100      176.168655        8.544168
     720        0.000100      176.147035        8.543886
     721        0.000100      176.110401        8.543194
     722        0.000100      176.257893        8.545622
     723        0.000100      176.223783        8.544075
     724        0.000100      176.333260        8.545770
     725        0.000100      176.366891        8.545994
     726        0.000100      176.415069        8.545740
     727        0.000100      176.407091        8.546599
     728        0.000100      176.619735        8.547990
     729        0.000100      176.596172        8.546716
     730        0.000100      176.850895        8.551079
     731        0.000100      176.727068        8.547684
     732        0.000100      176.888780        8.549153
     733        0.000100      177.180271        8.553265
     734        0.000100      177.151965        8.550776
     735        0.000100      177.300310        8.551525
     736        0.000100      177.429208        8.554165
     737        0.000100      177.538132        8.552561
     738        0.000100      177.776883        8.554714
     739        0.000100      177.730513        8.553764
     740        0.000100      178.110779        8.557038
     741        0.000100      178.128009        8.554648
     742        0.000100      178.211999        8.555943
     743        0.000100      178.528938        8.557498
     744        0.000100      178.714985        8.557985
     745        0.000100      178.705303        8.556374
     746        0.000100      179.050776        8.559706
     747        0.000100      178.986895        8.556278
     748        0.000100      179.190140        8.558287
     749        0.000100      179.298668        8.558703
     750        0.000100      179.195989        8.556233
     751        0.000100      179.341793        8.557838
     752        0.000100      179.326139        8.558154
     753        0.000100      179.327215        8.556094
     754        0.000100      179.437833        8.558298
     755        0.000100      179.346547        8.556315
     756        0.000100      179.383248        8.556239
     757        0.000100      179.332494        8.555494
     758        0.000100      179.373529        8.555763
     759        0.000100      179.318574        8.553733
     760        0.000100      179.327459        8.553933
     761        0.000100      179.169955        8.551429
     762        0.000100      179.304478        8.552504
     763        0.000100      179.171267        8.549753
     764        0.000100      179.167618        8.549862
     765        0.000100      179.285558        8.549026
     766        0.000100      179.068465        8.546854
     767        0.000100      179.193404        8.547214
     768        0.000100      179.222017        8.545874
     769        0.000100      179.118923        8.544087
     770        0.000100      179.379769        8.546444
     771        0.000100      179.173049        8.541911
     772        0.000100      179.295419        8.543648
     773        0.000100      179.446420        8.543529
     774        0.000100      179.494565        8.542772
     775        0.000100      179.472921        8.541248
     776        0.000100      179.750672        8.544180
     777        0.000100      179.707770        8.542171
     778        0.000100      180.002286        8.544901
     779        0.000100      180.104007        8.545320
     780        0.000100      180.254468        8.546705
     781        0.000100      180.338031        8.546761
     782        0.000100      180.421054        8.547521
     783        0.000100      180.548283        8.548632
     784        0.000100      180.649851        8.550185
     785        0.000100      180.578018        8.549134
     786        0.000100      180.711447        8.552370
     787        0.000100      180.684296        8.551274
     788        0.000100      180.769310        8.552802
     789        0.000100      180.851364        8.554665
     790        0.000100      180.849623        8.554370
     791        0.000100      180.777387        8.553751
     792        0.000100      181.024819        8.557545
     793        0.000100      180.963487        8.555800
     794        0.000100      181.119440        8.558246
     795        0.000100      181.174223        8.558637
     796        0.000100      181.229468        8.558580
     797        0.000100      181.465879        8.561459
     798        0.000100      181.488725        8.561069
     799        0.000100      181.703169        8.562107
     800        0.000100      181.854805        8.564718
     801        0.000100      181.822670        8.562246
     802        0.000100      182.122232        8.565372
     803        0.000100      182.229290        8.565537
     804        0.000100      182.446470        8.567448
     805        0.000100      182.435993        8.565335
     806        0.000100      182.661043        8.567461
     807        0.000100      182.864125        8.568567
     808        0.000100      183.118149        8.570325
     809        0.000100      183.042379        8.567159
     810        0.000100      183.463233        8.572077
     811        0.000100      183.445679        8.569631
     812        0.000100      183.577075        8.569681
     813        0.000100      183.847736        8.572436
     814        0.000100      183.744225        8.569955
     815        0.000100      183.845008        8.569738
     816        0.000100      183.921165        8.571657
     817        0.000100      183.887860        8.569821
     818        0.000100      184.040158        8.571579
     819        0.000100      183.928460        8.570070
     820        0.000100      183.968850        8.570548
     821        0.000100      183.929179        8.569233
     822        0.000100      183.966042        8.569650
     823        0.000100      183.914275        8.568622
     824        0.000100      183.948625        8.568255
     825        0.000100      183.750066        8.565298
     826        0.000100      183.900830        8.567186
     827        0.000100      183.876123        8.565122
     828        0.000100      183.766632        8.563804
     829        0.000100      183.921021        8.564358
     830        0.000100      183.739980        8.561677
     831        0.000100      183.931914        8.562295
     832        0.000100      183.896490        8.561862
     833        0.000100      183.890956        8.559050
     834        0.000100      184.033801        8.561167
     835        0.000100      183.933820        8.558337
     836        0.000100      184.114531        8.559015
     837        0.000100      184.136127        8.557965
     838        0.000100      184.416290        8.560710
     839        0.000100      184.316011        8.557894
     840        0.000100      184.545838        8.559774
     841        0.000100      184.654186        8.560116
     842        0.000100      184.908486        8.562317
     843        0.000100      184.881616        8.560621
     844        0.000100      185.037900        8.562903
     845        0.000100      185.076104        8.563248
     846        0.000100      185.146610        8.563159
     847        0.000100      185.191558        8.564414
     848        0.000100      185.345573        8.567090
     849        0.000100      185.192086        8.564418
     850        0.000100      185.374686        8.568027
     851        0.000100      185.382422        8.568472
     852        0.000100      185.473010        8.568690
     853        0.000100      185.445682        8.569283
     854        0.000100      185.571033        8.570961
     855        0.000100      185.533429        8.570170
     856        0.000100      185.750765        8.573320
     857        0.000100      185.782129        8.572760
     858        0.000100      185.964213        8.575277
     859        0.000100      186.057515        8.576035
     860        0.000100      186.059690        8.575619
     861        0.000100      186.455938        8.579396
     862        0.000100      186.459132        8.579399
     863        0.000100      186.663219        8.580676
     864        0.000100      186.779076        8.581389
     865        0.000100      186.862323        8.580866
     866        0.000100      187.278503        8.586412
     867        0.000100      187.230305        8.583916
     868        0.000100      187.538997        8.586748
     869        0.000100      187.592171        8.586576
     870        0.000100      188.006543        8.590430
     871        0.000100      188.003197        8.588131
     872        0.000100      188.322492        8.591884
     873        0.000100      188.284083        8.589198
     874        0.000100      188.479005        8.590982
     875        0.000100      188.477243        8.589532
     876        0.000100      188.673085        8.591332
     877        0.000100      188.628648        8.589655
     878        0.000100      188.603575        8.589664
     879        0.000100      188.676763        8.590100
     880        0.000100      188.758864        8.590820
     881        0.000100      188.641616        8.588689
     882        0.000100      188.779664        8.590739
     883        0.000100      188.624138        8.588066
     884        0.000100      188.716817        8.588855
     885        0.000100      188.709602        8.588285
     886        0.000100      188.805675        8.588256
     887        0.000100      188.721954        8.586984
     888        0.000100      188.783401        8.587254
     889        0.000100      188.739438        8.584615
     890        0.000100      188.933292        8.587043
     891        0.000100      188.888868        8.585406
     892        0.000100      188.823314        8.582797
     893        0.000100      188.914804        8.583136
     894        0.000100      188.963421        8.583580
     895        0.000100      189.035033        8.582726
     896        0.000100      189.126538        8.583003
     897        0.000100      189.006137        8.580355
     898        0.000100      189.358940        8.584088
     899        0.000100      189.321652        8.581664
     900        0.000100      189.502215        8.583104
     901        0.000100      189.579283        8.582749
     902        0.000100      189.664979        8.582616
     903        0.000100      189.633616        8.581565
     904        0.000100      189.876172        8.584042
     905        0.000100      189.770191        8.581583
     906        0.000100      189.874282        8.583489
     907        0.000100      189.832826        8.582932
     908        0.000100      189.914829        8.584206
     909        0.000100      189.968936        8.585681
     910        0.000100      190.081679        8.587293
     911        0.000100      189.917721        8.585261
     912        0.000100      190.137043        8.588916
     913        0.000100      190.068084        8.588316
     914        0.000050      190.236152        8.588907
     915        0.000050      192.281525        8.652847
     916        0.000050      192.550284        8.659270
     917        0.000050      192.761668        8.662604
     918        0.000050      192.903217        8.664563
     919        0.000050      193.022194        8.665893
     920        0.000050      193.120589        8.666753
     921        0.000050      193.204501        8.667307
     922        0.000050      193.276644        8.667677
     923        0.000050      193.341660        8.667919
     924        0.000050      193.400071        8.668018
     925        0.000050      193.454353        8.668061
     926        0.000050      193.505396        8.668055
     927        0.000050      193.554190        8.668033
     928        0.000050      193.601195        8.668008
     929        0.000050      193.646022        8.667954
     930        0.000050      193.689273        8.667894
     931        0.000050      193.731128        8.667837
     932        0.000050      193.771622        8.667769
     933        0.000050      193.810983        8.667693
     934        0.000050      193.849749        8.667639
     935        0.000050      193.885613        8.667515
     936        0.000050      193.924860        8.667475
     937        0.000050      193.954305        8.667328
     938        0.000050      193.994292        8.667221
     939        0.000050      194.053068        8.667609
     940        0.000050      194.000717        8.666286
     941        0.000050      194.123513        8.666886
     942        0.000050      194.127876        8.667987
     943        0.000050      194.204149        8.666570
     944        0.000050      194.141984        8.666793
     945        0.000050      194.239044        8.667201
     946        0.000050      194.308811        8.667166
     947        0.000050      194.231927        8.665506
     948        0.000050      194.283967        8.666528
     949        0.000050      194.349169        8.666043
     950        0.000050      194.383391        8.666526
     951        0.000050      194.432280        8.666268
     952        0.000050      194.430392        8.665686
     953        0.000050      194.577060        8.667807
     954        0.000050      194.478823        8.665155
     955        0.000050      194.681516        8.667243
     956        0.000050      194.596385        8.666519
     957        0.000050      194.752270        8.667067
     958        0.000050      194.737048        8.667323
     959        0.000050      194.820726        8.667356
     960        0.000050      194.875075        8.667117
     961        0.000050      195.032749        8.669515
     962        0.000050      194.955885        8.669167
     963        0.000050      195.090781        8.668052
     964        0.000050      195.242851        8.670982
     965        0.000050      195.346794        8.671242
     966        0.000050      195.296789        8.670338
     967        0.000050      195.354669        8.668988
     968        0.000050      195.498329        8.672014
     969        0.000050      195.458982        8.670566
     970        0.000050      195.428143        8.669061
     971        0.000050      195.497618        8.668335
     972        0.000050      195.472113        8.668551
     973        0.000050      195.563156        8.670263
     974        0.000050      195.456410        8.669019
     975        0.000050      195.480797        8.665706
     976        0.000050      195.603505        8.669064
     977        0.000050      195.523767        8.667839
     978        0.000050      195.579581        8.669186
     979        0.000050      195.623221        8.667505
     980        0.000050      195.679194        8.668460
     981        0.000050      195.746352        8.669350
     982        0.000050      195.727812        8.668627
     983        0.000050      195.826320        8.668927
     984        0.000050      195.909726        8.670855
     985        0.000050      195.951301        8.669686
     986        0.000050      195.985201        8.669884
     987        0.000050      196.005082        8.668852
     988        0.000050      196.151708        8.671964
     989        0.000050      196.244989        8.672379
     990        0.000050      196.189959        8.671011
     991        0.000050      196.244776        8.669188
     992        0.000050      196.368928        8.672248
     993        0.000050      196.449150        8.672903
     994        0.000050      196.422350        8.673052
     995        0.000050      196.431290        8.670003
     996        0.000050      196.587399        8.673429
     997        0.000050      196.548679        8.672570
     998        0.000050      196.562201        8.673076
     999        0.000050      196.675243        8.673172
    1000        0.000050      196.668173        8.672711
    1001        0.000050      196.779686        8.674336
    1002        0.000050      196.689949        8.672863
    1003        0.000050      196.828570        8.672699
    1004        0.000050      196.926120        8.674975
    1005        0.000050      196.886258        8.672477
    1006        0.000050      196.877065        8.671949
    1007        0.000050      196.962277        8.671666
    1008        0.000050      196.983865        8.673093
    1009        0.000050      196.995478        8.672617
    1010        0.000050      196.943148        8.671039
    1011        0.000050      197.032863        8.671433
    1012        0.000050      196.992679        8.672373
    1013        0.000050      197.064521        8.673248
    1014        0.000050      197.135521        8.674828
    1015        0.000050      197.224449        8.674651
    1016        0.000050      197.226396        8.675421
    1017        0.000050      197.380151        8.676428
    1018        0.000050      197.454254        8.677478
    1019        0.000050      197.665782        8.679070
    1020        0.000050      197.649304        8.678356
    1021        0.000050      197.792482        8.677786
    1022        0.000050      197.966742        8.681165
    1023        0.000050      197.917538        8.678685
    1024        0.000050      198.069280        8.681082
    1025        0.000050      198.053757        8.678434
    1026        0.000050      198.011476        8.677735
    1027        0.000050      198.095806        8.678440
    1028        0.000050      197.988485        8.677759
    1029        0.000050      198.098336        8.678306
    1030        0.000050      198.018379        8.677244
    1031        0.000050      198.053980        8.676603
    1032        0.000050      198.091231        8.678557
    1033        0.000050      198.100507        8.677744
    1034        0.000050      198.184078        8.679414
    1035        0.000050      198.221449        8.678309
    1036        0.000050      198.241468        8.678002
    1037        0.000050      198.353025        8.679080
    1038        0.000050      198.362406        8.679392
    1039        0.000050      198.459958        8.678844
    1040        0.000050      198.493683        8.679130
    1041        0.000050      198.433352        8.676989
    1042        0.000050      198.503913        8.678533
    1043        0.000050      198.564055        8.678325
    1044        0.000050      198.524024        8.678866
    1045        0.000050      198.542882        8.677467
    1046        0.000050      198.501059        8.677295
    1047        0.000050      198.660114        8.678778
    1048        0.000050      198.653893        8.680594
    1049        0.000050      198.657500        8.678549
    1050        0.000050      198.869084        8.682337
    1051        0.000050      198.856149        8.680279
    1052        0.000050      198.943742        8.682217
    1053        0.000050      199.128342        8.683924
    1054        0.000050      199.093915        8.682658
    1055        0.000050      199.236575        8.682541
    1056        0.000050      199.196641        8.681975
    1057        0.000050      199.272457        8.681799
    1058        0.000050      199.291194        8.682867
    1059        0.000050      199.267339        8.680771
    1060        0.000050      199.286264        8.681019
    1061        0.000050      199.249976        8.679559
    1062        0.000050      199.220551        8.680100
    1063        0.000050      199.276843        8.681207
    1064        0.000050      199.222005        8.680424
    1065        0.000050      199.293269        8.680543
    1066        0.000050      199.267000        8.681668
    1067        0.000050      199.294054        8.680949
    1068        0.000050      199.434306        8.684135
    1069        0.000050      199.466555        8.683158
    1070        0.000050      199.462872        8.682667
    1071        0.000050      199.636837        8.683102
    1072        0.000050      199.644303        8.684153
    1073        0.000050      199.750767        8.684320
    1074        0.000050      199.786808        8.685172
    1075        0.000050      199.817821        8.682748
    1076        0.000050      199.921886        8.685860
    1077        0.000050      199.855521        8.683927
    1078        0.000050      199.966110        8.686588
    1079        0.000050      200.100825        8.687031
    1080        0.000050      200.026866        8.686637
    1081        0.000050      200.198530        8.688445
    1082        0.000050      200.224736        8.689898
    1083        0.000050      200.395441        8.691269
    1084        0.000050      200.405354        8.691687
    1085        0.000050      200.468982        8.689940
    1086        0.000050      200.595072        8.692597
    1087        0.000050      200.597561        8.691325
    1088        0.000050      200.703345        8.692561
    1089        0.000050      200.779552        8.691934
    1090        0.000050      200.751593        8.690782
    1091        0.000050      200.854027        8.691047
    1092        0.000050      200.850936        8.691930
    1093        0.000050      200.863849        8.690482
    1094        0.000050      200.881085        8.691170
    1095        0.000050      200.805058        8.688307
    1096        0.000050      200.812329        8.689434
    1097        0.000050      200.858811        8.690084
    1098        0.000050      200.761828        8.690238
    1099        0.000050      200.887086        8.690080
    1100        0.000050      200.888918        8.690762
    1101        0.000050      200.911036        8.690079
    1102        0.000050      201.035375        8.693522
    1103        0.000050      201.056896        8.691475
    1104        0.000050      201.181625        8.693092
    1105        0.000050      201.202282        8.692007
    1106        0.000050      201.187586        8.692251
    1107        0.000050      201.397078        8.693687
    1108        0.000050      201.338246        8.693719
    1109        0.000050      201.376229        8.692139
    1110        0.000050      201.402996        8.692480
    1111        0.000050      201.477380        8.692537
    1112        0.000050      201.474679        8.694008
    1113        0.000050      201.521952        8.693365
    1114        0.000050      201.530121        8.693246
    1115        0.000025      201.597742        8.693024
    1116        0.000025      203.958522        8.766884
    1117        0.000025      203.901573        8.764276
    1118        0.000025      203.862214        8.761784
    1119        0.000025      203.816737        8.759556
    1120        0.000025      203.773524        8.757511
    1121        0.000025      203.732167        8.755620
    1122        0.000025      203.693487        8.753878
    1123        0.000025      203.658328        8.752275
    1124        0.000025      203.626046        8.750773
    1125        0.000025      203.596668        8.749379
    1126        0.000025      203.570408        8.748092
    1127        0.000025      203.547126        8.746911
    1128        0.000025      203.526916        8.745810
    1129        0.000025      203.508144        8.744764
    1130        0.000025      203.491930        8.743800
    1131        0.000025      203.478288        8.742931
    1132        0.000025      203.466309        8.742123
    1133        0.000025      203.455809        8.741358
    1134        0.000025      203.448953        8.740704
    1135        0.000025      203.439880        8.740060
    1136        0.000025      203.440268        8.739546
    1137        0.000025      203.434584        8.739027
    1138        0.000025      203.414196        8.738158
    1139        0.000025      203.457507        8.738345
    1140        0.000025      203.418096        8.737628
    1141        0.000025      203.429180        8.736859
    1142        0.000025      203.500841        8.737819
    1143        0.000025      203.388343        8.736254
    1144        0.000025      203.483703        8.736128
    1145        0.000025      203.470188        8.736491
    1146        0.000025      203.515996        8.736544
    1147        0.000025      203.435434        8.735465
    1148        0.000025      203.531243        8.735361
    1149        0.000025      203.536529        8.736216
    1150        0.000025      203.543752        8.735793
    1151        0.000025      203.501523        8.734647
    1152        0.000025      203.588620        8.735167
    1153        0.000025      203.576496        8.735628
    1154        0.000025      203.558109        8.734604
    1155        0.000025      203.573527        8.734640
    1156        0.000025      203.622087        8.734783
    1157        0.000025      203.600375        8.734494
    1158        0.000025      203.662436        8.735266
    1159        0.000025      203.575799        8.733370
    1160        0.000025      203.706315        8.734433
    1161        0.000025      203.660043        8.734649
    1162        0.000025      203.686860        8.734102
    1163        0.000025      203.675735        8.733603
    1164        0.000025      203.746203        8.734069
    1165        0.000025      203.710069        8.733888
    1166        0.000025      203.745852        8.733798
    1167        0.000025      203.661132        8.732362
    1168        0.000025      203.799336        8.733729
    1169        0.000025      203.690218        8.732535
    1170        0.000025      203.733288        8.732464
    1171        0.000025      203.706657        8.732272
    1172        0.000025      203.742557        8.732165
    1173        0.000025      203.731317        8.732538
    1174        0.000025      203.743348        8.731995
    1175        0.000025      203.726329        8.731609
    1176        0.000025      203.816788        8.732794
    1177        0.000025      203.745422        8.732028
    1178        0.000025      203.817235        8.732077
    1179        0.000025      203.794208        8.732121
    1180        0.000025      203.864337        8.732368
    1181        0.000025      203.823010        8.731764
    1182        0.000025      203.870170        8.731834
    1183        0.000025      203.848838        8.731626
    1184        0.000025      203.916401        8.731917
    1185        0.000025      203.833896        8.730902
    1186        0.000025      203.899641        8.731070
    1187        0.000025      203.832278        8.730240
    1188        0.000025      203.856935        8.730189
    1189        0.000025      203.837568        8.730193
    1190        0.000025      203.816978        8.729153
    1191        0.000025      203.832163        8.729752
    1192        0.000025      203.841163        8.729509
    1193        0.000025      203.798198        8.728694
    1194        0.000025      203.882746        8.729661
    1195        0.000025      203.826404        8.728872
    1196        0.000025      203.879622        8.728665
    1197        0.000025      203.869573        8.728860
    1198        0.000025      203.872751        8.728173
    1199        0.000025      203.872196        8.728269
    1200        0.000025      203.880337        8.728014
    1201        0.000025      203.859244        8.727848
    1202        0.000025      203.902952        8.727921
    1203        0.000025      203.843958        8.727500
    1204        0.000025      203.905700        8.727978
    1205        0.000025      203.879331        8.727973
    1206        0.000025      203.914322        8.728134
    1207        0.000025      203.933304        8.728804
    1208        0.000025      203.962197        8.728487
    1209        0.000025      203.970249        8.728990
    1210        0.000025      204.083540        8.730059
    1211        0.000025      204.010379        8.729042
    1212        0.000025      204.171495        8.730620
    1213        0.000025      204.127448        8.730293
    1214        0.000025      204.199141        8.730319
    1215        0.000025      204.224866        8.731213
    1216        0.000025      204.251160        8.730910
    1217        0.000025      204.273993        8.731290
    1218        0.000025      204.320627        8.731621
    1219        0.000025      204.311053        8.731600
    1220        0.000025      204.376791        8.731976
    1221        0.000025      204.360539        8.732180
    1222        0.000025      204.418932        8.732357
    1223        0.000025      204.434771        8.732529
    1224        0.000025      204.454357        8.732346
    1225        0.000025      204.489632        8.732834
    1226        0.000025      204.510619        8.732446
    1227        0.000025      204.515931        8.732771
    1228        0.000025      204.592802        8.733178
    1229        0.000025      204.529936        8.732233
    1230        0.000025      204.627999        8.733154
    1231        0.000025      204.576779        8.732691
    1232        0.000025      204.607217        8.732393
    1233        0.000025      204.615014        8.732845
    1234        0.000025      204.619960        8.732276
    1235        0.000025      204.613653        8.732293
    1236        0.000025      204.660725        8.732555
    1237        0.000025      204.617148        8.732160
    1238        0.000025      204.695405        8.732677
    1239        0.000025      204.657191        8.732557
    1240        0.000025      204.716113        8.732509
    1241        0.000025      204.700252        8.732526
    1242        0.000025      204.730798        8.732544
    1243        0.000025      204.713521        8.732324
    1244        0.000025      204.786203        8.732771
    1245        0.000025      204.709012        8.732062
    1246        0.000025      204.794157        8.732277
    1247        0.000025      204.751787        8.731919
    1248        0.000025      204.784517        8.732050
    1249        0.000025      204.779540        8.731949
    1250        0.000025      204.789066        8.731485
    1251        0.000025      204.769816        8.731392
    1252        0.000025      204.820797        8.731422
    1253        0.000025      204.731809        8.730280
    1254        0.000025      204.817398        8.731126
    1255        0.000025      204.748023        8.730130
    1256        0.000025      204.778339        8.729840
    1257        0.000025      204.774629        8.730114
    1258        0.000025      204.764544        8.729265
    1259        0.000025      204.761785        8.729415
    1260        0.000025      204.783660        8.729389
    1261        0.000025      204.748814        8.728956
    1262        0.000025      204.797686        8.729056
    1263        0.000025      204.751169        8.728864
    1264        0.000025      204.783399        8.728646
    1265        0.000025      204.775128        8.728981
    1266        0.000025      204.783789        8.728683
    1267        0.000025      204.799857        8.729089
    1268        0.000025      204.821845        8.728831
    1269        0.000025      204.801089        8.728944
    1270        0.000025      204.881092        8.729579
    1271        0.000025      204.845302        8.729332
    1272        0.000025      204.920415        8.729962
    1273        0.000025      204.903755        8.729934
    1274        0.000025      204.958226        8.730042
    1275        0.000025      204.970773        8.730698
    1276        0.000025      205.030662        8.731103
    1277        0.000025      204.994752        8.730818
    1278        0.000025      205.138205        8.732289
    1279        0.000025      205.086409        8.731873
    1280        0.000025      205.182627        8.732615
    1281        0.000025      205.204316        8.733410
    1282        0.000025      205.241310        8.733169
    1283        0.000025      205.296695        8.734251
    1284        0.000025      205.332573        8.734203
    1285        0.000025      205.343473        8.734302
    1286        0.000025      205.421931        8.735070
    1287        0.000025      205.388644        8.734810
    1288        0.000025      205.481543        8.735407
    1289        0.000025      205.457236        8.735307
    1290        0.000025      205.511142        8.735494
    1291        0.000025      205.516011        8.735579
    1292        0.000025      205.533789        8.735534
    1293        0.000025      205.555293        8.736067
    1294        0.000025      205.577379        8.735662
    1295        0.000025      205.557890        8.735688
    1296        0.000025      205.618256        8.735960
    1297        0.000025      205.555760        8.735184
    1298        0.000025      205.620545        8.735717
    1299        0.000025      205.594089        8.735611
    1300        0.000025      205.608299        8.735078
    1301        0.000025      205.622674        8.735544
    1302        0.000025      205.629377        8.735188
    1303        0.000025      205.621460        8.735190
    1304        0.000025      205.667240        8.735503
    1305        0.000025      205.625824        8.735134
    1306        0.000025      205.684951        8.735217
    1307        0.000025      205.637445        8.734982
    1308        0.000025      205.675931        8.734865
    1309        0.000025      205.662212        8.734849
    1310        0.000025      205.666401        8.734667
    1311        0.000025      205.662946        8.734560
    1312        0.000025      205.710096        8.734500
    1313        0.000025      205.649976        8.734307
    1314        0.000025      205.716643        8.734474
    1315        0.000025      205.674586        8.734076
    1316        0.000013      205.720130        8.734339
    1317        0.000013      203.417932        8.648083
    1318        0.000013      203.440769        8.647685
    1319        0.000013      203.429706        8.647237
    1320        0.000013      203.418615        8.646904
    1321        0.000013      203.410981        8.646691
    1322        0.000013      203.405807        8.646558
    1323        0.000013      203.402185        8.646489
    1324        0.000013      203.399867        8.646455
    1325        0.000013      203.397954        8.646447
    1326        0.000013      203.396729        8.646470
    1327        0.000013      203.395254        8.646497
    1328        0.000013      203.394495        8.646551
    1329        0.000013      203.393649        8.646612
    1330        0.000013      203.392886        8.646682
    1331        0.000013      203.392066        8.646751
    1332        0.000013      203.391584        8.646841
    1333        0.000013      203.390952        8.646929
    1334        0.000013      203.390430        8.647016
    1335        0.000013      203.389621        8.647100
    1336        0.000013      203.389326        8.647207
    1337        0.000013      203.388654        8.647302
    1338        0.000013      203.388414        8.647406
    1339        0.000013      203.387282        8.647511
    1340        0.000013      203.388965        8.647628
    1341        0.000013      203.383368        8.647673
    1342        0.000013      203.394257        8.647888
    1343        0.000013      203.376861        8.647832
    1344        0.000013      203.392801        8.648082
    1345        0.000013      203.380917        8.648066
    1346        0.000013      203.396007        8.648326
    1347        0.000013      203.382068        8.648351
    1348        0.000013      203.377977        8.648292
    1349        0.000013      203.395452        8.648647
    1350        0.000013      203.378126        8.648529
    1351        0.000013      203.389694        8.648740
    1352        0.000013      203.384405        8.648808
    1353        0.000013      203.387819        8.648887
    1354        0.000013      203.389573        8.649143
    1355        0.000013      203.380583        8.648831
    1356        0.000013      203.394587        8.649431
    1357        0.000013      203.381081        8.649077
    1358        0.000013      203.386375        8.649328
    1359        0.000013      203.402297        8.649665
    1360        0.000013      203.409237        8.650012
    1361        0.000013      203.361165        8.649109
    1362        0.000013      203.437652        8.650364
    1363        0.000013      203.394364        8.650008
    1364        0.000013      203.406229        8.650162
    1365        0.000013      203.416937        8.650197
    1366        0.000013      203.427014        8.650720
    1367        0.000013      203.413632        8.650414
    1368        0.000013      203.421157        8.650742
    1369        0.000013      203.416159        8.650414
    1370        0.000013      203.448176        8.651332
    1371        0.000013      203.430815        8.651172
    1372        0.000013      203.412058        8.650844
    1373        0.000013      203.445379        8.651157
    1374        0.000013      203.457429        8.651811
    1375        0.000013      203.438027        8.651502
    1376        0.000013      203.457488        8.651698
    1377        0.000013      203.451408        8.651677
    1378        0.000013      203.487846        8.652355
    1379        0.000013      203.460859        8.651985
    1380        0.000013      203.468309        8.652019
    1381        0.000013      203.495199        8.652470
    1382        0.000013      203.479431        8.652448
    1383        0.000013      203.481886        8.652311
    1384        0.000013      203.481674        8.652398
    1385        0.000013      203.485588        8.652452
    1386        0.000013      203.496108        8.652813
    1387        0.000013      203.473598        8.652575
    1388        0.000013      203.466669        8.652291
    1389        0.000013      203.495666        8.652887
    1390        0.000013      203.484643        8.652999
    1391        0.000013      203.477743        8.652844
    1392        0.000013      203.487104        8.652963
    1393        0.000013      203.494938        8.653222
    1394        0.000013      203.520397        8.653681
    1395        0.000013      203.499400        8.653381
    1396        0.000013      203.521535        8.653710
    1397        0.000013      203.533050        8.653884
    1398        0.000013      203.524568        8.653849
    1399        0.000013      203.541163        8.653967
    1400        0.000013      203.531281        8.653934
    1401        0.000013      203.533849        8.653862
    1402        0.000013      203.535978        8.654005
    1403        0.000013      203.508976        8.653545
    1404        0.000013      203.522767        8.653818
    1405        0.000013      203.512172        8.653796
    1406        0.000013      203.499023        8.653669
    1407        0.000013      203.511281        8.653924
    1408        0.000013      203.497765        8.653857
    1409        0.000013      203.509968        8.654025
    1410        0.000013      203.522483        8.654317
    1411        0.000013      203.520517        8.654305
    1412        0.000013      203.549918        8.654744
    1413        0.000013      203.543562        8.654644
    1414        0.000013      203.557676        8.654914
    1415        0.000013      203.567191        8.654951
    1416        0.000013      203.562113        8.655003
    1417        0.000013      203.571980        8.655064
    1418        0.000013      203.570867        8.655084
    1419        0.000013      203.555177        8.654883
    1420        0.000013      203.573782        8.655242
    1421        0.000013      203.552628        8.654955
    1422        0.000013      203.561799        8.655230
    1423        0.000013      203.577265        8.655594
    1424        0.000013      203.552205        8.655283
    1425        0.000013      203.581224        8.655741
    1426        0.000013      203.580069        8.655894
    1427        0.000013      203.579024        8.655752
    1428        0.000013      203.615681        8.656442
    1429        0.000013      203.606672        8.656254
    1430        0.000013      203.626180        8.656467
    1431        0.000013      203.651846        8.656898
    1432        0.000013      203.638802        8.656676
    1433        0.000013      203.672212        8.657111
    1434        0.000013      203.668083        8.657150
    1435        0.000013      203.674390        8.657174
    1436        0.000013      203.685235        8.657341
    1437        0.000013      203.668434        8.657112
    1438        0.000013      203.681944        8.657410
    1439        0.000013      203.682831        8.657546
    1440        0.000013      203.677988        8.657617
    1441        0.000013      203.695897        8.657871
    1442        0.000013      203.695717        8.657983
    1443        0.000013      203.700068        8.657974
    1444        0.000013      203.728604        8.658387
    1445        0.000013      203.719290        8.658227
    1446        0.000013      203.753717        8.658787
    1447        0.000013      203.757723        8.658804
    1448        0.000013      203.757731        8.658883
    1449        0.000013      203.791485        8.659286
    1450        0.000013      203.778842        8.659162
    1451        0.000013      203.792596        8.659288
    1452        0.000013      203.809836        8.659577
    1453        0.000013      203.785291        8.659163
    1454        0.000013      203.807561        8.659505
    1455        0.000013      203.794885        8.659303
    1456        0.000013      203.780577        8.659095
