       0        0.000100       15.805148        3.093472
       1        0.000100        8.643169        2.239275
       2        0.000100        6.388542        1.914466
       3        0.000100        5.108036        1.704160
       4        0.000100        4.416003        1.583167
       5        0.000100        4.040008        1.518325
       6        0.000100        3.563808        1.424696
       7        0.000100        3.165219        1.341454
       8        0.000100        2.845187        1.271843
       9        0.000100        2.623773        1.225263
      10        0.000100        2.499972        1.201444
      11        0.000100        2.327892        1.163239
      12        0.000100        2.146229        1.117542
      13        0.000100        1.991252        1.077335
      14        0.000100        1.895565        1.050818
      15        0.000100        1.811028        1.028784
      16        0.000100        1.776805        1.019594
      17        0.000100        1.748272        1.013736
      18        0.000100        1.719345        1.006784
      19        0.000100        1.673521        0.993529
      20        0.000100        1.649618        0.988945
      21        0.000100        1.585012        0.968192
      22        0.000100        1.564813        0.963941
      23        0.000100        1.537337        0.955379
      24        0.000100        1.507779        0.947896
      25        0.000100        1.504086        0.948197
      26        0.000100        1.422523        0.917747
      27        0.000100        1.374652        0.902817
      28        0.000100        1.366553        0.901541
      29        0.000100        1.336649        0.891691
      30        0.000100        1.299715        0.879353
      31        0.000100        1.302479        0.881635
      32        0.000100        1.220509        0.850803
      33        0.000100        1.263072        0.870014
      34        0.000100        1.203336        0.846015
      35        0.000100        1.198234        0.845964
      36        0.000100        1.199455        0.847130
      37        0.000100        1.160898        0.832675
      38        0.000100        1.159751        0.833390
      39        0.000100        1.123687        0.819117
      40        0.000100        1.110642        0.814381
      41        0.000100        1.134356        0.826188
      42        0.000100        1.072888        0.800465
      43        0.000100        1.135672        0.828283
      44        0.000100        1.048199        0.792224
      45        0.000100        1.103163        0.817489
      46        0.000100        1.053847        0.796816
      47        0.000100        1.048251        0.796265
      48        0.000100        1.002535        0.774909
      49        0.000100        1.032422        0.790392
