       0        0.000100     7445.742346       82.890579
       1        0.000100     7132.208194       80.981003
       2        0.000100     6782.870307       78.789726
       3        0.000100     6384.070446       76.204010
       4        0.000100     5935.400758       73.180893
       5        0.000100     5432.398747       69.630318
       6        0.000100     4877.413610       65.485283
       7        0.000100     4285.087923       60.752522
       8        0.000100     3679.730993       55.539547
       9        0.000100     3089.265871       50.052052
      10        0.000100     2540.352562       44.560261
      11        0.000100     2055.209869       39.352711
      12        0.000100     1648.873052       34.638321
      13        0.000100     1327.236914       30.630226
      14        0.000100     1086.819014       27.435299
      15        0.000100      916.515447       25.019350
      16        0.000100      800.897087       23.315813
      17        0.000100      723.924084       22.106604
      18        0.000100      671.812306       21.247871
      19        0.000100      634.378570       20.597424
      20        0.000100      604.993033       20.075350
      21        0.000100      579.778010       19.624531
      22        0.000100      556.660180       19.207386
      23        0.000100      534.611668       18.808451
      24        0.000100      513.158759       18.415449
      25        0.000100      492.102771       18.024302
      26        0.000100      471.377171       17.632446
      27        0.000100      450.979494       17.239168
      28        0.000100      430.938916       16.844711
      29        0.000100      411.300038       16.448915
      30        0.000100      392.114494       16.051498
      31        0.000100      373.434660       15.653698
      32        0.000100      355.304010       15.254932
      33        0.000100      337.733486       14.857183
      34        0.000100      320.639969       14.458807
      35        0.000100      303.794392       14.053086
      36        0.000100      287.508895       13.646556
      37        0.000100      272.310547       13.257273
      38        0.000100      258.147760       12.884175
      39        0.000100      244.943130       12.525071
      40        0.000100      232.665492       12.180648
      41        0.000100      221.291259       11.850059
      42        0.000100      210.795117       11.536533
      43        0.000100      201.146672       11.239249
      44        0.000100      192.309508       10.957282
      45        0.000100      184.240427       10.695065
      46        0.000100      176.892731       10.448338
      47        0.000100      170.217444       10.218103
      48        0.000100      164.163069       10.005307
      49        0.000100      158.677085        9.806387
      50        0.000100      153.707668        9.623829
      51        0.000100      149.204323        9.455791
      52        0.000100      145.118790        9.302013
      53        0.000100      141.405788        9.160586
      54        0.000100      138.023415        9.031173
      55        0.000100      134.933486        8.912637
      56        0.000100      132.101411        8.803932
      57        0.000100      129.496054        8.703257
      58        0.000100      127.089933        8.609883
      59        0.000100      124.858578        8.523342
      60        0.000100      122.780514        8.441800
      61        0.000100      120.836979        8.365134
      62        0.000100      119.011802        8.293216
      63        0.000100      117.290972        8.225068
      64        0.000100      115.662518        8.160055
      65        0.000100      114.116065        8.098291
      66        0.000100      112.642710        8.040598
      67        0.000100      111.234769        7.985279
      68        0.000100      109.885613        7.932055
      69        0.000100      108.589532        7.880949
      70        0.000100      107.341692        7.831623
      71        0.000100      106.137925        7.783654
      72        0.000100      104.974521        7.736767
      73        0.000100      103.848298        7.691058
      74        0.000100      102.756700        7.646526
      75        0.000100      101.697335        7.603039
      76        0.000100      100.667950        7.560337
      77        0.000100       99.666610        7.518788
      78        0.000100       98.691514        7.478466
      79        0.000100       97.741106        7.438950
      80        0.000100       96.814024        7.400133
      81        0.000100       95.909011        7.361826
      82        0.000100       95.024953        7.324136
      83        0.000100       94.160920        7.287063
      84        0.000100       93.316036        7.250715
      85        0.000100       92.489413        7.215076
      86        0.000100       91.680288        7.180139
      87        0.000100       90.887911        7.145939
      88        0.000100       90.111547        7.112387
      89        0.000100       89.350630        7.079354
      90        0.000100       88.604663        7.046699
      91        0.000100       87.873131        7.014493
      92        0.000100       87.155577        6.982564
      93        0.000100       86.451566        6.951070
      94        0.000100       85.760664        6.920060
      95        0.000100       85.082344        6.889569
      96        0.000100       84.416218        6.859495
      97        0.000100       83.761931        6.830000
      98        0.000100       83.119203        6.801208
      99        0.000100       82.487756        6.772891
     100        0.000100       81.867371        6.745064
     101        0.000100       81.257799        6.717582
     102        0.000100       80.658777        6.690545
     103        0.000100       80.070065        6.663958
     104        0.000100       79.491432        6.637907
     105        0.000100       78.922703        6.612310
     106        0.000100       78.363667        6.587102
     107        0.000100       77.814143        6.562350
     108        0.000100       77.273965        6.538101
     109        0.000100       76.742937        6.514356
     110        0.000100       76.220847        6.490976
     111        0.000100       75.707491        6.468114
     112        0.000100       75.202714        6.445724
     113        0.000100       74.706335        6.423687
     114        0.000100       74.218157        6.402178
     115        0.000100       73.737974        6.381054
     116        0.000100       73.265696        6.360205
     117        0.000100       72.801243        6.339629
     118        0.000100       72.344419        6.319417
     119        0.000100       71.895039        6.299634
     120        0.000100       71.453012        6.280193
     121        0.000100       71.018195        6.261060
     122        0.000100       70.590429        6.242162
     123        0.000100       70.169651        6.223486
     124        0.000100       69.755736        6.205134
     125        0.000100       69.348547        6.187068
     126        0.000100       68.947961        6.169258
     127        0.000100       68.553880        6.151691
     128        0.000100       68.166187        6.134304
     129        0.000100       67.784670        6.117082
     130        0.000100       67.408768        6.099864
     131        0.000100       67.038549        6.082549
     132        0.000100       66.671139        6.065578
     133        0.000100       66.310298        6.049648
     134        0.000100       65.955276        6.034376
     135        0.000100       65.606569        6.019562
     136        0.000100       65.263888        6.005002
     137        0.000100       64.927074        5.990659
     138        0.000100       64.595263        5.976467
     139        0.000100       64.268721        5.962438
     140        0.000100       63.947397        5.948628
     141        0.000100       63.631334        5.935141
     142        0.000100       63.320539        5.922058
     143        0.000100       63.014949        5.909276
     144        0.000100       62.714480        5.896703
     145        0.000100       62.419199        5.884288
     146        0.000100       62.129202        5.872176
     147        0.000100       61.844292        5.860287
     148        0.000100       61.563552        5.848567
     149        0.000100       61.286039        5.836953
     150        0.000100       61.010419        5.825191
     151        0.000100       60.734157        5.813021
     152        0.000100       60.452138        5.800047
     153        0.000100       60.174780        5.788356
     154        0.000100       59.898186        5.776442
     155        0.000100       59.632364        5.764318
     156        0.000100       59.371402        5.752204
     157        0.000100       59.116464        5.741059
     158        0.000100       58.865300        5.730692
     159        0.000100       58.621656        5.720909
     160        0.000100       58.385219        5.711548
     161        0.000100       58.154849        5.702559
     162        0.000100       57.930774        5.693848
     163        0.000100       57.711848        5.685390
     164        0.000100       57.496632        5.677003
     165        0.000100       57.284724        5.668722
     166        0.000100       57.076457        5.660676
     167        0.000100       56.871189        5.653060
     168        0.000100       56.667778        5.646451
     169        0.000100       56.472212        5.640603
     170        0.000100       56.282257        5.633517
     171        0.000100       56.094080        5.625341
     172        0.000100       55.906627        5.617207
     173        0.000100       55.719262        5.609209
     174        0.000100       55.530695        5.601340
     175        0.000100       55.344348        5.593857
     176        0.000100       55.160393        5.586782
     177        0.000100       54.971034        5.579994
     178        0.000100       54.784523        5.573014
     179        0.000100       54.615732        5.565152
     180        0.000100       54.454647        5.557735
     181        0.000100       54.298902        5.550737
     182        0.000100       54.148038        5.544050
     183        0.000100       54.001473        5.537591
     184        0.000100       53.858510        5.531329
     185        0.000100       53.719136        5.525250
     186        0.000100       53.583009        5.519317
     187        0.000100       53.450422        5.513709
     188        0.000100       53.320538        5.508558
     189        0.000100       53.192629        5.503717
     190        0.000100       53.065373        5.498349
     191        0.000100       52.938160        5.492277
     192        0.000100       52.812811        5.486236
     193        0.000100       52.690749        5.480501
     194        0.000100       52.572006        5.475032
     195        0.000100       52.456332        5.469774
     196        0.000100       52.343496        5.464699
     197        0.000100       52.233193        5.459711
     198        0.000100       52.125257        5.454832
     199        0.000100       52.019605        5.450049
     200        0.000100       51.916072        5.445332
     201        0.000100       51.814527        5.440689
     202        0.000100       51.714895        5.436154
     203        0.000100       51.617105        5.431728
     204        0.000100       51.521058        5.427343
     205        0.000100       51.426687        5.423030
     206        0.000100       51.333938        5.418851
     207        0.000100       51.242751        5.414797
     208        0.000100       51.153114        5.410854
     209        0.000100       51.064975        5.407013
     210        0.000100       50.978251        5.403237
     211        0.000100       50.892837        5.399537
     212        0.000100       50.808714        5.395917
     213        0.000100       50.725887        5.392296
     214        0.000100       50.644373        5.388732
     215        0.000100       50.564174        5.385256
     216        0.000100       50.485284        5.381811
     217        0.000100       50.407688        5.378415
     218        0.000100       50.331326        5.375046
     219        0.000100       50.256172        5.371690
     220        0.000100       50.182243        5.368334
     221        0.000100       50.109531        5.365021
     222        0.000100       50.038029        5.361719
     223        0.000100       49.967791        5.358420
     224        0.000100       49.898766        5.355114
     225        0.000100       49.830816        5.351827
     226        0.000100       49.763930        5.348539
     227        0.000100       49.697918        5.345197
     228        0.000100       49.632711        5.341817
     229        0.000100       49.568541        5.338401
     230        0.000100       49.505455        5.335015
     231        0.000100       49.443561        5.331701
     232        0.000100       49.383114        5.328550
     233        0.000100       49.324194        5.325662
     234        0.000100       49.267082        5.322901
     235        0.000100       49.211838        5.320249
     236        0.000100       49.157982        5.317656
     237        0.000100       49.105420        5.315108
     238        0.000100       49.053950        5.312601
     239        0.000100       49.003760        5.310174
     240        0.000100       48.954550        5.307793
     241        0.000100       48.906232        5.305445
     242        0.000100       48.858519        5.303092
     243        0.000100       48.811490        5.300761
     244        0.000100       48.765037        5.298425
     245        0.000100       48.719295        5.296189
     246        0.000100       48.674214        5.293997
     247        0.000100       48.629720        5.291780
     248        0.000100       48.585911        5.289534
     249        0.000100       48.542912        5.287283
     250        0.000100       48.500701        5.285031
     251        0.000100       48.459198        5.282781
     252        0.000100       48.418467        5.280572
     253        0.000100       48.378617        5.278378
     254        0.000100       48.339713        5.276197
     255        0.000100       48.301749        5.274041
     256        0.000100       48.264733        5.271916
     257        0.000100       48.228576        5.269813
     258        0.000100       48.193412        5.267721
     259        0.000100       48.159022        5.265633
     260        0.000100       48.126132        5.263587
     261        0.000100       48.093450        5.261516
     262        0.000100       48.063441        5.259585
     263        0.000100       48.033167        5.257579
     264        0.000100       48.006997        5.255773
     265        0.000100       47.981277        5.253922
     266        0.000100       47.957609        5.252270
     267        0.000100       47.935103        5.250533
     268        0.000100       47.913604        5.249074
     269        0.000100       47.891830        5.247319
     270        0.000100       47.873655        5.246083
     271        0.000100       47.851279        5.244401
     272        0.000100       47.835036        5.243127
     273        0.000100       47.815716        5.241627
     274        0.000100       47.797198        5.240214
     275        0.000100       47.777459        5.238690
     276        0.000100       47.758196        5.237186
     277        0.000100       47.739083        5.235637
     278        0.000100       47.720422        5.234115
     279        0.000100       47.702646        5.232589
     280        0.000100       47.685261        5.231058
     281        0.000100       47.669385        5.229544
     282        0.000100       47.653638        5.228033
     283        0.000100       47.639915        5.226604
     284        0.000100       47.625617        5.225154
     285        0.000100       47.614336        5.223817
     286        0.000100       47.601038        5.222376
     287        0.000100       47.592503        5.221148
     288        0.000100       47.579590        5.219687
     289        0.000100       47.574008        5.218568
     290        0.000100       47.561569        5.217134
     291        0.000100       47.558781        5.216284
     292        0.000100       47.547370        5.214934
     293        0.000100       47.546668        5.214165
     294        0.000100       47.536334        5.212826
     295        0.000100       47.536938        5.212080
     296        0.000100       47.527889        5.210794
     297        0.000100       47.529444        5.210058
     298        0.000100       47.521410        5.208800
     299        0.000100       47.523734        5.208018
     300        0.000100       47.516187        5.206747
     301        0.000100       47.519876        5.205940
     302        0.000100       47.512284        5.204647
     303        0.000100       47.518581        5.203925
     304        0.000100       47.510196        5.202607
     305        0.000100       47.520171        5.201976
     306        0.000100       47.510611        5.200653
     307        0.000100       47.524264        5.200169
     308        0.000100       47.514271        5.198872
     309        0.000100       47.530353        5.198422
     310        0.000100       47.521059        5.197173
     311        0.000100       47.538299        5.196747
     312        0.000100       47.529497        5.195547
     313        0.000100       47.548446        5.195213
     314        0.000100       47.538470        5.193935
     315        0.000100       47.559489        5.193708
     316        0.000100       47.548546        5.192367
     317        0.000100       47.570766        5.192225
     318        0.000100       47.561346        5.190844
     319        0.000100       47.577038        5.190430
     320        0.000100       47.586120        5.189977
     321        0.000100       47.589225        5.188940
     322        0.000100       47.603056        5.188498
     323        0.000100       47.618422        5.188351
     324        0.000100       47.636654        5.188237
     325        0.000100       47.643555        5.187434
     326        0.000100       47.663514        5.187359
     327        0.000100       47.695301        5.188200
     328        0.000100       47.709025        5.187872
     329        0.000100       47.704532        5.186413
     330        0.000100       47.737063        5.187248
     331        0.000100       47.761786        5.187833
     332        0.000100       47.741729        5.185361
     333        0.000100       47.743456        5.184241
     334        0.000100       47.762906        5.184247
     335        0.000100       47.760184        5.182625
     336        0.000100       47.768370        5.181592
     337        0.000100       47.791373        5.181572
     338        0.000100       47.814630        5.181462
     339        0.000100       47.841321        5.181667
     340        0.000100       47.877346        5.182671
     341        0.000100       47.915698        5.183870
     342        0.000100       47.960113        5.185187
     343        0.000100       48.004855        5.186379
     344        0.000100       48.041630        5.187218
     345        0.000100       48.064109        5.187358
     346        0.000100       48.073651        5.186847
     347        0.000100       48.069283        5.185484
     348        0.000100       48.063109        5.183831
     349        0.000100       48.063351        5.182364
     350        0.000100       48.080583        5.181713
     351        0.000100       48.106460        5.181753
     352        0.000100       48.145325        5.182455
     353        0.000100       48.179214        5.183115
     354        0.000100       48.225804        5.184376
     355        0.000100       48.254443        5.184902
     356        0.000100       48.303298        5.186316
     357        0.000100       48.323617        5.186434
     358        0.000100       48.368136        5.187660
     359        0.000100       48.385085        5.187470
     360        0.000100       48.422099        5.188247
     361        0.000100       48.439611        5.187969
     362        0.000100       48.470120        5.188320
     363        0.000100       48.488519        5.188029
     364        0.000100       48.516137        5.188221
     365        0.000100       48.536117        5.188052
     366        0.000100       48.566695        5.188381
     367        0.000100       48.594747        5.188512
     368        0.000100       48.634919        5.189175
     369        0.000100       48.668273        5.189629
     370        0.000100       48.712561        5.190612
     371        0.000100       48.745892        5.191288
     372        0.000100       48.795038        5.192667
     373        0.000100       48.828601        5.193483
     374        0.000100       48.884760        5.195121
     375        0.000100       48.918999        5.195889
     376        0.000100       48.974181        5.197347
     377        0.000100       49.004024        5.197897
     378        0.000100       49.041405        5.198519
     379        0.000100       49.053305        5.197934
     380        0.000100       49.068309        5.197234
     381        0.000100       49.071521        5.195834
     382        0.000100       49.095281        5.195314
     383        0.000100       49.125100        5.195030
     384        0.000100       49.173914        5.195879
     385        0.000100       49.225225        5.197214
     386        0.000100       49.285291        5.199191
     387        0.000100       49.342824        5.201152
     388        0.000100       49.399986        5.203133
     389        0.000100       49.445230        5.204480
     390        0.000100       49.485756        5.205404
     391        0.000100       49.517606        5.205826
     392        0.000100       49.551537        5.206245
     393        0.000100       49.579039        5.206330
     394        0.000100       49.612816        5.206683
     395        0.000100       49.639700        5.206865
     396        0.000100       49.680146        5.207583
     397        0.000100       49.711002        5.207977
     398        0.000100       49.765425        5.209260
     399        0.000100       49.799376        5.209792
     400        0.000100       49.861678        5.211510
     401        0.000100       49.895528        5.212204
     402        0.000100       49.957146        5.214097
     403        0.000100       49.993775        5.215011
     404        0.000100       50.052297        5.216773
     405        0.000100       50.092863        5.217811
     406        0.000100       50.149386        5.219473
     407        0.000100       50.189648        5.220406
     408        0.000100       50.240109        5.221669
     409        0.000100       50.274015        5.222237
     410        0.000100       50.316238        5.223007
     411        0.000100       50.343467        5.223277
     412        0.000100       50.384929        5.223870
     413        0.000100       50.415920        5.224052
     414        0.000100       50.466108        5.224825
     415        0.000100       50.505446        5.225438
     416        0.000100       50.563328        5.226604
     417        0.000100       50.610933        5.227892
     418        0.000100       50.678308        5.229970
     419        0.000100       50.738175        5.232247
     420        0.000100       50.820609        5.235307
     421        0.000100       50.886471        5.237855
     422        0.000100       50.960136        5.240397
     423        0.000100       50.998998        5.241202
     424        0.000100       51.036642        5.241848
     425        0.000100       51.050331        5.241136
     426        0.000100       51.074832        5.240693
     427        0.000100       51.102595        5.240546
     428        0.000100       51.154692        5.241291
     429        0.000100       51.207809        5.242452
     430        0.000100       51.274279        5.244174
     431        0.000100       51.330249        5.245794
     432        0.000100       51.396171        5.247749
     433        0.000100       51.447201        5.249223
     434        0.000100       51.511902        5.251075
     435        0.000100       51.558144        5.252264
     436        0.000100       51.622867        5.253975
     437        0.000100       51.664098        5.254890
     438        0.000100       51.727064        5.256455
     439        0.000100       51.763934        5.257134
     440        0.000100       51.823488        5.258530
     441        0.000100       51.860927        5.259181
     442        0.000100       51.922350        5.260504
     443        0.000100       51.967069        5.261390
     444        0.000100       52.031197        5.262788
     445        0.000100       52.078805        5.263812
     446        0.000100       52.142248        5.265277
     447        0.000100       52.191237        5.266490
     448        0.000100       52.257830        5.268168
     449        0.000100       52.312740        5.269677
     450        0.000100       52.385766        5.271610
     451        0.000100       52.443083        5.273312
     452        0.000100       52.516633        5.275390
     453        0.000100       52.572224        5.277122
     454        0.000100       52.642314        5.279177
     455        0.000100       52.695486        5.280803
     456        0.000100       52.757522        5.282377
     457        0.000100       52.802017        5.283360
     458        0.000100       52.848559        5.284055
     459        0.000100       52.880015        5.284326
     460        0.000100       52.925051        5.284598
     461        0.000100       52.970497        5.284796
     462        0.000100       53.037123        5.285721
     463        0.000100       53.108328        5.287148
     464        0.000100       53.192303        5.289565
     465        0.000100       53.278938        5.292573
     466        0.000100       53.371170        5.296090
     467        0.000100       53.452172        5.298990
     468        0.000100       53.517329        5.300924
     469        0.000100       53.564591        5.301848
     470        0.000100       53.609720        5.302561
     471        0.000100       53.652167        5.303320
     472        0.000100       53.701860        5.304232
     473        0.000100       53.749334        5.305314
     474        0.000100       53.808108        5.306682
     475        0.000100       53.861038        5.307949
     476        0.000100       53.931063        5.309555
     477        0.000100       53.989499        5.310860
     478        0.000100       54.072236        5.312653
     479        0.000100       54.131175        5.313966
     480        0.000100       54.216273        5.315961
     481        0.000100       54.270808        5.317430
     482        0.000100       54.350300        5.319413
     483        0.000100       54.406586        5.320918
     484        0.000100       54.483058        5.322768
     485        0.000100       54.541454        5.324268
     486        0.000100       54.610758        5.325846
     487        0.000100       54.664214        5.327175
     488        0.000100       54.726994        5.328489
     489        0.000100       54.779644        5.329703
     490        0.000100       54.845668        5.330938
     491        0.000100       54.901727        5.332195
     492        0.000100       54.969932        5.333628
     493        0.000100       55.025814        5.334813
     494        0.000100       55.096566        5.336541
     495        0.000100       55.156519        5.337951
     496        0.000100       55.234455        5.339918
     497        0.000100       55.303559        5.341739
     498        0.000100       55.388406        5.344075
     499        0.000100       55.464886        5.346305
     500        0.000100       55.552384        5.348868
     501        0.000100       55.631826        5.351569
     502        0.000100       55.715752        5.354064
     503        0.000100       55.788794        5.356249
     504        0.000100       55.846535        5.357328
     505        0.000100       55.881858        5.357401
     506        0.000100       55.910486        5.356799
     507        0.000100       55.955063        5.356627
     508        0.000100       56.022203        5.357622
     509        0.000100       56.101974        5.359692
     510        0.000100       56.183004        5.362221
     511        0.000100       56.263440        5.364942
     512        0.000100       56.338313        5.367424
     513        0.000100       56.408478        5.369718
     514        0.000100       56.474348        5.371712
     515        0.000100       56.539974        5.373348
     516        0.000100       56.609669        5.374969
     517        0.000100       56.681056        5.376380
     518        0.000100       56.757365        5.377919
     519        0.000100       56.827937        5.379431
     520        0.000100       56.906604        5.381167
     521        0.000100       56.974109        5.382634
     522        0.000100       57.061947        5.384683
     523        0.000100       57.126600        5.386114
     524        0.000100       57.218730        5.388417
     525        0.000100       57.277223        5.389749
     526        0.000100       57.364581        5.392064
     527        0.000100       57.426970        5.393550
     528        0.000100       57.513055        5.395813
     529        0.000100       57.582057        5.397502
     530        0.000100       57.663499        5.399600
     531        0.000100       57.730237        5.401207
     532        0.000100       57.807274        5.403137
     533        0.000100       57.874602        5.404690
     534        0.000100       57.953900        5.406528
     535        0.000100       58.022956        5.408031
     536        0.000100       58.102151        5.409735
     537        0.000050       58.166699        5.411054
     538        0.000050       58.254479        5.413949
     539        0.000050       58.288087        5.414760
     540        0.000050       58.320947        5.415639
     541        0.000050       58.353653        5.416606
     542        0.000050       58.385565        5.417569
     543        0.000050       58.416889        5.418511
     544        0.000050       58.447888        5.419420
     545        0.000050       58.478887        5.420301
     546        0.000050       58.510166        5.421154
     547        0.000050       58.541898        5.421991
     548        0.000050       58.574246        5.422816
     549        0.000050       58.607258        5.423635
     550        0.000050       58.640992        5.424448
     551        0.000050       58.675473        5.425264
     552        0.000050       58.710668        5.426080
     553        0.000050       58.746542        5.426894
     554        0.000050       58.783101        5.427716
     555        0.000050       58.820264        5.428546
     556        0.000050       58.858042        5.429389
     557        0.000050       58.896343        5.430247
     558        0.000050       58.935151        5.431114
     559        0.000050       58.974402        5.431995
     560        0.000050       59.014061        5.432885
     561        0.000050       59.054068        5.433784
     562        0.000050       59.094384        5.434690
     563        0.000050       59.134930        5.435605
     564        0.000050       59.175661        5.436525
     565        0.000050       59.216497        5.437442
     566        0.000050       59.257374        5.438354
     567        0.000050       59.298204        5.439252
     568        0.000050       59.338918        5.440139
     569        0.000050       59.379450        5.441007
     570        0.000050       59.419797        5.441865
     571        0.000050       59.459930        5.442719
     572        0.000050       59.499734        5.443548
     573        0.000050       59.539182        5.444354
     574        0.000050       59.578888        5.445158
     575        0.000050       59.618764        5.445961
     576        0.000050       59.661032        5.446811
     577        0.000050       59.698147        5.447413
     578        0.000050       59.744585        5.448141
     579        0.000050       59.774063        5.448721
     580        0.000050       59.846942        5.450953
     581        0.000050       59.886701        5.451807
     582        0.000050       59.935778        5.453319
     583        0.000050       59.990784        5.455235
     584        0.000050       60.032916        5.456298
     585        0.000050       60.063977        5.456768
     586        0.000050       60.093345        5.457028
     587        0.000050       60.125046        5.457382
     588        0.000050       60.161536        5.457982
     589        0.000050       60.201569        5.458723
     590        0.000050       60.243697        5.459580
     591        0.000050       60.285971        5.460493
     592        0.000050       60.327795        5.461401
     593        0.000050       60.369713        5.462314
     594        0.000050       60.412205        5.463238
     595        0.000050       60.454887        5.464148
     596        0.000050       60.498597        5.465063
     597        0.000050       60.542789        5.465988
     598        0.000050       60.587839        5.466933
     599        0.000050       60.633666        5.467902
     600        0.000050       60.680797        5.468909
     601        0.000050       60.727577        5.469921
     602        0.000050       60.772747        5.470904
     603        0.000050       60.815353        5.471844
     604        0.000050       60.856152        5.472757
     605        0.000050       60.895027        5.473630
     606        0.000050       60.934570        5.474512
     607        0.000050       60.972940        5.475353
     608        0.000050       61.014404        5.476258
     609        0.000050       61.051202        5.477047
     610        0.000050       61.098065        5.478068
     611        0.000050       61.128292        5.478694
     612        0.000050       61.186010        5.479956
     613        0.000050       61.214100        5.480582
     614        0.000050       61.268382        5.481659
     615        0.000050       61.305845        5.482590
     616        0.000050       61.353276        5.483483
     617        0.000050       61.391912        5.484335
     618        0.000050       61.435276        5.485137
     619        0.000050       61.478581        5.486097
     620        0.000050       61.520976        5.486800
     621        0.000050       61.559436        5.487445
     622        0.000050       61.599747        5.488099
     623        0.000050       61.642762        5.488939
     624        0.000050       61.685999        5.489538
     625        0.000050       61.729811        5.490280
     626        0.000050       61.778782        5.491367
     627        0.000050       61.829806        5.492580
     628        0.000050       61.877192        5.493649
     629        0.000050       61.927246        5.495164
     630        0.000050       61.981215        5.496807
     631        0.000050       62.024735        5.498026
     632        0.000050       62.060350        5.498681
     633        0.000050       62.088318        5.498952
     634        0.000050       62.119213        5.499311
     635        0.000050       62.153306        5.499725
     636        0.000050       62.193887        5.500336
     637        0.000050       62.236308        5.501079
     638        0.000050       62.281864        5.501947
     639        0.000050       62.325984        5.502812
     640        0.000050       62.373400        5.503751
     641        0.000050       62.419742        5.504675
     642        0.000050       62.471789        5.505736
     643        0.000050       62.518691        5.506689
     644        0.000050       62.571201        5.507774
     645        0.000050       62.611367        5.508601
     646        0.000050       62.664233        5.509722
     647        0.000050       62.699639        5.510455
     648        0.000050       62.755704        5.511657
     649        0.000050       62.788691        5.512333
     650        0.000050       62.838973        5.513384
     651        0.000050       62.872198        5.514082
     652        0.000050       62.918909        5.515045
     653        0.000050       62.956479        5.515825
     654        0.000050       63.003653        5.516753
     655        0.000050       63.042535        5.517523
     656        0.000050       63.089085        5.518417
     657        0.000050       63.128360        5.519191
     658        0.000050       63.177102        5.520125
     659        0.000050       63.218355        5.520940
     660        0.000050       63.270108        5.521922
     661        0.000050       63.310514        5.522729
     662        0.000050       63.363501        5.523723
     663        0.000050       63.403196        5.524548
     664        0.000050       63.459195        5.525578
     665        0.000050       63.500293        5.526460
     666        0.000050       63.554434        5.527398
     667        0.000050       63.593718        5.528246
     668        0.000050       63.643461        5.529052
     669        0.000050       63.684559        5.529908
     670        0.000050       63.733856        5.530726
     671        0.000050       63.776815        5.531604
     672        0.000050       63.823672        5.532430
     673        0.000050       63.867029        5.533356
     674        0.000050       63.913273        5.534161
     675        0.000050       63.960652        5.535269
     676        0.000050       64.010852        5.536396
     677        0.000050       64.060857        5.537613
     678        0.000050       64.112342        5.539060
     679        0.000050       64.162248        5.540349
     680        0.000050       64.202465        5.541065
     681        0.000050       64.234439        5.541333
     682        0.000050       64.269352        5.541533
     683        0.000050       64.310173        5.541804
     684        0.000050       64.359400        5.542434
     685        0.000050       64.413160        5.543362
     686        0.000050       64.470010        5.544477
     687        0.000050       64.524887        5.545599
     688        0.000050       64.577470        5.546692
     689        0.000050       64.626256        5.547706
     690        0.000050       64.675478        5.548739
     691        0.000050       64.723275        5.549733
     692        0.000050       64.771623        5.550747
     693        0.000050       64.815200        5.551640
     694        0.000050       64.860892        5.552596
     695        0.000050       64.902028        5.553400
     696        0.000050       64.951993        5.554423
     697        0.000050       64.991701        5.555110
     698        0.000050       65.046766        5.556225
     699        0.000050       65.080804        5.556718
     700        0.000050       65.139159        5.557896
     701        0.000050       65.176411        5.558454
     702        0.000050       65.234072        5.559554
     703        0.000050       65.277500        5.560256
     704        0.000050       65.331944        5.561231
     705        0.000050       65.377995        5.562003
     706        0.000050       65.433814        5.563016
     707        0.000050       65.483543        5.563889
     708        0.000050       65.540003        5.564950
     709        0.000050       65.587534        5.565829
     710        0.000050       65.642186        5.566896
     711        0.000050       65.688878        5.567795
     712        0.000050       65.746057        5.568952
     713        0.000050       65.789937        5.569813
     714        0.000050       65.844476        5.570913
     715        0.000050       65.882518        5.571671
     716        0.000050       65.937180        5.572756
     717        0.000050       65.976426        5.573556
     718        0.000050       66.030325        5.574529
     719        0.000050       66.069380        5.575281
     720        0.000050       66.120780        5.576127
     721        0.000050       66.165467        5.577024
     722        0.000050       66.217319        5.577766
     723        0.000050       66.266114        5.578656
     724        0.000050       66.316960        5.579407
     725        0.000050       66.376639        5.580702
     726        0.000050       66.428776        5.581424
     727        0.000050       66.484906        5.582374
     728        0.000050       66.543375        5.583533
     729        0.000050       66.613362        5.585171
     730        0.000050       66.654791        5.585709
     731        0.000050       66.700517        5.586511
     732        0.000050       66.747461        5.587267
     733        0.000050       66.792143        5.587823
     734        0.000050       66.837674        5.588383
     735        0.000050       66.890466        5.589250
     736        0.000050       66.942923        5.590315
     737        0.000050       66.997421        5.591608
     738        0.000025       67.048611        5.592834
     739        0.000025       67.169401        5.599624
     740        0.000025       67.189828        5.599496
     741        0.000025       67.211311        5.599706
     742        0.000025       67.232566        5.600006
     743        0.000025       67.253570        5.600344
     744        0.000025       67.274438        5.600710
     745        0.000025       67.295287        5.601097
     746        0.000025       67.316215        5.601494
     747        0.000025       67.337356        5.601907
     748        0.000025       67.358757        5.602327
     749        0.000025       67.380485        5.602754
     750        0.000025       67.402527        5.603189
     751        0.000025       67.424953        5.603626
     752        0.000025       67.447744        5.604071
     753        0.000025       67.470911        5.604517
     754        0.000025       67.494455        5.604969
     755        0.000025       67.518335        5.605422
     756        0.000025       67.542561        5.605880
     757        0.000025       67.567084        5.606339
     758        0.000025       67.591919        5.606800
     759        0.000025       67.617021        5.607262
     760        0.000025       67.642345        5.607725
     761        0.000025       67.667911        5.608190
     762        0.000025       67.693696        5.608653
     763        0.000025       67.719667        5.609118
     764        0.000025       67.745821        5.609587
     765        0.000025       67.772119        5.610052
     766        0.000025       67.798558        5.610519
     767        0.000025       67.825127        5.610989
     768        0.000025       67.851821        5.611457
     769        0.000025       67.878625        5.611927
     770        0.000025       67.905521        5.612398
     771        0.000025       67.932500        5.612870
     772        0.000025       67.959574        5.613343
     773        0.000025       67.986710        5.613812
     774        0.000025       68.013945        5.614285
     775        0.000025       68.041179        5.614755
     776        0.000025       68.068597        5.615226
     777        0.000025       68.095822        5.615693
     778        0.000025       68.123642        5.616176
     779        0.000025       68.150320        5.616624
     780        0.000025       68.179827        5.617159
     781        0.000025       68.203122        5.617496
     782        0.000025       68.239312        5.618235
     783        0.000025       68.255709        5.618356
     784        0.000025       68.293582        5.619134
     785        0.000025       68.315140        5.619460
     786        0.000025       68.346896        5.620009
     787        0.000025       68.372157        5.620430
     788        0.000025       68.402279        5.620983
     789        0.000025       68.430689        5.621513
     790        0.000025       68.458895        5.621946
     791        0.000025       68.486762        5.622448
     792        0.000025       68.516872        5.623056
     793        0.000025       68.547337        5.623701
     794        0.000025       68.572240        5.623999
     795        0.000025       68.596250        5.624406
     796        0.000025       68.627662        5.625287
     797        0.000025       68.654771        5.625755
     798        0.000025       68.673767        5.625804
     799        0.000025       68.700381        5.626382
     800        0.000025       68.727706        5.626900
     801        0.000025       68.749975        5.627105
     802        0.000025       68.775998        5.627460
     803        0.000025       68.806461        5.627941
     804        0.000025       68.836693        5.628349
     805        0.000025       68.865813        5.628750
     806        0.000025       68.896586        5.629303
     807        0.000025       68.928064        5.629914
     808        0.000025       68.957657        5.630413
     809        0.000025       68.984972        5.630839
     810        0.000025       69.014034        5.631409
     811        0.000025       69.044526        5.632053
     812        0.000025       69.072580        5.632475
     813        0.000025       69.095948        5.632695
     814        0.000025       69.125839        5.633414
     815        0.000025       69.159468        5.634217
     816        0.000025       69.182462        5.634369
     817        0.000025       69.207517        5.634812
     818        0.000025       69.240415        5.635613
     819        0.000025       69.266050        5.635984
     820        0.000025       69.292334        5.636398
     821        0.000025       69.318627        5.636868
     822        0.000025       69.348149        5.637391
     823        0.000025       69.370966        5.637637
     824        0.000025       69.401640        5.638159
     825        0.000025       69.423526        5.638369
     826        0.000025       69.457273        5.638935
     827        0.000025       69.479541        5.639088
     828        0.000025       69.515546        5.639757
     829        0.000025       69.540682        5.640062
     830        0.000025       69.574395        5.640739
     831        0.000025       69.602114        5.641256
     832        0.000025       69.636477        5.642034
     833        0.000025       69.665457        5.642632
     834        0.000025       69.696892        5.643317
     835        0.000025       69.723409        5.643794
     836        0.000025       69.751506        5.644301
     837        0.000025       69.776646        5.644669
     838        0.000025       69.803256        5.645074
     839        0.000025       69.828278        5.645411
     840        0.000025       69.855517        5.645827
     841        0.000025       69.881966        5.646228
     842        0.000025       69.910272        5.646720
     843        0.000025       69.936617        5.647155
     844        0.000025       69.964460        5.647650
     845        0.000025       69.990110        5.648057
     846        0.000025       70.019014        5.648546
     847        0.000025       70.045475        5.648912
     848        0.000025       70.077459        5.649432
     849        0.000025       70.104345        5.649777
     850        0.000025       70.139657        5.650412
     851        0.000025       70.165092        5.650736
     852        0.000025       70.202601        5.651486
     853        0.000025       70.225379        5.651755
     854        0.000025       70.261034        5.652467
     855        0.000025       70.284560        5.652766
     856        0.000025       70.318859        5.653429
     857        0.000025       70.343806        5.653790
     858        0.000025       70.375205        5.654389
     859        0.000025       70.400092        5.654791
     860        0.000025       70.431125        5.655384
     861        0.000025       70.456915        5.655822
     862        0.000025       70.487573        5.656411
     863        0.000025       70.512561        5.656836
     864        0.000025       70.543270        5.657423
     865        0.000025       70.568407        5.657822
     866        0.000025       70.599546        5.658381
     867        0.000025       70.623554        5.658712
     868        0.000025       70.653888        5.659201
     869        0.000025       70.677450        5.659431
     870        0.000025       70.709692        5.659872
     871        0.000025       70.736172        5.660065
     872        0.000025       70.771008        5.660558
     873        0.000025       70.800369        5.660910
     874        0.000025       70.835875        5.661597
     875        0.000025       70.866666        5.662184
     876        0.000025       70.900479        5.662954
     877        0.000025       70.929445        5.663586
     878        0.000025       70.960714        5.664276
     879        0.000025       70.987727        5.664766
     880        0.000025       71.016776        5.665294
     881        0.000025       71.041371        5.665645
     882        0.000025       71.069238        5.666100
     883        0.000025       71.094175        5.666421
     884        0.000025       71.124066        5.666894
     885        0.000025       71.149521        5.667208
     886        0.000025       71.180319        5.667712
     887        0.000025       71.205000        5.668001
     888        0.000025       71.238194        5.668583
     889        0.000025       71.263017        5.668852
     890        0.000025       71.298859        5.669500
     891        0.000025       71.323786        5.669757
     892        0.000025       71.361704        5.670473
     893        0.000025       71.388557        5.670810
     894        0.000025       71.426283        5.671542
     895        0.000025       71.453148        5.671927
     896        0.000025       71.488298        5.672598
     897        0.000025       71.515321        5.673001
     898        0.000025       71.549605        5.673629
     899        0.000025       71.575878        5.674007
     900        0.000025       71.608165        5.674580
     901        0.000025       71.633390        5.674927
     902        0.000025       71.666141        5.675486
     903        0.000025       71.691693        5.675827
     904        0.000025       71.724260        5.676381
     905        0.000025       71.749003        5.676717
     906        0.000025       71.782440        5.677302
     907        0.000025       71.808146        5.677691
     908        0.000025       71.842131        5.678318
     909        0.000025       71.867581        5.678725
     910        0.000025       71.901669        5.679368
     911        0.000025       71.928907        5.679784
     912        0.000025       71.963195        5.680375
     913        0.000025       71.990677        5.680737
     914        0.000025       72.022391        5.681186
     915        0.000025       72.050587        5.681448
     916        0.000025       72.084425        5.681817
     917        0.000025       72.117064        5.682176
     918        0.000025       72.152156        5.682784
     919        0.000025       72.184765        5.683343
     920        0.000025       72.218512        5.684014
     921        0.000025       72.249609        5.684669
     922        0.000025       72.280289        5.685321
     923        0.000025       72.308343        5.685859
     924        0.000025       72.337345        5.686385
     925        0.000025       72.365184        5.686825
     926        0.000025       72.394170        5.687277
     927        0.000025       72.421435        5.687651
     928        0.000025       72.450980        5.688081
     929        0.000025       72.479451        5.688452
     930        0.000025       72.511125        5.688910
     931        0.000025       72.539503        5.689254
     932        0.000025       72.573135        5.689766
     933        0.000025       72.601593        5.690091
     934        0.000025       72.640361        5.690749
     935        0.000025       72.667300        5.691040
     936        0.000025       72.708433        5.691837
     937        0.000025       72.734254        5.692142
     938        0.000025       72.774633        5.692953
     939        0.000013       72.802411        5.693353
     940        0.000013       72.861512        5.695673
     941        0.000013       72.880382        5.695795
     942        0.000013       72.898098        5.695973
     943        0.000013       72.915143        5.696179
     944        0.000013       72.931671        5.696398
     945        0.000013       72.947765        5.696619
     946        0.000013       72.963527        5.696846
     947        0.000013       72.979017        5.697076
     948        0.000013       72.994308        5.697304
     949        0.000013       73.009427        5.697538
     950        0.000013       73.024407        5.697774
     951        0.000013       73.039306        5.698011
     952        0.000013       73.054123        5.698249
     953        0.000013       73.068892        5.698485
     954        0.000013       73.083627        5.698724
     955        0.000013       73.098356        5.698962
     956        0.000013       73.113111        5.699203
     957        0.000013       73.127866        5.699440
     958        0.000013       73.142663        5.699684
     959        0.000013       73.157509        5.699922
     960        0.000013       73.172392        5.700163
     961        0.000013       73.187338        5.700407
     962        0.000013       73.202325        5.700648
     963        0.000013       73.217379        5.700893
     964        0.000013       73.232492        5.701136
     965        0.000013       73.247679        5.701380
     966        0.000013       73.262920        5.701625
     967        0.000013       73.278208        5.701869
     968        0.000013       73.293571        5.702115
     969        0.000013       73.308998        5.702362
     970        0.000013       73.324452        5.702606
     971        0.000013       73.339989        5.702856
     972        0.000013       73.355556        5.703103
     973        0.000013       73.371196        5.703354
     974        0.000013       73.386857        5.703599
     975        0.000013       73.402578        5.703850
     976        0.000013       73.418340        5.704101
     977        0.000013       73.434139        5.704352
     978        0.000013       73.449996        5.704604
     979        0.000013       73.465648        5.704842
     980        0.000013       73.481926        5.705111
     981        0.000013       73.496498        5.705319
     982        0.000013       73.516854        5.705746
     983        0.000013       73.525177        5.705691
     984        0.000013       73.545576        5.706038
     985        0.000013       73.561492        5.706403
     986        0.000013       73.578168        5.706672
     987        0.000013       73.591855        5.706740
     988        0.000013       73.608683        5.707059
     989        0.000013       73.625775        5.707401
     990        0.000013       73.641113        5.707585
     991        0.000013       73.656724        5.707802
     992        0.000013       73.673393        5.708122
     993        0.000013       73.689607        5.708385
     994        0.000013       73.705007        5.708586
     995        0.000013       73.720870        5.708835
     996        0.000013       73.737351        5.709144
     997        0.000013       73.753108        5.709377
     998        0.000013       73.767905        5.709531
     999        0.000013       73.783445        5.709772
    1000        0.000013       73.800049        5.710106
    1001        0.000013       73.815215        5.710282
    1002        0.000013       73.829155        5.710342
    1003        0.000013       73.846297        5.710624
    1004        0.000013       73.865438        5.710985
    1005        0.000013       73.882311        5.711155
    1006        0.000013       73.899772        5.711406
    1007        0.000013       73.918546        5.711789
    1008        0.000013       73.936539        5.712111
    1009        0.000013       73.953241        5.712366
    1010        0.000013       73.970204        5.712714
    1011        0.000013       73.986941        5.713055
    1012        0.000013       74.002622        5.713324
    1013        0.000013       74.017749        5.713580
    1014        0.000013       74.032623        5.713819
    1015        0.000013       74.046968        5.713998
    1016        0.000013       74.061553        5.714139
    1017        0.000013       74.076716        5.714330
    1018        0.000013       74.092466        5.714528
    1019        0.000013       74.108675        5.714746
    1020        0.000013       74.125678        5.715000
    1021        0.000013       74.142785        5.715264
    1022        0.000013       74.159758        5.715537
    1023        0.000013       74.176322        5.715798
    1024        0.000013       74.192855        5.716066
    1025        0.000013       74.209192        5.716331
    1026        0.000013       74.225402        5.716571
    1027        0.000013       74.241571        5.716790
    1028        0.000013       74.257818        5.717009
    1029        0.000013       74.274655        5.717249
    1030        0.000013       74.291126        5.717486
    1031        0.000013       74.308884        5.717767
    1032        0.000013       74.324411        5.717975
    1033        0.000013       74.344168        5.718335
    1034        0.000013       74.357224        5.718442
    1035        0.000013       74.379448        5.718921
    1036        0.000013       74.391273        5.718966
    1037        0.000013       74.412046        5.719416
    1038        0.000013       74.425920        5.719553
    1039        0.000013       74.444554        5.719909
    1040        0.000013       74.459250        5.720094
    1041        0.000013       74.476549        5.720400
    1042        0.000013       74.491437        5.720597
    1043        0.000013       74.508381        5.720879
    1044        0.000013       74.523217        5.721071
    1045        0.000013       74.539772        5.721334
    1046        0.000013       74.554353        5.721516
    1047        0.000013       74.571428        5.721782
    1048        0.000013       74.586058        5.721941
    1049        0.000013       74.603808        5.722216
    1050        0.000013       74.618414        5.722355
    1051        0.000013       74.638311        5.722672
    1052        0.000013       74.653840        5.722818
    1053        0.000013       74.675328        5.723203
    1054        0.000013       74.690437        5.723372
    1055        0.000013       74.711803        5.723803
    1056        0.000013       74.726977        5.723999
    1057        0.000013       74.746893        5.724437
    1058        0.000013       74.761599        5.724672
    1059        0.000013       74.779131        5.724986
    1060        0.000013       74.793619        5.725142
    1061        0.000013       74.809919        5.725367
    1062        0.000013       74.825053        5.725543
    1063        0.000013       74.841876        5.725781
    1064        0.000013       74.858383        5.726004
    1065        0.000013       74.875814        5.726288
    1066        0.000013       74.892405        5.726543
    1067        0.000013       74.909215        5.726817
    1068        0.000013       74.925384        5.727057
    1069        0.000013       74.941969        5.727312
    1070        0.000013       74.957870        5.727534
    1071        0.000013       74.974206        5.727775
    1072        0.000013       74.990063        5.727983
    1073        0.000013       75.007002        5.728231
    1074        0.000013       75.023385        5.728439
    1075        0.000013       75.041124        5.728703
    1076        0.000013       75.057617        5.728913
    1077        0.000013       75.076734        5.729225
    1078        0.000013       75.092753        5.729414
    1079        0.000013       75.113470        5.729801
    1080        0.000013       75.127111        5.729910
    1081        0.000013       75.149620        5.730383
    1082        0.000013       75.162517        5.730456
    1083        0.000013       75.184222        5.730912
    1084        0.000013       75.197955        5.731038
    1085        0.000013       75.217723        5.731424
    1086        0.000013       75.232486        5.731599
    1087        0.000013       75.251053        5.731935
    1088        0.000013       75.265737        5.732121
    1089        0.000013       75.283359        5.732423
    1090        0.000013       75.298147        5.732610
    1091        0.000013       75.315654        5.732892
    1092        0.000013       75.330192        5.733063
    1093        0.000013       75.347728        5.733340
    1094        0.000013       75.362546        5.733497
    1095        0.000013       75.380979        5.733779
    1096        0.000013       75.396162        5.733927
    1097        0.000013       75.415290        5.734227
    1098        0.000013       75.431299        5.734384
    1099        0.000013       75.451697        5.734721
    1100        0.000013       75.468437        5.734921
    1101        0.000013       75.488828        5.735304
    1102        0.000013       75.505169        5.735529
    1103        0.000013       75.524552        5.735897
    1104        0.000013       75.540101        5.736087
    1105        0.000013       75.557763        5.736385
    1106        0.000013       75.573379        5.736574
    1107        0.000013       75.591357        5.736849
    1108        0.000013       75.608168        5.737064
    1109        0.000013       75.626479        5.737359
    1110        0.000013       75.643183        5.737600
    1111        0.000013       75.661368        5.737912
    1112        0.000013       75.677732        5.738141
    1113        0.000013       75.695540        5.738445
    1114        0.000013       75.710922        5.738642
    1115        0.000013       75.728840        5.738946
    1116        0.000013       75.743727        5.739110
    1117        0.000013       75.762412        5.739437
    1118        0.000013       75.776090        5.739548
    1119        0.000013       75.795918        5.739914
    1120        0.000013       75.809006        5.739982
    1121        0.000013       75.830060        5.740377
    1122        0.000013       75.843526        5.740438
    1123        0.000013       75.864737        5.740829
    1124        0.000013       75.879982        5.740945
    1125        0.000013       75.901222        5.741324
    1126        0.000013       75.917349        5.741497
    1127        0.000013       75.937817        5.741864
    1128        0.000013       75.954187        5.742065
    1129        0.000013       75.974470        5.742428
    1130        0.000013       75.990484        5.742630
    1131        0.000013       76.010253        5.742988
    1132        0.000013       76.025707        5.743184
    1133        0.000013       76.045583        5.743543
    1134        0.000013       76.060314        5.743719
    1135        0.000013       76.079753        5.744071
    1136        0.000013       76.093700        5.744228
    1137        0.000013       76.113093        5.744568
    1138        0.000013       76.126898        5.744703
    1139        0.000013       76.145899        5.745023
    1140        0.000006       76.160257        5.745151
    1141        0.000006       76.190488        5.746212
    1142        0.000006       76.201720        5.746299
    1143        0.000006       76.213089        5.746459
    1144        0.000006       76.223623        5.746590
    1145        0.000006       76.233597        5.746710
    1146        0.000006       76.243265        5.746822
    1147        0.000006       76.252755        5.746940
    1148        0.000006       76.262123        5.747058
    1149        0.000006       76.271412        5.747177
    1150        0.000006       76.280607        5.747299
    1151        0.000006       76.289724        5.747419
    1152        0.000006       76.298776        5.747541
    1153        0.000006       76.307768        5.747665
    1154        0.000006       76.316696        5.747789
    1155        0.000006       76.325586        5.747912
    1156        0.000006       76.334439        5.748038
    1157        0.000006       76.343251        5.748159
    1158        0.000006       76.352031        5.748285
    1159        0.000006       76.360791        5.748411
    1160        0.000006       76.369535        5.748538
    1161        0.000006       76.378254        5.748662
    1162        0.000006       76.386964        5.748786
    1163        0.000006       76.395662        5.748914
    1164        0.000006       76.404347        5.749041
    1165        0.000006       76.413023        5.749165
    1166        0.000006       76.421693        5.749292
    1167        0.000006       76.430358        5.749420
    1168        0.000006       76.439038        5.749547
    1169        0.000006       76.447712        5.749673
    1170        0.000006       76.456388        5.749804
    1171        0.000006       76.465052        5.749927
    1172        0.000006       76.473734        5.750054
    1173        0.000006       76.482403        5.750182
    1174        0.000006       76.491093        5.750310
    1175        0.000006       76.499774        5.750437
    1176        0.000006       76.508470        5.750564
    1177        0.000006       76.517153        5.750691
    1178        0.000006       76.525866        5.750819
    1179        0.000006       76.534571        5.750947
    1180        0.000006       76.543301        5.751075
    1181        0.000006       76.552019        5.751204
    1182        0.000006       76.560784        5.751332
    1183        0.000006       76.569470        5.751460
    1184        0.000006       76.578298        5.751589
    1185        0.000006       76.586956        5.751716
    1186        0.000006       76.595889        5.751845
    1187        0.000006       76.604418        5.751966
    1188        0.000006       76.613295        5.752094
    1189        0.000006       76.622936        5.752264
    1190        0.000006       76.629657        5.752327
    1191        0.000006       76.640383        5.752486
    1192        0.000006       76.647991        5.752582
    1193        0.000006       76.658109        5.752776
    1194        0.000006       76.666409        5.752890
    1195        0.000006       76.674993        5.752975
    1196        0.000006       76.683920        5.753110
    1197        0.000006       76.693470        5.753303
    1198        0.000006       76.701971        5.753400
    1199        0.000006       76.710267        5.753479
    1200        0.000006       76.719567        5.753648
    1201        0.000006       76.728737        5.753812
    1202        0.000006       76.737035        5.753891
    1203        0.000006       76.745665        5.753999
    1204        0.000006       76.754945        5.754166
    1205        0.000006       76.763851        5.754291
    1206        0.000006       76.772412        5.754383
    1207        0.000006       76.781472        5.754516
    1208        0.000006       76.790882        5.754677
    1209        0.000006       76.799876        5.754791
    1210        0.000006       76.808806        5.754899
    1211        0.000006       76.818158        5.755057
    1212        0.000006       76.827644        5.755218
    1213        0.000006       76.836493        5.755331
    1214        0.000006       76.845419        5.755459
    1215        0.000006       76.854558        5.755623
    1216        0.000006       76.863301        5.755748
    1217        0.000006       76.871528        5.755852
    1218        0.000006       76.880044        5.755977
    1219        0.000006       76.888460        5.756079
    1220        0.000006       76.897340        5.756182
    1221        0.000006       76.906672        5.756299
    1222        0.000006       76.916442        5.756447
    1223        0.000006       76.926192        5.756602
    1224        0.000006       76.935939        5.756768
    1225        0.000006       76.945324        5.756921
    1226        0.000006       76.954566        5.757070
    1227        0.000006       76.963322        5.757204
    1228        0.000006       76.972059        5.757339
    1229        0.000006       76.980341        5.757451
    1230        0.000006       76.989007        5.757583
    1231        0.000006       76.997141        5.757687
    1232        0.000006       77.006254        5.757826
    1233        0.000006       77.014103        5.757909
    1234        0.000006       77.024206        5.758080
    1235        0.000006       77.031183        5.758125
    1236        0.000006       77.042586        5.758342
    1237        0.000006       77.049331        5.758361
    1238        0.000006       77.061045        5.758588
    1239        0.000006       77.068997        5.758643
    1240        0.000006       77.079954        5.758843
    1241        0.000006       77.088451        5.758940
    1242        0.000006       77.098572        5.759111
    1243        0.000006       77.107080        5.759218
    1244        0.000006       77.116861        5.759381
    1245        0.000006       77.125305        5.759488
    1246        0.000006       77.134967        5.759641
    1247        0.000006       77.143292        5.759748
    1248        0.000006       77.153051        5.759904
    1249        0.000006       77.161135        5.760000
    1250        0.000006       77.171234        5.760164
    1251        0.000006       77.178967        5.760243
    1252        0.000006       77.189593        5.760425
    1253        0.000006       77.197003        5.760491
    1254        0.000006       77.208024        5.760683
    1255        0.000006       77.215495        5.760750
    1256        0.000006       77.226476        5.760935
    1257        0.000006       77.234394        5.761022
    1258        0.000006       77.245038        5.761204
    1259        0.000006       77.253331        5.761304
    1260        0.000006       77.263365        5.761478
    1261        0.000006       77.271727        5.761590
    1262        0.000006       77.281080        5.761743
    1263        0.000006       77.289205        5.761837
    1264        0.000006       77.297933        5.761960
    1265        0.000006       77.306329        5.762054
    1266        0.000006       77.315501        5.762157
    1267        0.000006       77.324962        5.762269
    1268        0.000006       77.334885        5.762413
    1269        0.000006       77.344744        5.762566
    1270        0.000006       77.354530        5.762726
    1271        0.000006       77.363998        5.762870
    1272        0.000006       77.373327        5.763011
    1273        0.000006       77.382446        5.763143
    1274        0.000006       77.391542        5.763275
    1275        0.000006       77.400536        5.763400
    1276        0.000006       77.409588        5.763529
    1277        0.000006       77.418562        5.763650
    1278        0.000006       77.427668        5.763783
    1279        0.000006       77.436679        5.763907
    1280        0.000006       77.445850        5.764038
    1281        0.000006       77.454834        5.764162
    1282        0.000006       77.464124        5.764298
    1283        0.000006       77.472960        5.764413
    1284        0.000006       77.482518        5.764558
    1285        0.000006       77.490853        5.764658
    1286        0.000006       77.501203        5.764831
    1287        0.000006       77.508179        5.764878
    1288        0.000006       77.520005        5.765109
    1289        0.000006       77.526020        5.765111
    1290        0.000006       77.537663        5.765336
    1291        0.000006       77.545023        5.765383
    1292        0.000006       77.556074        5.765568
    1293        0.000006       77.564675        5.765656
    1294        0.000006       77.575213        5.765829
    1295        0.000006       77.583915        5.765934
    1296        0.000006       77.593883        5.766089
    1297        0.000006       77.602514        5.766201
    1298        0.000006       77.612376        5.766353
    1299        0.000006       77.621003        5.766458
    1300        0.000006       77.630975        5.766610
    1301        0.000006       77.639633        5.766719
    1302        0.000006       77.649815        5.766876
    1303        0.000006       77.658346        5.766978
    1304        0.000006       77.668756        5.767146
