       0        0.000100     7628.250877       83.744331
       1        0.000100     7425.759386       82.530258
       2        0.000100     7175.578386       81.000900
       3        0.000100     6890.297973       79.216980
       4        0.000100     6578.574237       77.216698
       5        0.000100     6242.476600       74.996445
       6        0.000100     5880.809230       72.527702
       7        0.000100     5492.526185       69.776993
       8        0.000100     5078.926144       66.721031
       9        0.000100     4644.312660       63.351658
      10        0.000100     4195.783556       59.684483
      11        0.000100     3742.648647       55.773819
      12        0.000100     3295.623009       51.711292
      13        0.000100     2865.898114       47.581356
      14        0.000100     2464.162594       43.505447
      15        0.000100     2099.658525       39.608223
      16        0.000100     1779.339736       36.016235
      17        0.000100     1507.243097       32.830585
      18        0.000100     1284.188148       30.098982
      19        0.000100     1107.871120       27.805241
      20        0.000100      973.381266       25.972090
      21        0.000100      874.054155       24.523384
      22        0.000100      802.486461       23.426525
      23        0.000100      751.498073       22.604893
      24        0.000100      714.842127       21.984497
      25        0.000100      687.576703       21.501289
      26        0.000100      666.108555       21.115761
      27        0.000100      648.020882       20.785295
      28        0.000100      631.798571       20.489094
      29        0.000100      616.553872       20.213833
      30        0.000100      601.798661       19.950153
      31        0.000100      587.282455       19.692926
      32        0.000100      572.888078       19.437418
      33        0.000100      558.567741       19.182404
      34        0.000100      544.309577       18.927015
      35        0.000100      530.117692       18.671062
      36        0.000100      516.004001       18.413561
      37        0.000100      501.983982       18.155243
      38        0.000100      488.075511       17.896044
      39        0.000100      474.297406       17.636003
      40        0.000100      460.668584       17.374317
      41        0.000100      447.208596       17.111643
      42        0.000100      433.937590       16.848383
      43        0.000100      420.875546       16.584734
      44        0.000100      408.042324       16.320642
      45        0.000100      395.456912       16.056057
      46        0.000100      383.137416       15.792618
      47        0.000100      371.100394       15.530039
      48        0.000100      359.361261       15.269349
      49        0.000100      347.933237       15.010573
      50        0.000100      336.827990       14.753459
      51        0.000100      326.055743       14.499237
      52        0.000100      315.624900       14.249288
      53        0.000100      305.542298       14.002870
      54        0.000100      295.812759       13.759948
      55        0.000100      286.438790       13.522170
      56        0.000100      277.420731       13.289663
      57        0.000100      268.757290       13.062187
      58        0.000100      260.445851       12.839848
      59        0.000100      252.482311       12.623564
      60        0.000100      244.860745       12.413669
      61        0.000100      237.574707       12.209372
      62        0.000100      230.616246       12.010934
      63        0.000100      223.976464       11.818749
      64        0.000100      217.645733       11.633303
      65        0.000100      211.613792       11.452877
      66        0.000100      205.869988       11.277756
      67        0.000100      200.403478       11.108957
      68        0.000100      195.203172       10.946546
      69        0.000100      190.257799       10.790052
      70        0.000100      185.555910       10.640135
      71        0.000100      181.085737       10.495590
      72        0.000100      176.835520       10.356349
      73        0.000100      172.794470       10.223357
      74        0.000100      168.951710       10.095478
      75        0.000100      165.296572        9.973810
      76        0.000100      161.819056        9.857430
      77        0.000100      158.509684        9.745561
      78        0.000100      155.358914        9.637686
      79        0.000100      152.357703        9.534307
      80        0.000100      149.497291        9.435463
      81        0.000100      146.769544        9.340562
      82        0.000100      144.166678        9.249166
      83        0.000100      141.681634        9.160460
      84        0.000100      139.307762        9.075632
      85        0.000100      137.038794        8.993805
      86        0.000100      134.868942        8.914900
      87        0.000100      132.792436        8.838881
      88        0.000100      130.803792        8.765484
      89        0.000100      128.898020        8.694550
      90        0.000100      127.070311        8.625752
      91        0.000100      125.316531        8.559134
      92        0.000100      123.632700        8.494493
      93        0.000100      122.014904        8.432036
      94        0.000100      120.459323        8.371389
      95        0.000100      118.962567        8.312485
      96        0.000100      117.521487        8.255603
      97        0.000100      116.133027        8.200428
      98        0.000100      114.794357        8.147391
      99        0.000100      113.502953        8.096166
     100        0.000100      112.256371        8.046861
     101        0.000100      111.052023        7.998737
     102        0.000100      109.887347        7.951868
     103        0.000100      108.759552        7.906494
     104        0.000100      107.665154        7.862330
     105        0.000100      106.599445        7.819348
     106        0.000100      105.556309        7.777206
     107        0.000100      104.528238        7.735124
     108        0.000100      103.514265        7.693239
     109        0.000100      102.523457        7.651789
     110        0.000100      101.559501        7.610981
     111        0.000100      100.615133        7.570657
     112        0.000100       99.676009        7.530172
     113        0.000100       98.702806        7.487576
     114        0.000100       97.636422        7.439548
     115        0.000100       96.542531        7.388139
     116        0.000100       95.568800        7.342207
     117        0.000100       94.690475        7.301658
     118        0.000100       93.878768        7.265203
     119        0.000100       93.112704        7.231246
     120        0.000100       92.382724        7.199139
     121        0.000100       91.682541        7.168518
     122        0.000100       91.009849        7.138998
     123        0.000100       90.361140        7.110290
     124        0.000100       89.732388        7.082327
     125        0.000100       89.120827        7.055106
     126        0.000100       88.525037        7.028425
     127        0.000100       87.943862        7.002247
     128        0.000100       87.376232        6.976687
     129        0.000100       86.821662        6.951674
     130        0.000100       86.279127        6.927234
     131        0.000100       85.747950        6.903302
     132        0.000100       85.227560        6.879830
     133        0.000100       84.717377        6.856771
     134        0.000100       84.217177        6.834191
     135        0.000100       83.726616        6.812094
     136        0.000100       83.245396        6.790432
     137        0.000100       82.773025        6.769173
     138        0.000100       82.309158        6.748244
     139        0.000100       81.853518        6.727561
     140        0.000100       81.405757        6.707199
     141        0.000100       80.965476        6.687110
     142        0.000100       80.531848        6.667212
     143        0.000100       80.103940        6.647555
     144        0.000100       79.679655        6.627983
     145        0.000100       79.253645        6.608500
     146        0.000100       78.808965        6.588248
     147        0.000100       78.344075        6.566575
     148        0.000100       77.919793        6.545990
     149        0.000100       77.500254        6.526531
     150        0.000100       77.095634        6.507860
     151        0.000100       76.710118        6.489920
     152        0.000100       76.327021        6.472419
     153        0.000100       75.946212        6.455200
     154        0.000100       75.568758        6.438033
     155        0.000100       75.186943        6.420610
     156        0.000100       74.796277        6.402600
     157        0.000100       74.402104        6.384161
     158        0.000100       74.030307        6.366585
     159        0.000100       73.653055        6.349782
     160        0.000100       73.273459        6.333304
     161        0.000100       72.897826        6.317101
     162        0.000100       72.517290        6.301132
     163        0.000100       72.130146        6.285039
     164        0.000100       71.742595        6.268779
     165        0.000100       71.354681        6.252337
     166        0.000100       70.961820        6.235453
     167        0.000100       70.555313        6.217644
     168        0.000100       70.134314        6.198212
     169        0.000100       69.717356        6.178532
     170        0.000100       69.292683        6.158850
     171        0.000100       68.877544        6.139933
     172        0.000100       68.470123        6.121479
     173        0.000100       68.064245        6.103240
     174        0.000100       67.653956        6.085160
     175        0.000100       67.256582        6.067362
     176        0.000100       66.874361        6.050135
     177        0.000100       66.499971        6.033296
     178        0.000100       66.124512        6.016344
     179        0.000100       65.736500        5.998805
     180        0.000100       65.324280        5.980102
     181        0.000100       64.910099        5.961656
     182        0.000100       64.534055        5.945481
     183        0.000100       64.190812        5.930715
     184        0.000100       63.868080        5.916693
     185        0.000100       63.558961        5.902985
     186        0.000100       63.260980        5.889629
     187        0.000100       62.972973        5.876540
     188        0.000100       62.694212        5.863915
     189        0.000100       62.425298        5.851721
     190        0.000100       62.163297        5.839935
     191        0.000100       61.907243        5.828349
     192        0.000100       61.656408        5.816993
     193        0.000100       61.410503        5.805808
     194        0.000100       61.169656        5.794816
     195        0.000100       60.933716        5.784072
     196        0.000100       60.703020        5.773551
     197        0.000100       60.477041        5.763177
     198        0.000100       60.254309        5.752958
     199        0.000100       60.034294        5.742786
     200        0.000100       59.816034        5.732650
     201        0.000100       59.600923        5.722847
     202        0.000100       59.387842        5.713347
     203        0.000100       59.176719        5.703852
     204        0.000100       58.965980        5.694344
     205        0.000100       58.757145        5.684870
     206        0.000100       58.551773        5.675383
     207        0.000100       58.351461        5.665998
     208        0.000100       58.156025        5.656765
     209        0.000100       57.964939        5.647780
     210        0.000100       57.777427        5.638974
     211        0.000100       57.593268        5.630417
     212        0.000100       57.412236        5.621984
     213        0.000100       57.234074        5.613740
     214        0.000100       57.058630        5.605602
     215        0.000100       56.885542        5.597570
     216        0.000100       56.714907        5.589611
     217        0.000100       56.546968        5.581716
     218        0.000100       56.381542        5.573980
     219        0.000100       56.218696        5.566349
     220        0.000100       56.058447        5.558863
     221        0.000100       55.900706        5.551513
     222        0.000100       55.745386        5.544315
     223        0.000100       55.592307        5.537321
     224        0.000100       55.441242        5.530516
     225        0.000100       55.292241        5.523795
     226        0.000100       55.145302        5.517119
     227        0.000100       55.000220        5.510497
     228        0.000100       54.857012        5.503899
     229        0.000100       54.715622        5.497382
     230        0.000100       54.575826        5.490973
     231        0.000100       54.437629        5.484622
     232        0.000100       54.301094        5.478330
     233        0.000100       54.166257        5.472068
     234        0.000100       54.033044        5.465918
     235        0.000100       53.901453        5.459828
     236        0.000100       53.771509        5.453790
     237        0.000100       53.643086        5.447823
     238        0.000100       53.516208        5.441906
     239        0.000100       53.390844        5.436094
     240        0.000100       53.266917        5.430359
     241        0.000100       53.144414        5.424669
     242        0.000100       53.023259        5.419022
     243        0.000100       52.903430        5.413458
     244        0.000100       52.784872        5.407937
     245        0.000100       52.667586        5.402497
     246        0.000100       52.551410        5.397115
     247        0.000100       52.436316        5.391790
     248        0.000100       52.322089        5.386560
     249        0.000100       52.208608        5.381375
     250        0.000100       52.095842        5.376240
     251        0.000100       51.983736        5.371175
     252        0.000100       51.871980        5.366148
     253        0.000100       51.760378        5.361190
     254        0.000100       51.648340        5.356308
     255        0.000100       51.535873        5.351444
     256        0.000100       51.422490        5.346630
     257        0.000100       51.308360        5.341905
     258        0.000100       51.193611        5.337195
     259        0.000100       51.078149        5.332490
     260        0.000100       50.963739        5.327851
     261        0.000100       50.851621        5.323309
     262        0.000100       50.741736        5.318816
     263        0.000100       50.634461        5.314353
     264        0.000100       50.529897        5.309969
     265        0.000100       50.428197        5.305703
     266        0.000100       50.329311        5.301503
     267        0.000100       50.233128        5.297396
     268        0.000100       50.139377        5.293372
     269        0.000100       50.047889        5.289416
     270        0.000100       49.958510        5.285561
     271        0.000100       49.871074        5.281772
     272        0.000100       49.785514        5.278027
     273        0.000100       49.701731        5.274333
     274        0.000100       49.619627        5.270674
     275        0.000100       49.539168        5.267068
     276        0.000100       49.460305        5.263600
     277        0.000100       49.382913        5.260225
     278        0.000100       49.306969        5.256925
     279        0.000100       49.232448        5.253645
     280        0.000100       49.159284        5.250380
     281        0.000100       49.087440        5.247181
     282        0.000100       49.016864        5.244065
     283        0.000100       48.947526        5.241012
     284        0.000100       48.879414        5.238053
     285        0.000100       48.812545        5.235155
     286        0.000100       48.746895        5.232323
     287        0.000100       48.682484        5.229556
     288        0.000100       48.619197        5.226832
     289        0.000100       48.557040        5.224153
     290        0.000100       48.495905        5.221501
     291        0.000100       48.435653        5.218911
     292        0.000100       48.376002        5.216363
     293        0.000100       48.316313        5.213791
     294        0.000100       48.255450        5.211164
     295        0.000100       48.192494        5.208407
     296        0.000100       48.130694        5.205551
     297        0.000100       48.070993        5.202623
     298        0.000100       48.017288        5.199919
     299        0.000100       47.964272        5.197427
     300        0.000100       47.913037        5.195043
     301        0.000100       47.866194        5.192924
     302        0.000100       47.808564        5.190491
     303        0.000100       47.778419        5.188829
     304        0.000100       47.704612        5.186107
     305        0.000100       47.690714        5.184779
     306        0.000100       47.608396        5.182014
     307        0.000100       47.601737        5.180865
     308        0.000100       47.520832        5.178174
     309        0.000100       47.514367        5.177077
     310        0.000100       47.439004        5.174491
     311        0.000100       47.430326        5.173413
     312        0.000100       47.360596        5.171016
     313        0.000100       47.350213        5.169936
     314        0.000100       47.284767        5.167681
     315        0.000100       47.274335        5.166685
     316        0.000100       47.211522        5.164509
     317        0.000100       47.202777        5.163579
     318        0.000100       47.141090        5.161458
     319        0.000100       47.135062        5.160680
     320        0.000100       47.073818        5.158610
     321        0.000100       47.070520        5.157929
     322        0.000100       47.010101        5.155942
     323        0.000100       47.008672        5.155426
     324        0.000100       46.950124        5.153572
     325        0.000100       46.949491        5.153091
     326        0.000100       46.893661        5.151330
     327        0.000100       46.893070        5.150869
     328        0.000100       46.840183        5.149235
     329        0.000100       46.839563        5.148808
     330        0.000100       46.789361        5.147258
     331        0.000100       46.789172        5.146836
     332        0.000100       46.740982        5.145343
     333        0.000100       46.741828        5.144958
     334        0.000100       46.694946        5.143562
     335        0.000100       46.697432        5.143267
     336        0.000100       46.651520        5.141919
     337        0.000100       46.655843        5.141669
     338        0.000100       46.610941        5.140388
     339        0.000100       46.616830        5.140213
     340        0.000100       46.573429        5.138999
     341        0.000100       46.580199        5.138846
     342        0.000100       46.539197        5.137686
     343        0.000100       46.545790        5.137514
     344        0.000100       46.508206        5.136471
     345        0.000100       46.513707        5.136351
     346        0.000100       46.479923        5.135436
     347        0.000100       46.483970        5.135314
     348        0.000100       46.454518        5.134525
     349        0.000100       46.456241        5.134360
     350        0.000100       46.431748        5.133714
     351        0.000100       46.431181        5.133541
     352        0.000100       46.411044        5.132991
     353        0.000100       46.408095        5.132792
     354        0.000100       46.393051        5.132349
     355        0.000100       46.389094        5.132147
     356        0.000100       46.376057        5.131790
     357        0.000100       46.371465        5.131598
     358        0.000100       46.364404        5.131379
     359        0.000100       46.365515        5.131284
     360        0.000100       46.352415        5.131029
     361        0.000100       46.334917        5.130646
     362        0.000100       46.358841        5.130936
     363        0.000100       46.389148        5.131498
     364        0.000100       46.313471        5.130104
     365        0.000100       46.365505        5.131221
     366        0.000100       46.331402        5.130495
     367        0.000100       46.351208        5.130981
     368        0.000100       46.332657        5.130617
     369        0.000100       46.348450        5.131012
     370        0.000100       46.330153        5.130720
     371        0.000100       46.351193        5.131266
     372        0.000100       46.332375        5.131018
     373        0.000100       46.356691        5.131681
     374        0.000100       46.342108        5.131574
     375        0.000100       46.366144        5.132258
     376        0.000100       46.358957        5.132309
     377        0.000100       46.380612        5.132943
     378        0.000100       46.381138        5.133157
     379        0.000100       46.399538        5.133699
     380        0.000100       46.404633        5.134001
     381        0.000100       46.420200        5.134468
     382        0.000100       46.424588        5.134775
     383        0.000100       46.436991        5.135201
     384        0.000100       46.435522        5.135413
     385        0.000100       46.443627        5.135792
     386        0.000100       46.436140        5.136053
     387        0.000100       46.436345        5.136577
     388        0.000100       46.425977        5.136926
     389        0.000100       46.429293        5.137570
     390        0.000100       46.431005        5.138122
     391        0.000100       46.455021        5.138985
     392        0.000100       46.488856        5.139860
     393        0.000100       46.572715        5.141841
     394        0.000100       46.648929        5.143433
     395        0.000100       46.696519        5.144117
     396        0.000100       46.690421        5.143691
     397        0.000100       46.656003        5.143336
     398        0.000100       46.629419        5.143384
     399        0.000100       46.625252        5.144187
     400        0.000100       46.641124        5.145068
     401        0.000100       46.667727        5.146162
     402        0.000100       46.697046        5.147195
     403        0.000100       46.725767        5.148245
     404        0.000100       46.749576        5.149158
     405        0.000100       46.773498        5.150120
     406        0.000100       46.792044        5.150983
     407        0.000100       46.815262        5.151989
     408        0.000100       46.832489        5.152909
     409        0.000100       46.858777        5.154020
     410        0.000100       46.876164        5.154953
     411        0.000100       46.906933        5.156138
     412        0.000100       46.923905        5.157056
     413        0.000100       46.959677        5.158316
     414        0.000100       46.974636        5.159180
     415        0.000100       47.015769        5.160543
     416        0.000100       47.026827        5.161339
     417        0.000100       47.074250        5.162836
     418        0.000100       47.079540        5.163551
     419        0.000100       47.134764        5.165187
     420        0.000100       47.132444        5.165813
     421        0.000100       47.196784        5.167575
     422        0.000100       47.186265        5.168117
     423        0.000100       47.259347        5.170078
     424        0.000100       47.242978        5.170554
     425        0.000100       47.321424        5.172622
     426        0.000100       47.304883        5.173075
     427        0.000100       47.382643        5.175163
     428        0.000100       47.374407        5.175736
     429        0.000100       47.443080        5.177695
     430        0.000100       47.453051        5.178521
     431        0.000100       47.503631        5.180177
     432        0.000100       47.540750        5.181416
     433        0.000100       47.564540        5.182608
     434        0.000100       47.632841        5.184323
     435        0.000100       47.633066        5.185132
     436        0.000100       47.709173        5.187053
     437        0.000100       47.728991        5.188146
     438        0.000100       47.741303        5.189150
     439        0.000100       47.859440        5.191771
     440        0.000100       47.766482        5.191125
     441        0.000100       47.911041        5.194564
     442        0.000100       47.850454        5.194192
     443        0.000100       47.913423        5.196428
     444        0.000100       47.941365        5.197724
     445        0.000100       47.953243        5.198900
     446        0.000100       48.023718        5.200834
     447        0.000100       48.077266        5.202373
     448        0.000100       48.140186        5.204202
     449        0.000100       48.251166        5.206653
     450        0.000100       48.333410        5.208465
     451        0.000100       48.406538        5.210257
     452        0.000100       48.433325        5.210959
     453        0.000100       48.426892        5.211851
     454        0.000100       48.402388        5.212489
     455        0.000100       48.394460        5.213703
     456        0.000100       48.413527        5.215058
     457        0.000100       48.459975        5.216951
     458        0.000100       48.525697        5.218796
     459        0.000100       48.599095        5.220861
     460        0.000100       48.668575        5.222653
     461        0.000100       48.730714        5.224520
     462        0.000100       48.780307        5.226048
     463        0.000100       48.825054        5.227727
     464        0.000100       48.859606        5.229114
     465        0.000100       48.899934        5.230831
     466        0.000100       48.930277        5.232174
     467        0.000100       48.979861        5.234052
     468        0.000100       49.008858        5.235379
     469        0.000100       49.078390        5.237506
     470        0.000100       49.099078        5.238733
     471        0.000100       49.195621        5.241121
     472        0.000100       49.199786        5.242170
     473        0.000100       49.319187        5.244792
     474        0.000100       49.310931        5.245674
     475        0.000100       49.435588        5.248362
     476        0.000100       49.423486        5.249165
     477        0.000100       49.541829        5.251821
     478        0.000100       49.523246        5.252591
     479        0.000100       49.635662        5.255214
     480        0.000100       49.611367        5.255973
     481        0.000100       49.714792        5.258561
     482        0.000100       49.694975        5.259386
     483        0.000100       49.789656        5.261946
     484        0.000100       49.782509        5.262922
     485        0.000100       49.872704        5.265451
     486        0.000100       49.892802        5.266729
     487        0.000100       49.981128        5.269205
     488        0.000100       50.034488        5.270819
     489        0.000100       50.145307        5.273369
     490        0.000100       50.222474        5.275270
     491        0.000100       50.348396        5.277968
     492        0.000100       50.408472        5.279515
     493        0.000100       50.508486        5.281754
     494        0.000100       50.482088        5.282502
     495        0.000100       50.512719        5.284145
     496        0.000100       50.441967        5.284455
     497        0.000100       50.457389        5.286133
     498        0.000100       50.463769        5.287388
     499        0.000100       50.545122        5.290004
     500        0.000100       50.642158        5.292202
     501        0.000100       50.759543        5.295014
     502        0.000100       50.848899        5.296912
     503        0.000100       50.925620        5.299195
     504        0.000100       50.970793        5.300558
     505        0.000100       51.017515        5.302532
     506        0.000100       51.044307        5.303747
     507        0.000100       51.092613        5.305820
     508        0.000100       51.122009        5.307130
     509        0.000100       51.185796        5.309408
     510        0.000100       51.219423        5.310791
     511        0.000100       51.302705        5.313274
     512        0.000100       51.332167        5.314595
     513        0.000100       51.437645        5.317285
     514        0.000100       51.450201        5.318419
     515        0.000100       51.579546        5.321301
     516        0.000100       51.565138        5.322151
     517        0.000100       51.714940        5.325220
     518        0.000100       51.672851        5.325782
     519        0.000100       51.834582        5.328986
     520        0.000100       51.770966        5.329337
     521        0.000100       51.938603        5.332630
     522        0.000100       51.860747        5.332841
     523        0.000100       52.031921        5.336210
     524        0.000100       51.950668        5.336387
     525        0.000100       52.122135        5.339793
     526        0.000100       52.050501        5.340051
     527        0.000100       52.221345        5.343477
     528        0.000100       52.170001        5.343944
     529        0.000100       52.339515        5.347347
     530        0.000100       52.317676        5.348066
     531        0.000100       52.485986        5.351397
     532        0.000100       52.486936        5.352322
     533        0.000100       52.651730        5.355508
     534        0.000100       52.652436        5.356411
     535        0.000100       52.804336        5.359491
     536        0.000100       52.764662        5.360043
     537        0.000100       52.896421        5.362844
     538        0.000100       52.808384        5.362999
     539        0.000100       52.885864        5.365332
     540        0.000100       52.798832        5.365334
     541        0.000100       52.859762        5.367670
     542        0.000100       52.837693        5.368523
     543        0.000100       52.956472        5.371653
     544        0.000100       53.044783        5.373695
     545        0.000100       53.212350        5.377051
     546        0.000100       53.323407        5.379153
     547        0.000100       53.431181        5.381765
     548        0.000100       53.472905        5.382833
     549        0.000100       53.516725        5.384778
     550        0.000100       53.522437        5.385618
     551        0.000100       53.564412        5.387650
     552        0.000100       53.577118        5.388637
     553        0.000100       53.642295        5.390988
     554        0.000100       53.664903        5.392133
     555        0.000100       53.756695        5.394789
     556        0.000100       53.776705        5.395990
     557        0.000100       53.898669        5.398908
     558        0.000100       53.897333        5.399961
     559        0.000100       54.053712        5.403121
     560        0.000100       54.016368        5.403888
     561        0.000100       54.201072        5.407190
     562        0.000100       54.132638        5.407709
     563        0.000100       54.325755        5.411045
     564        0.000100       54.242398        5.411416
     565        0.000050       54.432587        5.414747
     566        0.000050       54.262685        5.400027
     567        0.000050       54.275380        5.401059
     568        0.000050       54.294491        5.402547
     569        0.000050       54.323167        5.404065
     570        0.000050       54.359042        5.405612
     571        0.000050       54.400875        5.407143
     572        0.000050       54.443937        5.408630
     573        0.000050       54.487530        5.410071
     574        0.000050       54.529751        5.411465
     575        0.000050       54.571210        5.412822
     576        0.000050       54.611362        5.414145
     577        0.000050       54.650930        5.415438
     578        0.000050       54.689682        5.416708
     579        0.000050       54.728148        5.417958
     580        0.000050       54.766060        5.419191
     581        0.000050       54.803890        5.420408
     582        0.000050       54.841300        5.421612
     583        0.000050       54.878654        5.422809
     584        0.000050       54.915679        5.423994
     585        0.000050       54.952659        5.425169
     586        0.000050       54.989316        5.426330
     587        0.000050       55.025926        5.427482
     588        0.000050       55.062229        5.428623
     589        0.000050       55.098531        5.429755
     590        0.000050       55.134484        5.430884
     591        0.000050       55.170547        5.432012
     592        0.000050       55.206214        5.433132
     593        0.000050       55.242143        5.434249
     594        0.000050       55.277506        5.435360
     595        0.000050       55.313592        5.436469
     596        0.000050       55.348443        5.437563
     597        0.000050       55.385262        5.438673
     598        0.000050       55.418958        5.439754
     599        0.000050       55.458320        5.440882
     600        0.000050       55.487666        5.441923
     601        0.000050       55.536213        5.443119
     602        0.000050       55.546774        5.443996
     603        0.000050       55.637284        5.445529
     604        0.000050       55.568535        5.445755
     605        0.000050       55.759235        5.448080
     606        0.000050       55.627954        5.447791
     607        0.000050       55.790295        5.449958
     608        0.000050       55.728119        5.450184
     609        0.000050       55.833423        5.451807
     610        0.000050       55.815732        5.452549
     611        0.000050       55.862559        5.453621
     612        0.000050       55.895125        5.454614
     613        0.000050       55.950639        5.455894
     614        0.000050       55.939282        5.456729
     615        0.000050       55.972812        5.457489
     616        0.000050       56.052802        5.458954
     617        0.000050       56.058839        5.459975
     618        0.000050       56.062791        5.460663
     619        0.000050       56.139308        5.461945
     620        0.000050       56.163035        5.463033
     621        0.000050       56.179746        5.463943
     622        0.000050       56.224525        5.464951
     623        0.000050       56.273488        5.466140
     624        0.000050       56.287575        5.467085
     625        0.000050       56.319553        5.468014
     626        0.000050       56.368360        5.469080
     627        0.000050       56.409172        5.470258
     628        0.000050       56.406581        5.471035
     629        0.000050       56.446852        5.471910
     630        0.000050       56.510105        5.473086
     631        0.000050       56.541337        5.474337
     632        0.000050       56.489467        5.474643
     633        0.000050       56.588864        5.475821
     634        0.000050       56.622830        5.477009
     635        0.000050       56.637424        5.478055
     636        0.000050       56.611083        5.478465
     637        0.000050       56.762200        5.480256
     638        0.000050       56.701546        5.480775
     639        0.000050       56.798079        5.482155
     640        0.000050       56.791255        5.482806
     641        0.000050       56.888823        5.484335
     642        0.000050       56.868236        5.484913
     643        0.000050       56.956197        5.486239
     644        0.000050       56.958326        5.486933
     645        0.000050       57.034164        5.488272
     646        0.000050       57.011157        5.488750
     647        0.000050       57.093843        5.489996
     648        0.000050       57.076768        5.490573
     649        0.000050       57.141916        5.491835
     650        0.000050       57.084752        5.492015
     651        0.000050       57.181100        5.493351
     652        0.000050       57.132245        5.493812
     653        0.000050       57.197041        5.495151
     654        0.000050       57.140991        5.495381
     655        0.000050       57.255730        5.497039
     656        0.000050       57.223939        5.497773
     657        0.000050       57.317528        5.499321
     658        0.000050       57.359487        5.500497
     659        0.000050       57.470191        5.502351
     660        0.000050       57.525472        5.503470
     661        0.000050       57.607285        5.504373
     662        0.000050       57.626207        5.504654
     663        0.000050       57.639330        5.505241
     664        0.000050       57.620468        5.505685
     665        0.000050       57.619941        5.506378
     666        0.000050       57.618814        5.507132
     667        0.000050       57.644983        5.508140
     668        0.000050       57.668968        5.509105
     669        0.000050       57.717853        5.510251
     670        0.000050       57.747796        5.511195
     671        0.000050       57.809813        5.512371
     672        0.000050       57.827090        5.513171
     673        0.000050       57.901776        5.514396
     674        0.000050       57.896867        5.515038
     675        0.000050       57.981858        5.516289
     676        0.000050       57.960852        5.516828
     677        0.000050       58.044705        5.518061
     678        0.000050       58.021352        5.518584
     679        0.000050       58.097462        5.519790
     680        0.000050       58.077547        5.520330
     681        0.000050       58.150294        5.521546
     682        0.000050       58.130333        5.522090
     683        0.000050       58.209882        5.523376
     684        0.000050       58.181990        5.523876
     685        0.000050       58.279987        5.525320
     686        0.000050       58.233986        5.525681
     687        0.000050       58.361841        5.527368
     688        0.000050       58.289902        5.527510
     689        0.000050       58.444219        5.529401
     690        0.000050       58.364969        5.529521
     691        0.000050       58.512866        5.531343
     692        0.000050       58.456254        5.531569
     693        0.000050       58.577204        5.533147
     694        0.000050       58.542578        5.533480
     695        0.000050       58.637707        5.534825
     696        0.000050       58.615119        5.535258
     697        0.000050       58.691069        5.536499
     698        0.000050       58.665599        5.536922
     699        0.000050       58.729443        5.538043
     700        0.000050       58.702322        5.538479
     701        0.000050       58.755553        5.539603
     702        0.000050       58.717202        5.539948
     703        0.000050       58.777931        5.541169
     704        0.000050       58.755026        5.541738
     705        0.000050       58.814171        5.543126
     706        0.000050       58.805796        5.543941
     707        0.000050       58.922101        5.545974
     708        0.000050       58.951101        5.547432
     709        0.000050       59.083605        5.549385
     710        0.000050       59.155215        5.550420
     711        0.000050       59.222088        5.551022
     712        0.000050       59.226272        5.550781
     713        0.000050       59.211159        5.550965
     714        0.000050       59.189195        5.551326
     715        0.000050       59.192124        5.552152
     716        0.000050       59.205902        5.552984
     717        0.000050       59.244472        5.554164
     718        0.000050       59.275751        5.555149
     719        0.000050       59.329959        5.556484
     720        0.000050       59.353560        5.557323
     721        0.000050       59.417646        5.558619
     722        0.000050       59.421612        5.559232
     723        0.000050       59.497099        5.560534
     724        0.000050       59.484168        5.561022
     725        0.000050       59.563928        5.562312
     726        0.000050       59.547418        5.562793
     727        0.000050       59.622012        5.564051
     728        0.000050       59.609737        5.564581
     729        0.000050       59.678925        5.565837
     730        0.000050       59.669665        5.566397
     731        0.000050       59.741186        5.567695
     732        0.000050       59.727750        5.568235
     733        0.000050       59.812100        5.569636
     734        0.000050       59.783312        5.570080
     735        0.000050       59.892354        5.571658
     736        0.000050       59.834361        5.571886
     737        0.000050       59.980035        5.573721
     738        0.000050       59.887268        5.573688
     739        0.000050       60.056574        5.575655
     740        0.000050       59.961838        5.575594
     741        0.000050       60.110861        5.577388
     742        0.000050       60.045318        5.577493
     743        0.000050       60.162373        5.579057
     744        0.000050       60.119819        5.579331
     745        0.000050       60.213337        5.580670
     746        0.000050       60.185307        5.581022
     747        0.000050       60.268222        5.582315
     748        0.000050       60.236679        5.582724
     749        0.000050       60.315151        5.583933
     750        0.000050       60.289762        5.584291
     751        0.000050       60.380667        5.585825
     752        0.000050       60.323615        5.586323
     753        0.000050       60.404957        5.587496
     754        0.000050       60.412657        5.587735
     755        0.000050       60.525661        5.590208
     756        0.000050       60.430952        5.590599
     757        0.000050       60.570240        5.591643
     758        0.000050       60.610828        5.593050
     759        0.000050       60.657547        5.594311
     760        0.000050       60.701107        5.594905
     761        0.000050       60.754704        5.595806
     762        0.000050       60.772006        5.596278
     763        0.000050       60.805651        5.596853
     764        0.000050       60.810412        5.597275
     765        0.000050       60.827574        5.598007
     766        0.000025       60.824879        5.598630
     767        0.000025       60.830453        5.601165
     768        0.000025       60.842370        5.602012
     769        0.000025       60.867631        5.602818
     770        0.000025       60.894173        5.603570
     771        0.000025       60.920090        5.604267
     772        0.000025       60.944373        5.604935
     773        0.000025       60.967570        5.605584
     774        0.000025       60.989939        5.606216
     775        0.000025       61.011890        5.606834
     776        0.000025       61.033496        5.607438
     777        0.000025       61.054900        5.608033
     778        0.000025       61.076058        5.608623
     779        0.000025       61.097068        5.609210
     780        0.000025       61.117869        5.609783
     781        0.000025       61.138539        5.610359
     782        0.000025       61.159030        5.610927
     783        0.000025       61.179384        5.611494
     784        0.000025       61.199603        5.612059
     785        0.000025       61.219691        5.612615
     786        0.000025       61.239699        5.613171
     787        0.000025       61.259588        5.613716
     788        0.000025       61.279421        5.614264
     789        0.000025       61.299148        5.614806
     790        0.000025       61.318827        5.615343
     791        0.000025       61.338439        5.615880
     792        0.000025       61.358014        5.616414
     793        0.000025       61.377528        5.616944
     794        0.000025       61.397012        5.617478
     795        0.000025       61.416459        5.618004
     796        0.000025       61.435880        5.618529
     797        0.000025       61.455263        5.619050
     798        0.000025       61.474672        5.619570
     799        0.000025       61.493988        5.620087
     800        0.000025       61.513442        5.620605
     801        0.000025       61.532625        5.621118
     802        0.000025       61.552288        5.621634
     803        0.000025       61.571063        5.622141
     804        0.000025       61.591596        5.622665
     805        0.000025       61.608498        5.623158
     806        0.000025       61.633431        5.623717
     807        0.000025       61.640026        5.624126
     808        0.000025       61.689740        5.624876
     809        0.000025       61.647440        5.624951
     810        0.000025       61.751389        5.626025
     811        0.000025       61.690709        5.626019
     812        0.000025       61.765044        5.626982
     813        0.000025       61.739161        5.627070
     814        0.000025       61.793900        5.627825
     815        0.000025       61.790251        5.628237
     816        0.000025       61.809327        5.628805
     817        0.000025       61.823949        5.629097
     818        0.000025       61.867254        5.629714
     819        0.000025       61.863493        5.630358
     820        0.000025       61.867532        5.630684
     821        0.000025       61.909885        5.631115
     822        0.000025       61.929171        5.631786
     823        0.000025       61.924637        5.632216
     824        0.000025       61.956793        5.632672
     825        0.000025       61.977031        5.633235
     826        0.000025       61.988650        5.633836
     827        0.000025       62.001447        5.634300
     828        0.000025       62.034018        5.634883
     829        0.000025       62.043534        5.635455
     830        0.000025       62.062883        5.636063
     831        0.000025       62.069647        5.636438
     832        0.000025       62.125491        5.637179
     833        0.000025       62.100748        5.637617
     834        0.000025       62.154662        5.638388
     835        0.000025       62.124018        5.638452
     836        0.000025       62.215793        5.639425
     837        0.000025       62.175782        5.639830
     838        0.000025       62.209345        5.640360
     839        0.000025       62.224211        5.640703
     840        0.000025       62.258890        5.641464
     841        0.000025       62.245600        5.641879
     842        0.000025       62.276532        5.642354
     843        0.000025       62.296551        5.642905
     844        0.000025       62.310112        5.643560
     845        0.000025       62.312157        5.643991
     846        0.000025       62.347914        5.644535
     847        0.000025       62.364723        5.645178
     848        0.000025       62.376312        5.645842
     849        0.000025       62.382550        5.646234
     850        0.000025       62.439075        5.646920
     851        0.000025       62.439443        5.647568
     852        0.000025       62.465067        5.648237
     853        0.000025       62.463327        5.648454
     854        0.000025       62.549432        5.649337
     855        0.000025       62.507751        5.649672
     856        0.000025       62.558333        5.650205
     857        0.000025       62.556299        5.650492
     858        0.000025       62.590952        5.651097
     859        0.000025       62.575592        5.651379
     860        0.000025       62.606318        5.651876
     861        0.000025       62.604136        5.652300
     862        0.000025       62.620777        5.652884
     863        0.000025       62.619528        5.653353
     864        0.000025       62.647792        5.654029
     865        0.000025       62.650361        5.654639
     866        0.000025       62.681669        5.655403
     867        0.000025       62.693809        5.656058
     868        0.000025       62.748679        5.656986
     869        0.000025       62.754592        5.657596
     870        0.000025       62.831268        5.658505
     871        0.000025       62.833151        5.658855
     872        0.000025       62.898670        5.659442
     873        0.000025       62.882783        5.659475
     874        0.000025       62.911048        5.659747
     875        0.000025       62.882562        5.659825
     876        0.000025       62.889663        5.660223
     877        0.000025       62.880171        5.660712
     878        0.000025       62.896210        5.661388
     879        0.000025       62.911172        5.662100
     880        0.000025       62.940817        5.662837
     881        0.000025       62.966178        5.663543
     882        0.000025       62.998965        5.664211
     883        0.000025       63.021503        5.664797
     884        0.000025       63.051849        5.665370
     885        0.000025       63.065297        5.665836
     886        0.000025       63.096298        5.666386
     887        0.000025       63.094746        5.666732
     888        0.000025       63.138725        5.667370
     889        0.000025       63.111557        5.667584
     890        0.000025       63.177306        5.668361
     891        0.000025       63.137349        5.668574
     892        0.000025       63.198621        5.669333
     893        0.000025       63.177603        5.669684
     894        0.000025       63.221339        5.670395
     895        0.000025       63.219331        5.670849
     896        0.000025       63.255454        5.671542
     897        0.000025       63.260561        5.672050
     898        0.000025       63.297695        5.672732
     899        0.000025       63.305801        5.673255
     900        0.000025       63.344267        5.673922
     901        0.000025       63.351690        5.674393
     902        0.000025       63.396134        5.675052
     903        0.000025       63.391402        5.675426
     904        0.000025       63.447544        5.676122
     905        0.000025       63.418247        5.676282
     906        0.000025       63.499832        5.677106
     907        0.000025       63.438884        5.677108
     908        0.000025       63.518468        5.677866
     909        0.000025       63.473559        5.677964
     910        0.000025       63.523369        5.678693
     911        0.000025       63.492780        5.678973
     912        0.000025       63.527626        5.679618
     913        0.000025       63.524690        5.680181
     914        0.000025       63.548465        5.680947
     915        0.000025       63.560202        5.681610
     916        0.000025       63.607011        5.682471
     917        0.000025       63.634875        5.683311
     918        0.000025       63.686996        5.684085
     919        0.000025       63.730739        5.684709
     920        0.000025       63.764206        5.685054
     921        0.000025       63.776962        5.685199
     922        0.000025       63.775429        5.685265
     923        0.000025       63.764727        5.685458
     924        0.000025       63.761125        5.685825
     925        0.000025       63.764164        5.686398
     926        0.000025       63.780469        5.687043
     927        0.000025       63.800497        5.687745
     928        0.000025       63.829793        5.688418
     929        0.000025       63.851593        5.689029
     930        0.000025       63.887202        5.689709
     931        0.000025       63.892133        5.690137
     932        0.000025       63.946809        5.690884
     933        0.000025       63.921183        5.691148
     934        0.000025       63.986052        5.691854
     935        0.000025       63.967105        5.692182
     936        0.000025       64.008916        5.692759
     937        0.000025       64.009197        5.693177
     938        0.000025       64.032883        5.693706
     939        0.000025       64.042558        5.694206
     940        0.000025       64.062966        5.694750
     941        0.000025       64.076333        5.695296
     942        0.000025       64.099440        5.695843
     943        0.000025       64.115686        5.696409
     944        0.000025       64.137786        5.696958
     945        0.000025       64.156582        5.697548
     946        0.000025       64.178881        5.698113
     947        0.000025       64.200711        5.698720
     948        0.000025       64.222968        5.699252
     949        0.000025       64.252597        5.699871
     950        0.000025       64.265562        5.700328
     951        0.000025       64.306801        5.701006
     952        0.000025       64.289802        5.701229
     953        0.000025       64.379337        5.702164
     954        0.000025       64.303050        5.702060
     955        0.000025       64.411702        5.703080
     956        0.000025       64.346933        5.702931
     957        0.000025       64.421921        5.703763
     958        0.000025       64.386420        5.704012
     959        0.000025       64.411307        5.704585
     960        0.000025       64.413639        5.704916
     961        0.000025       64.441919        5.705735
     962        0.000025       64.433620        5.706311
     963        0.000025       64.464703        5.706976
     964        0.000025       64.501930        5.707782
     965        0.000025       64.524612        5.708649
     966        0.000025       64.568559        5.709362
     967        0.000013       64.616073        5.710114
     968        0.000013       64.520104        5.703243
     969        0.000013       64.497183        5.703350
     970        0.000013       64.492672        5.703733
     971        0.000013       64.499450        5.704011
     972        0.000013       64.509034        5.704217
     973        0.000013       64.518458        5.704388
     974        0.000013       64.527041        5.704540
     975        0.000013       64.535013        5.704688
     976        0.000013       64.542603        5.704832
     977        0.000013       64.550026        5.704977
     978        0.000013       64.557363        5.705130
     979        0.000013       64.564680        5.705280
     980        0.000013       64.572025        5.705437
     981        0.000013       64.579382        5.705597
     982        0.000013       64.586794        5.705760
     983        0.000013       64.594260        5.705926
     984        0.000013       64.601782        5.706100
     985        0.000013       64.609377        5.706276
     986        0.000013       64.617020        5.706455
     987        0.000013       64.624759        5.706641
     988        0.000013       64.632549        5.706828
     989        0.000013       64.640405        5.707022
     990        0.000013       64.648353        5.707213
     991        0.000013       64.656354        5.707411
     992        0.000013       64.664440        5.707610
     993        0.000013       64.672607        5.707810
     994        0.000013       64.680818        5.708012
     995        0.000013       64.689107        5.708217
     996        0.000013       64.697482        5.708422
     997        0.000013       64.705920        5.708632
     998        0.000013       64.714461        5.708844
     999        0.000013       64.723057        5.709056
    1000        0.000013       64.731729        5.709271
    1001        0.000013       64.740430        5.709486
    1002        0.000013       64.749245        5.709706
    1003        0.000013       64.758129        5.709925
    1004        0.000013       64.767101        5.710147
    1005        0.000013       64.776136        5.710371
    1006        0.000013       64.785255        5.710592
    1007        0.000013       64.794390        5.710820
    1008        0.000013       64.803763        5.711051
    1009        0.000013       64.812793        5.711277
    1010        0.000013       64.822833        5.711512
    1011        0.000013       64.830830        5.711728
    1012        0.000013       64.843990        5.711994
    1013        0.000013       64.844649        5.712149
    1014        0.000013       64.874635        5.712537
    1015        0.000013       64.851075        5.712555
    1016        0.000013       64.896514        5.713007
    1017        0.000013       64.878222        5.713058
    1018        0.000013       64.904569        5.713429
    1019        0.000013       64.901907        5.713581
    1020        0.000013       64.920602        5.713845
    1021        0.000013       64.926426        5.714079
    1022        0.000013       64.930274        5.714313
    1023        0.000013       64.946268        5.714578
    1024        0.000013       64.958985        5.714750
    1025        0.000013       64.962125        5.715073
    1026        0.000013       64.964780        5.715272
    1027        0.000013       64.990368        5.715515
    1028        0.000013       64.994581        5.715759
    1029        0.000013       64.997423        5.716020
    1030        0.000013       65.015258        5.716252
    1031        0.000013       65.025452        5.716497
    1032        0.000013       65.030502        5.716756
    1033        0.000013       65.042583        5.716995
    1034        0.000013       65.056651        5.717237
    1035        0.000013       65.061776        5.717486
    1036        0.000013       65.071911        5.717749
    1037        0.000013       65.082739        5.717959
    1038        0.000013       65.100792        5.718268
    1039        0.000013       65.089839        5.718430
    1040        0.000013       65.124136        5.718811
    1041        0.000013       65.110250        5.718876
    1042        0.000013       65.148568        5.719336
    1043        0.000013       65.127043        5.719456
    1044        0.000013       65.158310        5.719770
    1045        0.000013       65.164816        5.719991
    1046        0.000013       65.172945        5.720307
    1047        0.000013       65.180108        5.720541
    1048        0.000013       65.200777        5.720770
    1049        0.000013       65.207537        5.721060
    1050        0.000013       65.212426        5.721287
    1051        0.000013       65.227968        5.721505
    1052        0.000013       65.237876        5.721744
    1053        0.000013       65.239913        5.721992
    1054        0.000013       65.248792        5.722204
    1055        0.000013       65.262647        5.722446
    1056        0.000013       65.266253        5.722718
    1057        0.000013       65.270662        5.722987
    1058        0.000013       65.287628        5.723238
    1059        0.000013       65.302400        5.723562
    1060        0.000013       65.307068        5.723891
    1061        0.000013       65.323550        5.724177
    1062        0.000013       65.354753        5.724519
    1063        0.000013       65.355490        5.724775
    1064        0.000013       65.385602        5.725110
    1065        0.000013       65.379361        5.725174
    1066        0.000013       65.411564        5.725470
    1067        0.000013       65.391986        5.725528
    1068        0.000013       65.407427        5.725719
    1069        0.000013       65.398985        5.725865
    1070        0.000013       65.401550        5.726095
    1071        0.000013       65.405489        5.726371
    1072        0.000013       65.414901        5.726713
    1073        0.000013       65.430593        5.727104
    1074        0.000013       65.450368        5.727496
    1075        0.000013       65.473722        5.727883
    1076        0.000013       65.495454        5.728204
    1077        0.000013       65.514558        5.728478
    1078        0.000013       65.526679        5.728667
    1079        0.000013       65.534317        5.728835
    1080        0.000013       65.536296        5.728968
    1081        0.000013       65.538750        5.729148
    1082        0.000013       65.539947        5.729330
    1083        0.000013       65.546269        5.729592
    1084        0.000013       65.552118        5.729839
    1085        0.000013       65.565383        5.730173
    1086        0.000013       65.573872        5.730447
    1087        0.000013       65.596603        5.730849
    1088        0.000013       65.597331        5.731057
    1089        0.000013       65.635948        5.731509
    1090        0.000013       65.624512        5.731647
    1091        0.000013       65.660862        5.732020
    1092        0.000013       65.657045        5.732183
    1093        0.000013       65.676203        5.732460
    1094        0.000013       65.679127        5.732625
    1095        0.000013       65.689008        5.732868
    1096        0.000013       65.692637        5.733054
    1097        0.000013       65.701092        5.733297
    1098        0.000013       65.705470        5.733518
    1099        0.000013       65.714745        5.733795
    1100        0.000013       65.722923        5.734062
    1101        0.000013       65.734651        5.734381
    1102        0.000013       65.746969        5.734690
    1103        0.000013       65.762981        5.735035
    1104        0.000013       65.779990        5.735364
    1105        0.000013       65.797980        5.735707
    1106        0.000013       65.819166        5.736023
    1107        0.000013       65.833734        5.736291
    1108        0.000013       65.854747        5.736560
    1109        0.000013       65.853661        5.736662
    1110        0.000013       65.879376        5.736917
    1111        0.000013       65.851870        5.736881
    1112        0.000013       65.879514        5.737151
    1113        0.000013       65.856203        5.737245
    1114        0.000013       65.868221        5.737534
    1115        0.000013       65.870604        5.737844
    1116        0.000013       65.885437        5.738239
    1117        0.000013       65.904514        5.738653
    1118        0.000013       65.926147        5.739045
    1119        0.000013       65.949370        5.739412
    1120        0.000013       65.968065        5.739697
    1121        0.000013       65.983729        5.739947
    1122        0.000013       65.992793        5.740127
    1123        0.000013       65.999667        5.740308
    1124        0.000013       66.002972        5.740465
    1125        0.000013       66.007844        5.740672
    1126        0.000013       66.012047        5.740880
    1127        0.000013       66.020014        5.741149
    1128        0.000013       66.027689        5.741413
    1129        0.000013       66.040351        5.741731
    1130        0.000013       66.050303        5.742014
    1131        0.000013       66.069059        5.742367
    1132        0.000013       66.074738        5.742604
    1133        0.000013       66.106794        5.743031
    1134        0.000013       66.094250        5.743171
    1135        0.000013       66.138069        5.743598
    1136        0.000013       66.126397        5.743751
    1137        0.000013       66.153391        5.744063
    1138        0.000013       66.154114        5.744208
    1139        0.000013       66.168930        5.744483
    1140        0.000013       66.169898        5.744638
    1141        0.000013       66.183384        5.744903
    1142        0.000013       66.183682        5.745109
    1143        0.000013       66.194116        5.745372
    1144        0.000013       66.200125        5.745590
    1145        0.000013       66.212339        5.745899
    1146        0.000013       66.217508        5.746162
    1147        0.000013       66.235360        5.746504
    1148        0.000013       66.246732        5.746838
    1149        0.000013       66.265576        5.747255
    1150        0.000013       66.276668        5.747536
    1151        0.000013       66.313321        5.747950
    1152        0.000013       66.316108        5.748181
    1153        0.000013       66.351205        5.748547
    1154        0.000013       66.344325        5.748572
    1155        0.000013       66.375333        5.748873
    1156        0.000013       66.351878        5.748829
    1157        0.000013       66.365999        5.749003
    1158        0.000013       66.351874        5.749088
    1159        0.000013       66.356715        5.749353
    1160        0.000013       66.360952        5.749662
    1161        0.000013       66.374994        5.750069
    1162        0.000013       66.392729        5.750478
    1163        0.000013       66.414420        5.750890
    1164        0.000013       66.434955        5.751225
    1165        0.000013       66.454069        5.751525
    1166        0.000013       66.468324        5.751763
    1167        0.000013       66.479846        5.752003
    1168        0.000006       66.487682        5.752205
    1169        0.000006       66.521775        5.750408
    1170        0.000006       66.505233        5.750567
    1171        0.000006       66.506328        5.750640
    1172        0.000006       66.507658        5.750706
    1173        0.000006       66.508617        5.750785
    1174        0.000006       66.509318        5.750871
    1175        0.000006       66.510240        5.750958
    1176        0.000006       66.511515        5.751050
    1177        0.000006       66.513160        5.751142
    1178        0.000006       66.515163        5.751239
    1179        0.000006       66.517478        5.751333
    1180        0.000006       66.520061        5.751431
    1181        0.000006       66.522908        5.751532
    1182        0.000006       66.525978        5.751632
    1183        0.000006       66.529247        5.751733
    1184        0.000006       66.532679        5.751835
    1185        0.000006       66.536278        5.751941
    1186        0.000006       66.540004        5.752045
    1187        0.000006       66.543858        5.752152
    1188        0.000006       66.547833        5.752259
    1189        0.000006       66.551905        5.752371
    1190        0.000006       66.556080        5.752480
    1191        0.000006       66.560349        5.752588
    1192        0.000006       66.564704        5.752702
    1193        0.000006       66.569137        5.752811
    1194        0.000006       66.573658        5.752927
    1195        0.000006       66.578227        5.753041
    1196        0.000006       66.582878        5.753158
    1197        0.000006       66.587584        5.753274
    1198        0.000006       66.592370        5.753391
    1199        0.000006       66.597196        5.753508
    1200        0.000006       66.602092        5.753626
    1201        0.000006       66.607011        5.753744
    1202        0.000006       66.612039        5.753865
    1203        0.000006       66.617059        5.753983
    1204        0.000006       66.622215        5.754106
    1205        0.000006       66.627300        5.754225
    1206        0.000006       66.632635        5.754348
    1207        0.000006       66.637680        5.754467
    1208        0.000006       66.643406        5.754591
    1209        0.000006       66.647990        5.754711
    1210        0.000006       66.655018        5.754844
    1211        0.000006       66.657372        5.754947
    1212        0.000006       66.668683        5.755109
    1213        0.000006       66.665509        5.755181
    1214        0.000006       66.681592        5.755364
    1215        0.000006       66.676782        5.755432
    1216        0.000006       66.691115        5.755608
    1217        0.000006       66.689358        5.755690
    1218        0.000006       66.700642        5.755850
    1219        0.000006       66.701284        5.755946
    1220        0.000006       66.711064        5.756097
    1221        0.000006       66.712922        5.756200
    1222        0.000006       66.721961        5.756348
    1223        0.000006       66.724702        5.756459
    1224        0.000006       66.733330        5.756605
    1225        0.000006       66.736316        5.756716
    1226        0.000006       66.745086        5.756861
    1227        0.000006       66.748171        5.756972
    1228        0.000006       66.756823        5.757118
    1229        0.000006       66.759556        5.757227
    1230        0.000006       66.769286        5.757377
    1231        0.000006       66.771543        5.757482
    1232        0.000006       66.780439        5.757635
    1233        0.000006       66.781173        5.757742
    1234        0.000006       66.795108        5.757890
    1235        0.000006       66.796386        5.757991
    1236        0.000006       66.800671        5.758161
    1237        0.000006       66.801888        5.758262
    1238        0.000006       66.823036        5.758412
    1239        0.000006       66.818988        5.758540
    1240        0.000006       66.828890        5.758682
    1241        0.000006       66.833295        5.758790
    1242        0.000006       66.841199        5.758933
    1243        0.000006       66.843728        5.759045
    1244        0.000006       66.852480        5.759181
    1245        0.000006       66.855367        5.759294
    1246        0.000006       66.862539        5.759432
    1247        0.000006       66.866168        5.759546
    1248        0.000006       66.874350        5.759691
    1249        0.000006       66.877520        5.759813
    1250        0.000006       66.886191        5.759967
    1251        0.000006       66.890615        5.760090
    1252        0.000006       66.901673        5.760258
    1253        0.000006       66.903505        5.760379
    1254        0.000006       66.916936        5.760556
    1255        0.000006       66.919967        5.760644
    1256        0.000006       66.936815        5.760844
    1257        0.000006       66.930596        5.760925
    1258        0.000006       66.946769        5.761058
    1259        0.000006       66.948281        5.761118
    1260        0.000006       66.952788        5.761264
    1261        0.000006       66.948162        5.761311
    1262        0.000006       66.956456        5.761425
    1263        0.000006       66.954172        5.761551
    1264        0.000006       66.959785        5.761712
    1265        0.000006       66.966294        5.761879
    1266        0.000006       66.976645        5.762089
    1267        0.000006       66.988324        5.762287
    1268        0.000006       67.002750        5.762488
    1269        0.000006       67.014760        5.762643
    1270        0.000006       67.025222        5.762768
    1271        0.000006       67.030283        5.762842
    1272        0.000006       67.032948        5.762909
    1273        0.000006       67.031637        5.762964
    1274        0.000006       67.032872        5.763064
    1275        0.000006       67.032185        5.763154
    1276        0.000006       67.038997        5.763322
    1277        0.000006       67.041079        5.763453
    1278        0.000006       67.053529        5.763649
    1279        0.000006       67.058166        5.763803
    1280        0.000006       67.071299        5.763983
    1281        0.000006       67.078111        5.764132
    1282        0.000006       67.088411        5.764281
    1283        0.000006       67.095126        5.764409
    1284        0.000006       67.102165        5.764530
    1285        0.000006       67.107259        5.764642
    1286        0.000006       67.112168        5.764756
    1287        0.000006       67.115977        5.764861
    1288        0.000006       67.120302        5.764978
    1289        0.000006       67.124262        5.765096
    1290        0.000006       67.129358        5.765230
    1291        0.000006       67.134582        5.765367
    1292        0.000006       67.141311        5.765519
    1293        0.000006       67.148215        5.765673
    1294        0.000006       67.156984        5.765840
    1295        0.000006       67.165070        5.766001
    1296        0.000006       67.176252        5.766179
    1297        0.000006       67.183041        5.766321
    1298        0.000006       67.198362        5.766509
    1299        0.000006       67.196569        5.766577
    1300        0.000006       67.216874        5.766755
    1301        0.000006       67.210554        5.766801
    1302        0.000006       67.221686        5.766920
    1303        0.000006       67.218667        5.766968
    1304        0.000006       67.221770        5.767074
    1305        0.000006       67.220624        5.767154
    1306        0.000006       67.224343        5.767294
    1307        0.000006       67.227614        5.767447
    1308        0.000006       67.235630        5.767641
    1309        0.000006       67.245568        5.767850
    1310        0.000006       67.258511        5.768068
    1311        0.000006       67.272170        5.768268
    1312        0.000006       67.285338        5.768442
    1313        0.000006       67.295331        5.768565
    1314        0.000006       67.301989        5.768659
    1315        0.000006       67.304651        5.768719
    1316        0.000006       67.305637        5.768788
    1317        0.000006       67.305769        5.768865
    1318        0.000006       67.307760        5.768978
    1319        0.000006       67.310690        5.769101
    1320        0.000006       67.317115        5.769262
    1321        0.000006       67.322512        5.769403
    1322        0.000006       67.334087        5.769604
    1323        0.000006       67.337174        5.769731
    1324        0.000006       67.354233        5.769938
    1325        0.000006       67.355494        5.770062
    1326        0.000006       67.369270        5.770219
    1327        0.000006       67.373640        5.770343
    1328        0.000006       67.381514        5.770472
    1329        0.000006       67.386792        5.770581
    1330        0.000006       67.392100        5.770703
    1331        0.000006       67.396204        5.770806
    1332        0.000006       67.401245        5.770923
    1333        0.000006       67.405108        5.771039
    1334        0.000006       67.410216        5.771166
    1335        0.000006       67.415317        5.771298
    1336        0.000006       67.421466        5.771445
    1337        0.000006       67.427641        5.771590
    1338        0.000006       67.435672        5.771754
    1339        0.000006       67.443434        5.771917
    1340        0.000006       67.452732        5.772093
    1341        0.000006       67.461632        5.772253
    1342        0.000006       67.473407        5.772434
    1343        0.000006       67.480559        5.772575
    1344        0.000006       67.494299        5.772750
    1345        0.000006       67.495295        5.772812
    1346        0.000006       67.513595        5.772985
    1347        0.000006       67.504103        5.772997
    1348        0.000006       67.516634        5.773096
    1349        0.000006       67.510998        5.773147
    1350        0.000006       67.512147        5.773233
    1351        0.000006       67.511854        5.773332
    1352        0.000006       67.515645        5.773498
    1353        0.000006       67.521511        5.773686
    1354        0.000006       67.532259        5.773914
    1355        0.000006       67.544636        5.774130
    1356        0.000006       67.558705        5.774342
    1357        0.000006       67.571069        5.774511
    1358        0.000006       67.581412        5.774650
    1359        0.000006       67.588046        5.774748
    1360        0.000006       67.592546        5.774837
    1361        0.000006       67.594826        5.774914
    1362        0.000006       67.597445        5.775011
    1363        0.000006       67.599677        5.775107
    1364        0.000006       67.604283        5.775240
