       0        0.000100     7532.070885       83.180420
       1        0.000100     7241.337530       81.396805
       2        0.000100     6910.165518       79.310753
       3        0.000100     6525.224311       76.810448
       4        0.000100     6084.914622       73.842094
       5        0.000100     5587.839424       70.335815
       6        0.000100     5039.806617       66.250862
       7        0.000100     4454.573959       61.608074
       8        0.000100     3852.431424       56.477146
       9        0.000100     3258.838553       51.038883
      10        0.000100     2701.048530       45.555962
      11        0.000100     2203.933646       40.352837
      12        0.000100     1785.901925       35.673588
      13        0.000100     1455.786024       31.809452
      14        0.000100     1211.741354       28.815645
      15        0.000100     1042.698338       26.642044
      16        0.000100      932.005759       25.125662
      17        0.000100      861.903844       24.100012
      18        0.000100      817.128989       23.400007
      19        0.000100      786.608500       22.917671
      20        0.000100      763.383150       22.542624
      21        0.000100      743.572930       22.219328
      22        0.000100      725.215146       21.920973
      23        0.000100      707.393374       21.634823
      24        0.000100      689.706067       21.352112
      25        0.000100      671.985957       21.068129
      26        0.000100      654.169392       20.780933
      27        0.000100      636.239840       20.489483
      28        0.000100      618.203458       20.192062
      29        0.000100      600.077261       19.888603
      30        0.000100      581.885234       19.579344
      31        0.000100      563.655382       19.263906
      32        0.000100      545.418458       18.942135
      33        0.000100      527.206800       18.614769
      34        0.000100      509.055153       18.283154
      35        0.000100      490.999920       17.947006
      36        0.000100      473.078113       17.606182
      37        0.000100      455.329724       17.261492
      38        0.000100      437.797068       16.913128
      39        0.000100      420.526253       16.561941
      40        0.000100      403.565510       16.208935
      41        0.000100      386.965344       15.855872
      42        0.000100      370.774480       15.503033
      43        0.000100      355.038184       15.151786
      44        0.000100      339.798532       14.803576
      45        0.000100      325.093502       14.459531
      46        0.000100      310.955803       14.120862
      47        0.000100      297.412681       13.787428
      48        0.000100      284.485189       13.459948
      49        0.000100      272.188703       13.140299
      50        0.000100      260.532784       12.829395
      51        0.000100      249.521052       12.529753
      52        0.000100      239.150944       12.241405
      53        0.000100      229.414424       11.965020
      54        0.000100      220.298211       11.699469
      55        0.000100      211.783870       11.445478
      56        0.000100      203.849540       11.203248
      57        0.000100      196.470647       10.972595
      58        0.000100      189.620478       10.752223
      59        0.000100      183.270302       10.541642
      60        0.000100      177.390382       10.342410
      61        0.000100      171.950578       10.153917
      62        0.000100      166.920478        9.976189
      63        0.000100      162.270077        9.809749
      64        0.000100      157.970149        9.652855
      65        0.000100      153.992398        9.505098
      66        0.000100      150.309845        9.365797
      67        0.000100      146.896897        9.234584
      68        0.000100      143.729315        9.111542
      69        0.000100      140.784654        8.996320
      70        0.000100      138.042134        8.888068
      71        0.000100      135.482624        8.786958
      72        0.000100      133.088544        8.692088
      73        0.000100      130.843867        8.602344
      74        0.000100      128.734071        8.517598
      75        0.000100      126.745880        8.437178
      76        0.000100      124.867371        8.361201
      77        0.000100      123.087987        8.288769
      78        0.000100      121.398213        8.220510
      79        0.000100      119.789573        8.155698
      80        0.000100      118.254566        8.093205
      81        0.000100      116.786513        8.033415
      82        0.000100      115.379489        7.975966
      83        0.000100      114.028370        7.920560
      84        0.000100      112.728505        7.867034
      85        0.000100      111.475791        7.815612
      86        0.000100      110.266579        7.765782
      87        0.000100      109.097651        7.717238
      88        0.000100      107.966057        7.670147
      89        0.000100      106.869193        7.624595
      90        0.000100      105.804675        7.580592
      91        0.000100      104.770351        7.537971
      92        0.000100      103.764225        7.496580
      93        0.000100      102.784459        7.455995
      94        0.000100      101.829410        7.416054
      95        0.000100      100.897404        7.376568
      96        0.000100       99.986767        7.337833
      97        0.000100       99.095729        7.299854
      98        0.000100       98.222191        7.262356
      99        0.000100       97.363290        7.225302
     100        0.000100       96.514249        7.188495
     101        0.000100       95.665810        7.151556
     102        0.000100       94.799659        7.113836
     103        0.000100       93.884180        7.073503
     104        0.000100       92.897557        7.029173
     105        0.000100       91.907822        6.984093
     106        0.000100       91.011087        6.943669
     107        0.000100       90.188442        6.907338
     108        0.000100       89.409573        6.873457
     109        0.000100       88.659547        6.841191
     110        0.000100       87.928500        6.810171
     111        0.000100       87.207823        6.779793
     112        0.000100       86.485821        6.749391
     113        0.000100       85.743100        6.718261
     114        0.000100       84.968084        6.685745
     115        0.000100       84.183807        6.653120
     116        0.000100       83.430222        6.621751
     117        0.000100       82.730656        6.592486
     118        0.000100       82.079514        6.564998
     119        0.000100       81.459167        6.538792
     120        0.000100       80.859356        6.513443
     121        0.000100       80.276586        6.488736
     122        0.000100       79.709025        6.464664
     123        0.000100       79.154248        6.441312
     124        0.000100       78.610553        6.418489
     125        0.000100       78.077242        6.396303
     126        0.000100       77.553720        6.374557
     127        0.000100       77.039737        6.353294
     128        0.000100       76.535131        6.332473
     129        0.000100       76.039683        6.312022
     130        0.000100       75.553301        6.291837
     131        0.000100       75.075852        6.272022
     132        0.000100       74.606717        6.252502
     133        0.000100       74.145365        6.233397
     134        0.000100       73.691227        6.214713
     135        0.000100       73.243890        6.196206
     136        0.000100       72.803566        6.177843
     137        0.000100       72.369595        6.159604
     138        0.000100       71.930314        6.141549
     139        0.000100       71.478875        6.122463
     140        0.000100       71.040006        6.103710
     141        0.000100       70.618147        6.085625
     142        0.000100       70.193403        6.066823
     143        0.000100       69.740377        6.046138
     144        0.000100       69.282896        6.026595
     145        0.000100       68.848804        6.009371
     146        0.000100       68.435530        5.993289
     147        0.000100       68.042047        5.978214
     148        0.000100       67.666440        5.964092
     149        0.000100       67.305092        5.950669
     150        0.000100       66.952504        5.937487
     151        0.000100       66.606399        5.924609
     152        0.000100       66.267782        5.911938
     153        0.000100       65.938524        5.899573
     154        0.000100       65.619134        5.887625
     155        0.000100       65.308292        5.875900
     156        0.000100       65.005446        5.864373
     157        0.000100       64.710950        5.853194
     158        0.000100       64.427301        5.842521
     159        0.000100       64.150195        5.832132
     160        0.000100       63.874872        5.821602
     161        0.000100       63.596326        5.810668
     162        0.000100       63.317587        5.799529
     163        0.000100       63.043615        5.788511
     164        0.000100       62.776407        5.777743
     165        0.000100       62.516104        5.767271
     166        0.000100       62.262707        5.757017
     167        0.000100       62.016352        5.747164
     168        0.000100       61.772515        5.737525
     169        0.000100       61.530203        5.728039
     170        0.000100       61.289389        5.718443
     171        0.000100       61.055729        5.709017
     172        0.000100       60.829229        5.699820
     173        0.000100       60.609160        5.691039
     174        0.000100       60.395825        5.682766
     175        0.000100       60.188557        5.674875
     176        0.000100       59.986788        5.667255
     177        0.000100       59.789746        5.659812
     178        0.000100       59.596831        5.652486
     179        0.000100       59.405830        5.645209
     180        0.000100       59.215966        5.637877
     181        0.000100       59.028935        5.630700
     182        0.000100       58.846916        5.623631
     183        0.000100       58.670817        5.616694
     184        0.000100       58.500382        5.609970
     185        0.000100       58.334484        5.603317
     186        0.000100       58.169254        5.596538
     187        0.000100       58.007210        5.589837
     188        0.000100       57.842085        5.583118
     189        0.000100       57.686759        5.576730
     190        0.000100       57.529157        5.570380
     191        0.000100       57.382164        5.564489
     192        0.000100       57.234164        5.558633
     193        0.000100       57.093397        5.553104
     194        0.000100       56.953211        5.547665
     195        0.000100       56.819269        5.542481
     196        0.000100       56.686332        5.537313
     197        0.000100       56.559271        5.532285
     198        0.000100       56.432985        5.527287
     199        0.000100       56.312882        5.522467
     200        0.000100       56.192555        5.517647
     201        0.000100       56.079123        5.513042
     202        0.000100       55.963859        5.508336
     203        0.000100       55.857198        5.503880
     204        0.000100       55.746914        5.499311
     205        0.000100       55.646496        5.495028
     206        0.000100       55.541543        5.490574
     207        0.000100       55.446255        5.486437
     208        0.000100       55.346624        5.482165
     209        0.000100       55.255815        5.478151
     210        0.000100       55.161354        5.474041
     211        0.000100       55.074880        5.470144
     212        0.000100       54.984385        5.466095
     213        0.000100       54.900402        5.462255
     214        0.000100       54.812566        5.458310
     215        0.000100       54.731518        5.454601
     216        0.000100       54.646519        5.450737
     217        0.000100       54.568278        5.447055
     218        0.000100       54.485345        5.443219
     219        0.000100       54.409712        5.439553
     220        0.000100       54.328073        5.435670
     221        0.000100       54.251396        5.431653
     222        0.000100       54.165096        5.427137
     223        0.000100       54.084945        5.422566
     224        0.000100       53.997406        5.417777
     225        0.000100       53.915607        5.413292
     226        0.000100       53.825536        5.408774
     227        0.000100       53.746112        5.404758
     228        0.000100       53.661670        5.400727
     229        0.000100       53.588838        5.397178
     230        0.000100       53.510725        5.393715
     231        0.000100       53.444572        5.390749
     232        0.000100       53.372712        5.387657
     233        0.000100       53.312352        5.384917
     234        0.000100       53.245966        5.382014
     235        0.000100       53.190513        5.379406
     236        0.000100       53.128616        5.376665
     237        0.000100       53.077155        5.374247
     238        0.000100       53.018816        5.371693
     239        0.000100       52.970836        5.369495
     240        0.000100       52.915833        5.367095
     241        0.000100       52.871100        5.364981
     242        0.000100       52.819096        5.362723
     243        0.000100       52.777120        5.360761
     244        0.000100       52.727644        5.358602
     245        0.000100       52.688122        5.356696
     246        0.000100       52.640949        5.354647
     247        0.000100       52.603745        5.352811
     248        0.000100       52.558720        5.350790
     249        0.000100       52.523425        5.349002
     250        0.000100       52.480268        5.347039
     251        0.000100       52.446829        5.345275
     252        0.000100       52.405604        5.343328
     253        0.000100       52.373915        5.341600
     254        0.000100       52.334526        5.339737
     255        0.000100       52.304508        5.338089
     256        0.000100       52.266797        5.336279
     257        0.000100       52.238223        5.334639
     258        0.000100       52.202038        5.332905
     259        0.000100       52.174957        5.331383
     260        0.000100       52.140303        5.329757
     261        0.000100       52.114571        5.328335
     262        0.000100       52.081359        5.326786
     263        0.000100       52.056943        5.325395
     264        0.000100       52.025024        5.323887
     265        0.000100       52.001830        5.322524
     266        0.000100       51.971091        5.321073
     267        0.000100       51.948948        5.319738
     268        0.000100       51.919243        5.318303
     269        0.000100       51.898078        5.316959
     270        0.000100       51.869333        5.315547
     271        0.000100       51.849114        5.314237
     272        0.000100       51.821184        5.312882
     273        0.000100       51.801871        5.311566
     274        0.000100       51.774623        5.310271
     275        0.000100       51.756158        5.308980
     276        0.000100       51.729613        5.307787
     277        0.000100       51.711881        5.306508
     278        0.000100       51.686161        5.305318
     279        0.000100       51.669008        5.304019
     280        0.000100       51.644071        5.302830
     281        0.000100       51.627479        5.301573
     282        0.000100       51.603225        5.300383
     283        0.000100       51.587240        5.299173
     284        0.000100       51.563599        5.297980
     285        0.000100       51.548184        5.296776
     286        0.000100       51.525043        5.295590
     287        0.000100       51.510278        5.294423
     288        0.000100       51.487673        5.293261
     289        0.000100       51.473611        5.292161
     290        0.000100       51.451425        5.291038
     291        0.000100       51.438015        5.289959
     292        0.000100       51.416050        5.288835
     293        0.000100       51.403380        5.287773
     294        0.000100       51.381430        5.286663
     295        0.000100       51.369510        5.285688
     296        0.000100       51.347408        5.284629
     297        0.000100       51.336345        5.283731
     298        0.000100       51.314019        5.282696
     299        0.000100       51.303833        5.281885
     300        0.000100       51.281224        5.280821
     301        0.000100       51.271931        5.280066
     302        0.000100       51.249019        5.278984
     303        0.000100       51.240751        5.278268
     304        0.000100       51.217478        5.277127
     305        0.000100       51.210412        5.276464
     306        0.000100       51.186431        5.275253
     307        0.000100       51.180791        5.274679
     308        0.000100       51.155792        5.273405
     309        0.000100       51.151925        5.272931
     310        0.000100       51.125587        5.271579
     311        0.000100       51.123774        5.271245
     312        0.000100       51.095878        5.269818
     313        0.000100       51.096312        5.269640
     314        0.000100       51.066874        5.268127
     315        0.000100       51.069574        5.268089
     316        0.000100       51.038726        5.266469
     317        0.000100       51.043521        5.266558
     318        0.000100       51.011509        5.264832
     319        0.000100       51.018129        5.265016
     320        0.000100       50.985294        5.263195
     321        0.000100       50.993518        5.263464
     322        0.000100       50.960071        5.261584
     323        0.000100       50.969688        5.261945
     324        0.000100       50.935808        5.260011
     325        0.000100       50.946693        5.260453
     326        0.000100       50.912395        5.258489
     327        0.000100       50.924494        5.259004
     328        0.000100       50.889811        5.257036
     329        0.000100       50.903174        5.257641
     330        0.000100       50.868119        5.255648
     331        0.000100       50.882736        5.256361
     332        0.000100       50.847320        5.254312
     333        0.000100       50.863145        5.255074
     334        0.000100       50.827453        5.252963
     335        0.000100       50.844355        5.253804
     336        0.000100       50.808577        5.251666
     337        0.000100       50.826324        5.252550
     338        0.000100       50.790608        5.250385
     339        0.000100       50.809060        5.251346
     340        0.000100       50.773512        5.249181
     341        0.000100       50.792602        5.250170
     342        0.000100       50.757218        5.247970
     343        0.000100       50.776952        5.248981
     344        0.000100       50.741691        5.246775
     345        0.000100       50.762155        5.247838
     346        0.000100       50.726858        5.245672
     347        0.000100       50.748297        5.246823
     348        0.000100       50.712835        5.244654
     349        0.000100       50.735428        5.245849
     350        0.000100       50.699612        5.243669
     351        0.000100       50.723516        5.244940
     352        0.000100       50.687148        5.242701
     353        0.000100       50.712418        5.244029
     354        0.000100       50.675615        5.241762
     355        0.000100       50.702107        5.243185
     356        0.000100       50.665056        5.240906
     357        0.000100       50.692576        5.242404
     358        0.000100       50.655547        5.240112
     359        0.000100       50.683878        5.241655
     360        0.000100       50.646738        5.239330
     361        0.000100       50.675527        5.240904
     362        0.000100       50.638375        5.238560
     363        0.000100       50.667830        5.240181
     364        0.000100       50.630910        5.237845
     365        0.000100       50.660778        5.239527
     366        0.000100       50.624009        5.237191
     367        0.000100       50.654992        5.238918
     368        0.000100       50.619456        5.236628
     369        0.000100       50.650088        5.238329
     370        0.000100       50.611557        5.235934
     371        0.000100       50.639428        5.237502
     372        0.000100       50.608195        5.235311
     373        0.000100       50.647946        5.237260
     374        0.000100       50.611597        5.235044
     375        0.000100       50.620150        5.236094
     376        0.000100       50.598631        5.234266
     377        0.000100       50.646007        5.236426
     378        0.000100       50.608200        5.234202
     379        0.000100       50.627415        5.235366
     380        0.000100       50.590614        5.232942
     381        0.000100       50.619435        5.234175
     382        0.000100       50.588616        5.232081
     383        0.000100       50.615228        5.233559
     384        0.000100       50.594746        5.232417
     385        0.000100       50.648456        5.235395
     386        0.000100       50.638306        5.234781
     387        0.000100       50.662776        5.235817
     388        0.000100       50.603408        5.232227
     389        0.000100       50.580954        5.230156
     390        0.000100       50.569569        5.228920
     391        0.000100       50.587304        5.230039
     392        0.000100       50.621605        5.232433
     393        0.000100       50.642439        5.233888
     394        0.000100       50.636250        5.233236
     395        0.000100       50.629005        5.232249
     396        0.000100       50.614359        5.231198
     397        0.000100       50.593660        5.230315
     398        0.000100       50.592001        5.230225
     399        0.000100       50.618095        5.231156
     400        0.000100       50.630251        5.231690
     401        0.000100       50.628158        5.231720
     402        0.000100       50.617543        5.231247
     403        0.000100       50.617315        5.230995
     404        0.000100       50.607794        5.230312
     405        0.000100       50.596624        5.229821
     406        0.000100       50.575769        5.229022
     407        0.000100       50.577880        5.229372
     408        0.000100       50.581927        5.229687
     409        0.000100       50.597695        5.230574
     410        0.000100       50.580040        5.229799
     411        0.000100       50.562493        5.228875
     412        0.000100       50.535360        5.226762
     413        0.000100       50.536284        5.225912
     414        0.000100       50.523118        5.225114
     415        0.000100       50.527893        5.226399
     416        0.000100       50.573359        5.229021
     417        0.000100       50.637742        5.232158
     418        0.000100       50.615598        5.230817
     419        0.000100       50.563054        5.228126
     420        0.000100       50.528136        5.225873
     421        0.000100       50.538073        5.225893
     422        0.000100       50.549901        5.226490
     423        0.000100       50.567447        5.227722
     424        0.000100       50.575706        5.228303
     425        0.000100       50.590567        5.228962
     426        0.000100       50.589457        5.228526
     427        0.000100       50.581481        5.227984
     428        0.000100       50.559924        5.226830
     429        0.000100       50.562105        5.226779
     430        0.000100       50.575497        5.227042
     431        0.000100       50.600320        5.228319
     432        0.000100       50.599334        5.228603
     433        0.000100       50.616727        5.229832
     434        0.000100       50.626065        5.229779
     435        0.000100       50.636607        5.229984
     436        0.000100       50.597876        5.227736
     437        0.000100       50.581805        5.226686
     438        0.000100       50.580047        5.225819
     439        0.000100       50.610710        5.227503
     440        0.000100       50.640523        5.229491
     441        0.000100       50.699833        5.232982
     442        0.000100       50.714701        5.233533
     443        0.000100       50.702767        5.232656
     444        0.000100       50.653031        5.229527
     445        0.000100       50.629951        5.228019
     446        0.000100       50.626212        5.227801
     447        0.000100       50.664872        5.229767
     448        0.000100       50.705561        5.231851
     449        0.000100       50.726522        5.233333
     450        0.000100       50.719828        5.233171
     451        0.000100       50.724597        5.233087
     452        0.000100       50.721843        5.232177
     453        0.000100       50.713480        5.231638
     454        0.000100       50.700299        5.231009
     455        0.000100       50.721182        5.232081
     456        0.000100       50.751737        5.233305
     457        0.000100       50.789560        5.235562
     458        0.000100       50.789052        5.235658
     459        0.000100       50.803631        5.236487
     460        0.000100       50.788941        5.235005
     461        0.000100       50.789537        5.234506
     462        0.000100       50.757363        5.232765
     463        0.000100       50.762967        5.233080
     464        0.000100       50.786792        5.234175
     465        0.000100       50.856474        5.237651
     466        0.000100       50.896403        5.239870
     467        0.000100       50.919058        5.241206
     468        0.000100       50.888967        5.239443
     469        0.000100       50.865714        5.237352
     470        0.000100       50.838058        5.235656
     471        0.000100       50.835054        5.235605
     472        0.000100       50.856899        5.236761
     473        0.000100       50.921352        5.239691
     474        0.000100       50.959229        5.241455
     475        0.000100       50.970633        5.242338
     476        0.000100       50.952024        5.241238
     477        0.000100       50.951852        5.240720
     478        0.000100       50.944159        5.239825
     479        0.000100       50.942738        5.239852
     480        0.000100       50.942829        5.239917
     481        0.000100       50.991473        5.242155
     482        0.000100       51.028959        5.243565
     483        0.000100       51.069119        5.245585
     484        0.000100       51.052628        5.244898
     485        0.000100       51.062572        5.245056
     486        0.000100       51.043209        5.243534
     487        0.000100       51.040686        5.243086
     488        0.000100       51.020773        5.242087
     489        0.000100       51.054247        5.243804
     490        0.000100       51.108676        5.246220
     491        0.000100       51.186097        5.249722
     492        0.000100       51.204774        5.250754
     493        0.000100       51.204355        5.250734
     494        0.000100       51.169877        5.248710
     495        0.000100       51.152374        5.247290
     496        0.000100       51.134358        5.246154
     497        0.000100       51.153521        5.247323
     498        0.000100       51.207652        5.249809
     499        0.000100       51.279866        5.253047
     500        0.000100       51.299656        5.254025
     501        0.000100       51.310705        5.254621
     502        0.000100       51.298666        5.253778
     503        0.000100       51.304304        5.253565
     504        0.000100       51.282628        5.252207
     505        0.000100       51.296315        5.252997
     506        0.000100       51.323773        5.253965
     507        0.000100       51.393819        5.257059
     508        0.000100       51.419902        5.258247
     509        0.000100       51.460751        5.260064
     510        0.000100       51.463652        5.259950
     511        0.000100       51.478854        5.260177
     512        0.000100       51.443884        5.258203
     513        0.000100       51.437431        5.257696
     514        0.000100       51.448905        5.257692
     515        0.000100       51.509198        5.260413
     516        0.000100       51.558358        5.262773
     517        0.000100       51.634336        5.266217
     518        0.000100       51.670707        5.267672
     519        0.000100       51.690063        5.268328
     520        0.000100       51.641301        5.266245
     521        0.000100       51.613723        5.264961
     522        0.000100       51.616638        5.264547
     523        0.000100       51.668892        5.266846
     524        0.000100       51.710734        5.268997
     525        0.000100       51.772138        5.272159
     526        0.000100       51.811236        5.273728
     527        0.000100       51.864226        5.275659
     528        0.000100       51.847302        5.274947
     529        0.000100       51.834140        5.274512
     530        0.000100       51.823951        5.273588
     531        0.000100       51.866704        5.275037
     532        0.000100       51.889406        5.275941
     533        0.000100       51.933725        5.278528
     534        0.000100       51.983627        5.280679
     535        0.000100       52.074579        5.284111
     536        0.000100       52.094658        5.284816
     537        0.000100       52.091090        5.285043
     538        0.000100       52.061010        5.283365
     539        0.000100       52.082438        5.283625
     540        0.000100       52.085838        5.283250
     541        0.000100       52.110385        5.284911
     542        0.000100       52.159069        5.287225
     543        0.000100       52.284320        5.292387
     544        0.000100       52.344416        5.294601
     545        0.000100       52.375363        5.296313
     546        0.000100       52.341320        5.294658
     547        0.000100       52.357462        5.294604
     548        0.000100       52.351240        5.293605
     549        0.000100       52.366542        5.294550
     550        0.000100       52.394154        5.295833
     551        0.000100       52.475624        5.299435
     552        0.000100       52.536151        5.301662
     553        0.000100       52.603351        5.304364
     554        0.000100       52.617051        5.304927
     555        0.000100       52.622954        5.305381
     556        0.000100       52.595132        5.303826
     557        0.000100       52.619814        5.304268
     558        0.000100       52.660926        5.304950
     559        0.000100       52.701603        5.307291
     560        0.000100       52.695499        5.308041
     561        0.000100       52.765754        5.311510
     562        0.000100       52.865478        5.314190
     563        0.000100       52.977778        5.318423
     564        0.000100       52.933157        5.316972
     565        0.000100       52.887557        5.315857
     566        0.000100       52.852556        5.313665
     567        0.000100       52.890662        5.314655
     568        0.000100       52.928670        5.315824
     569        0.000100       53.014188        5.320188
     570        0.000100       53.081760        5.323229
     571        0.000100       53.146171        5.326289
     572        0.000100       53.153571        5.326633
     573        0.000100       53.183473        5.327715
     574        0.000100       53.196306        5.327277
     575        0.000100       53.198887        5.327478
     576        0.000100       53.172476        5.326709
     577        0.000100       53.203851        5.328348
     578        0.000100       53.268359        5.330563
     579        0.000100       53.352385        5.334512
     580        0.000100       53.406207        5.336625
     581        0.000100       53.487926        5.340320
     582        0.000100       53.488071        5.339879
     583        0.000100       53.472085        5.339856
     584        0.000100       53.438393        5.337867
     585        0.000100       53.488257        5.339615
     586        0.000100       53.521212        5.340148
     587        0.000100       53.568313        5.343068
     588        0.000100       53.603958        5.345005
     589        0.000100       53.712984        5.349817
     590        0.000100       53.764703        5.351673
     591        0.000100       53.803364        5.353547
     592        0.000100       53.785943        5.352195
     593        0.000100       53.817866        5.352697
     594        0.000100       53.808931        5.352139
     595        0.000100       53.808277        5.352894
     596        0.000100       53.813992        5.353619
     597        0.000100       53.902960        5.357548
     598        0.000100       53.979051        5.360307
     599        0.000100       54.079123        5.364459
     600        0.000100       54.129331        5.365804
     601        0.000100       54.170675        5.367416
     602        0.000100       54.115776        5.365191
     603        0.000100       54.083013        5.364901
     604        0.000100       54.076669        5.364144
     605        0.000100       54.149377        5.366806
     606        0.000100       54.207914        5.368812
     607        0.000100       54.325911        5.373776
     608        0.000100       54.402356        5.376719
     609        0.000100       54.469567        5.380134
     610        0.000100       54.412408        5.378180
     611        0.000100       54.389040        5.377437
     612        0.000100       54.397658        5.376712
     613        0.000100       54.457991        5.378345
     614        0.000100       54.487522        5.379146
     615        0.000050       54.552848        5.382568
     616        0.000050       55.567398        5.435756
     617        0.000050       55.529229        5.434852
     618        0.000050       55.483373        5.432745
     619        0.000050       55.464520        5.431509
     620        0.000050       55.455362        5.430704
     621        0.000050       55.448576        5.430065
     622        0.000050       55.444155        5.429544
     623        0.000050       55.442797        5.429149
     624        0.000050       55.444052        5.428887
     625        0.000050       55.447075        5.428712
     626        0.000050       55.451477        5.428619
     627        0.000050       55.457195        5.428593
     628        0.000050       55.464091        5.428625
     629        0.000050       55.471997        5.428709
     630        0.000050       55.480734        5.428836
     631        0.000050       55.490229        5.429007
     632        0.000050       55.500449        5.429216
     633        0.000050       55.511259        5.429459
     634        0.000050       55.522654        5.429737
     635        0.000050       55.534533        5.430034
     636        0.000050       55.546848        5.430355
     637        0.000050       55.559578        5.430698
     638        0.000050       55.572656        5.431068
     639        0.000050       55.586054        5.431460
     640        0.000050       55.599751        5.431872
     641        0.000050       55.613717        5.432297
     642        0.000050       55.627944        5.432744
     643        0.000050       55.642383        5.433201
     644        0.000050       55.657028        5.433669
     645        0.000050       55.671873        5.434150
     646        0.000050       55.686897        5.434631
     647        0.000050       55.702135        5.435127
     648        0.000050       55.717508        5.435624
     649        0.000050       55.733047        5.436128
     650        0.000050       55.748750        5.436636
     651        0.000050       55.764603        5.437150
     652        0.000050       55.780665        5.437668
     653        0.000050       55.796500        5.438182
     654        0.000050       55.813452        5.438756
     655        0.000050       55.828433        5.439172
     656        0.000050       55.849114        5.440052
     657        0.000050       55.856202        5.439965
     658        0.000050       55.886334        5.441536
     659        0.000050       55.887718        5.440955
     660        0.000050       55.937966        5.443216
     661        0.000050       55.902780        5.441536
     662        0.000050       55.947003        5.443542
     663        0.000050       55.967537        5.443601
     664        0.000050       55.991421        5.444674
     665        0.000050       55.989287        5.444551
     666        0.000050       56.018495        5.445607
     667        0.000050       56.028844        5.445825
     668        0.000050       56.054722        5.446739
     669        0.000050       56.059593        5.446833
     670        0.000050       56.085070        5.447648
     671        0.000050       56.088787        5.447741
     672        0.000050       56.116887        5.448690
     673        0.000050       56.114607        5.448726
     674        0.000050       56.154151        5.449991
     675        0.000050       56.161797        5.450386
     676        0.000050       56.254198        5.454128
     677        0.000050       56.292156        5.455782
     678        0.000050       56.340489        5.457336
     679        0.000050       56.301029        5.455637
     680        0.000050       56.217485        5.452398
     681        0.000050       56.194041        5.450866
     682        0.000050       56.248944        5.452690
     683        0.000050       56.345254        5.456026
     684        0.000050       56.349521        5.456761
     685        0.000050       56.335543        5.456913
     686        0.000050       56.336751        5.456900
     687        0.000050       56.369978        5.457508
     688        0.000050       56.410914        5.458557
     689        0.000050       56.440922        5.459733
     690        0.000050       56.443665        5.460262
     691        0.000050       56.436969        5.460196
     692        0.000050       56.451636        5.460560
     693        0.000050       56.488393        5.461539
     694        0.000050       56.523013        5.462735
     695        0.000050       56.531370        5.463223
     696        0.000050       56.531616        5.463482
     697        0.000050       56.547000        5.463871
     698        0.000050       56.581499        5.464894
     699        0.000050       56.602372        5.465503
     700        0.000050       56.613101        5.466177
     701        0.000050       56.625913        5.466561
     702        0.000050       56.653171        5.467596
     703        0.000050       56.657326        5.467521
     704        0.000050       56.684974        5.468735
     705        0.000050       56.705885        5.469075
     706        0.000050       56.739055        5.470684
     707        0.000050       56.721087        5.469871
     708        0.000050       56.754001        5.471401
     709        0.000050       56.766605        5.471220
     710        0.000050       56.811179        5.473027
     711        0.000050       56.807492        5.472686
     712        0.000050       56.832761        5.474051
     713        0.000050       56.835748        5.473973
     714        0.000050       56.864170        5.475169
     715        0.000050       56.875294        5.475256
     716        0.000050       56.924818        5.477069
     717        0.000050       56.944178        5.477612
     718        0.000050       56.966669        5.478958
     719        0.000050       56.939864        5.478153
     720        0.000050       56.973139        5.479318
     721        0.000050       56.980000        5.478871
     722        0.000050       57.011037        5.479545
     723        0.000050       56.989877        5.478883
     724        0.000050       57.002767        5.479648
     725        0.000050       57.004868        5.480225
     726        0.000050       57.073939        5.483275
     727        0.000050       57.185565        5.487313
     728        0.000050       57.242848        5.488701
     729        0.000050       57.189929        5.486509
     730        0.000050       57.140660        5.484959
     731        0.000050       57.142768        5.485240
     732        0.000050       57.177185        5.486029
     733        0.000050       57.218015        5.487374
     734        0.000050       57.240171        5.488121
     735        0.000050       57.259277        5.489190
     736        0.000050       57.269591        5.489556
     737        0.000050       57.280088        5.490102
     738        0.000050       57.297896        5.490382
     739        0.000050       57.337274        5.491682
     740        0.000050       57.363885        5.492449
     741        0.000050       57.362056        5.492875
     742        0.000050       57.362765        5.493039
     743        0.000050       57.386320        5.493773
     744        0.000050       57.429591        5.494939
     745        0.000050       57.444994        5.495453
     746        0.000050       57.473027        5.496666
     747        0.000050       57.477697        5.496981
     748        0.000050       57.493075        5.497774
     749        0.000050       57.490194        5.497516
     750        0.000050       57.534028        5.498787
     751        0.000050       57.565784        5.499545
     752        0.000050       57.585781        5.500490
     753        0.000050       57.569305        5.500403
     754        0.000050       57.583734        5.501008
     755        0.000050       57.610985        5.501759
     756        0.000050       57.664350        5.503335
     757        0.000050       57.695865        5.504543
     758        0.000050       57.750559        5.506786
     759        0.000050       57.743842        5.506958
     760        0.000050       57.746119        5.507023
     761        0.000050       57.715756        5.505509
     762        0.000050       57.739139        5.505465
     763        0.000050       57.740456        5.505133
     764        0.000050       57.750921        5.506328
     765        0.000050       57.800507        5.509022
     766        0.000050       57.865096        5.511337
     767        0.000050       57.892858        5.511939
     768        0.000050       57.905785        5.511882
     769        0.000050       57.918882        5.512299
     770        0.000050       57.927148        5.512765
     771        0.000050       57.919279        5.512825
     772        0.000050       57.925393        5.512995
     773        0.000050       57.962859        5.514011
     774        0.000050       58.010238        5.515351
     775        0.000050       58.029617        5.516324
     776        0.000050       58.035681        5.516887
     777        0.000050       58.047465        5.517503
     778        0.000050       58.068814        5.517952
     779        0.000050       58.085177        5.518392
     780        0.000050       58.116225        5.519180
     781        0.000050       58.143504        5.520289
     782        0.000050       58.152958        5.520825
     783        0.000050       58.140400        5.520825
     784        0.000050       58.172559        5.521733
     785        0.000050       58.208680        5.522583
     786        0.000050       58.266826        5.524569
     787        0.000050       58.265629        5.524714
     788        0.000050       58.297752        5.526367
     789        0.000050       58.282665        5.525772
     790        0.000050       58.296696        5.526191
     791        0.000050       58.293687        5.525379
     792        0.000050       58.332388        5.526398
     793        0.000050       58.343665        5.526880
     794        0.000050       58.348872        5.527706
     795        0.000050       58.370166        5.529074
     796        0.000050       58.462796        5.532449
     797        0.000050       58.543083        5.534728
     798        0.000050       58.546359        5.534289
     799        0.000050       58.506070        5.533051
     800        0.000050       58.488710        5.532393
     801        0.000050       58.482815        5.532533
     802        0.000050       58.497035        5.532919
     803        0.000050       58.550141        5.534658
     804        0.000050       58.606105        5.536227
     805        0.000050       58.632149        5.537629
     806        0.000050       58.627832        5.537699
     807        0.000050       58.640615        5.538465
     808        0.000050       58.656967        5.538482
     809        0.000050       58.676198        5.538959
     810        0.000050       58.704355        5.539696
     811        0.000050       58.726988        5.540644
     812        0.000050       58.744320        5.541669
     813        0.000050       58.731431        5.541509
     814        0.000050       58.769301        5.542809
     815        0.000050       58.812119        5.543688
     816        0.000025       58.863878        5.545454
     817        0.000025       58.468944        5.524126
     818        0.000025       58.443397        5.523914
     819        0.000025       58.439529        5.523843
     820        0.000025       58.443576        5.524052
     821        0.000025       58.450883        5.524356
     822        0.000025       58.459953        5.524708
     823        0.000025       58.469931        5.525076
     824        0.000025       58.480322        5.525451
     825        0.000025       58.490893        5.525824
     826        0.000025       58.501525        5.526194
     827        0.000025       58.512135        5.526558
     828        0.000025       58.522689        5.526916
     829        0.000025       58.533190        5.527267
     830        0.000025       58.543612        5.527611
     831        0.000025       58.553950        5.527955
     832        0.000025       58.564243        5.528291
     833        0.000025       58.574454        5.528625
     834        0.000025       58.584646        5.528959
     835        0.000025       58.594790        5.529291
     836        0.000025       58.604899        5.529621
     837        0.000025       58.614973        5.529952
     838        0.000025       58.625045        5.530280
     839        0.000025       58.635073        5.530607
     840        0.000025       58.645095        5.530937
     841        0.000025       58.655106        5.531262
     842        0.000025       58.665087        5.531587
     843        0.000025       58.675037        5.531910
     844        0.000025       58.684969        5.532231
     845        0.000025       58.694894        5.532555
     846        0.000025       58.704795        5.532878
     847        0.000025       58.714672        5.533202
     848        0.000025       58.724582        5.533530
     849        0.000025       58.734475        5.533860
     850        0.000025       58.744378        5.534189
     851        0.000025       58.754301        5.534522
     852        0.000025       58.764248        5.534850
     853        0.000025       58.774202        5.535184
     854        0.000025       58.784130        5.535513
     855        0.000025       58.794174        5.535852
     856        0.000025       58.803734        5.536160
     857        0.000025       58.814015        5.536507
     858        0.000025       58.821164        5.536726
     859        0.000025       58.834566        5.537152
     860        0.000025       58.833049        5.537166
     861        0.000025       58.856515        5.537814
     862        0.000025       58.842566        5.537201
     863        0.000025       58.875235        5.538681
     864        0.000025       58.864713        5.537986
     865        0.000025       58.911924        5.540074
     866        0.000025       58.921161        5.540113
     867        0.000025       58.934607        5.541057
     868        0.000025       58.932168        5.540659
     869        0.000025       58.938095        5.540590
     870        0.000025       58.926071        5.539967
     871        0.000025       58.924458        5.539803
     872        0.000025       58.935981        5.540267
     873        0.000025       58.962374        5.541346
     874        0.000025       58.989351        5.542530
     875        0.000025       59.008636        5.543272
     876        0.000025       59.017439        5.543505
     877        0.000025       59.018684        5.543415
     878        0.000025       59.017644        5.543222
     879        0.000025       59.020716        5.543289
     880        0.000025       59.028004        5.543481
     881        0.000025       59.040840        5.543963
     882        0.000025       59.054703        5.544474
     883        0.000025       59.070405        5.545148
     884        0.000025       59.085542        5.545674
     885        0.000025       59.098651        5.546151
     886        0.000025       59.104780        5.546295
     887        0.000025       59.106925        5.546308
     888        0.000025       59.113895        5.546416
     889        0.000025       59.118761        5.546437
     890        0.000025       59.120781        5.546641
     891        0.000025       59.126823        5.546805
     892        0.000025       59.159465        5.548062
     893        0.000025       59.172965        5.548552
     894        0.000025       59.194505        5.549623
     895        0.000025       59.205105        5.549819
     896        0.000025       59.213346        5.550051
     897        0.000025       59.202960        5.549405
     898        0.000025       59.197803        5.549143
     899        0.000025       59.200301        5.549057
     900        0.000025       59.215861        5.549654
     901        0.000025       59.235879        5.550528
     902        0.000025       59.259109        5.551601
     903        0.000025       59.281196        5.552401
     904        0.000025       59.294942        5.552788
     905        0.000025       59.293808        5.552646
     906        0.000025       59.288229        5.552347
     907        0.000025       59.290985        5.552311
     908        0.000025       59.302039        5.552563
     909        0.000025       59.310049        5.552876
     910        0.000025       59.322782        5.553532
     911        0.000025       59.343669        5.554293
     912        0.000025       59.362871        5.555055
     913        0.000025       59.374114        5.555344
     914        0.000025       59.384061        5.555661
     915        0.000025       59.383148        5.555636
     916        0.000025       59.373188        5.555120
     917        0.000025       59.386144        5.555448
     918        0.000025       59.399431        5.555635
     919        0.000025       59.413032        5.556440
     920        0.000025       59.414175        5.556740
     921        0.000025       59.441385        5.557794
     922        0.000025       59.473236        5.558644
     923        0.000025       59.486405        5.559173
     924        0.000025       59.468568        5.558645
     925        0.000025       59.459248        5.558158
     926        0.000025       59.471852        5.558171
     927        0.000025       59.485106        5.558486
     928        0.000025       59.485325        5.558811
     929        0.000025       59.498428        5.559562
     930        0.000025       59.532110        5.560724
     931        0.000025       59.559416        5.561630
     932        0.000025       59.562586        5.561824
     933        0.000025       59.558102        5.561647
     934        0.000025       59.555914        5.561264
     935        0.000025       59.560355        5.561266
     936        0.000025       59.564990        5.561333
     937        0.000025       59.578634        5.561956
     938        0.000025       59.591248        5.562540
     939        0.000025       59.610976        5.563315
     940        0.000025       59.634113        5.564179
     941        0.000025       59.646880        5.564528
     942        0.000025       59.648291        5.564666
     943        0.000025       59.639686        5.564151
     944        0.000025       59.648136        5.564320
     945        0.000025       59.658053        5.564430
     946        0.000025       59.663277        5.564807
     947        0.000025       59.667262        5.565098
     948        0.000025       59.693956        5.566138
     949        0.000025       59.724885        5.567163
     950        0.000025       59.736633        5.567758
     951        0.000025       59.733093        5.567725
     952        0.000025       59.735651        5.567575
     953        0.000025       59.741368        5.567410
     954        0.000025       59.737650        5.567218
     955        0.000025       59.735394        5.567269
     956        0.000025       59.750156        5.567852
     957        0.000025       59.779957        5.568987
     958        0.000025       59.806013        5.570042
     959        0.000025       59.821341        5.570786
     960        0.000025       59.824403        5.570851
     961        0.000025       59.824083        5.570644
     962        0.000025       59.823461        5.570266
     963        0.000025       59.828024        5.570427
     964        0.000025       59.828423        5.570454
     965        0.000025       59.838523        5.570982
     966        0.000025       59.857744        5.571648
     967        0.000025       59.891058        5.572854
     968        0.000025       59.903661        5.573498
     969        0.000025       59.898343        5.573378
     970        0.000025       59.905278        5.573513
     971        0.000025       59.917334        5.573421
     972        0.000025       59.921035        5.573649
     973        0.000025       59.908751        5.573309
     974        0.000025       59.919992        5.573762
     975        0.000025       59.948953        5.574582
     976        0.000025       59.972806        5.575626
     977        0.000025       59.979420        5.576157
     978        0.000025       59.989422        5.576583
     979        0.000025       60.005097        5.576830
     980        0.000025       60.008447        5.576706
     981        0.000025       59.997685        5.576310
     982        0.000025       59.992110        5.576081
     983        0.000025       60.003969        5.576345
     984        0.000025       60.024443        5.577071
     985        0.000025       60.047278        5.578198
     986        0.000025       60.069454        5.579240
     987        0.000025       60.085332        5.579800
     988        0.000025       60.091028        5.579864
     989        0.000025       60.092582        5.579639
     990        0.000025       60.089102        5.579432
     991        0.000025       60.082735        5.579161
     992        0.000025       60.088699        5.579399
     993        0.000025       60.115015        5.580181
     994        0.000025       60.136743        5.581239
     995        0.000025       60.146307        5.581791
     996        0.000025       60.156267        5.582264
     997        0.000025       60.175613        5.582638
     998        0.000025       60.184558        5.582823
     999        0.000025       60.172393        5.582399
    1000        0.000025       60.167520        5.582273
    1001        0.000025       60.183780        5.582532
    1002        0.000025       60.205248        5.583305
    1003        0.000025       60.211441        5.583783
    1004        0.000025       60.224929        5.584635
    1005        0.000025       60.249048        5.585327
    1006        0.000025       60.271632        5.586048
    1007        0.000025       60.269523        5.585960
    1008        0.000025       60.261581        5.585695
    1009        0.000025       60.260133        5.585371
    1010        0.000025       60.266899        5.585405
    1011        0.000025       60.276927        5.585773
    1012        0.000025       60.291319        5.586558
    1013        0.000025       60.312352        5.587580
    1014        0.000025       60.337014        5.588506
    1015        0.000025       60.359872        5.589254
    1016        0.000025       60.363672        5.589324
    1017        0.000013       60.353429        5.588917
    1018        0.000013       60.125220        5.578212
    1019        0.000013       60.115488        5.577781
    1020        0.000013       60.114935        5.577625
    1021        0.000013       60.116119        5.577571
    1022        0.000013       60.117978        5.577579
    1023        0.000013       60.120356        5.577630
    1024        0.000013       60.122998        5.577707
    1025        0.000013       60.125878        5.577802
    1026        0.000013       60.128921        5.577908
    1027        0.000013       60.132119        5.578024
    1028        0.000013       60.135433        5.578146
    1029        0.000013       60.138854        5.578271
    1030        0.000013       60.142373        5.578403
    1031        0.000013       60.145954        5.578537
    1032        0.000013       60.149611        5.578673
    1033        0.000013       60.153325        5.578812
    1034        0.000013       60.157085        5.578951
    1035        0.000013       60.160892        5.579093
    1036        0.000013       60.164749        5.579238
    1037        0.000013       60.168625        5.579380
    1038        0.000013       60.172530        5.579525
    1039        0.000013       60.176465        5.579670
    1040        0.000013       60.180418        5.579816
    1041        0.000013       60.184397        5.579962
    1042        0.000013       60.188402        5.580108
    1043        0.000013       60.192421        5.580257
    1044        0.000013       60.196443        5.580405
    1045        0.000013       60.200498        5.580553
    1046        0.000013       60.204551        5.580701
    1047        0.000013       60.208631        5.580852
    1048        0.000013       60.212721        5.581001
    1049        0.000013       60.216837        5.581151
    1050        0.000013       60.220953        5.581303
    1051        0.000013       60.225120        5.581454
    1052        0.000013       60.229281        5.581608
    1053        0.000013       60.233456        5.581765
    1054        0.000013       60.237674        5.581917
    1055        0.000013       60.241827        5.582075
    1056        0.000013       60.246204        5.582229
    1057        0.000013       60.250088        5.582377
    1058        0.000013       60.255044        5.582557
    1059        0.000013       60.258269        5.582665
    1060        0.000013       60.263497        5.582888
    1061        0.000013       60.267319        5.582997
    1062        0.000013       60.271394        5.583142
    1063        0.000013       60.277012        5.583378
    1064        0.000013       60.279432        5.583421
    1065        0.000013       60.285674        5.583700
    1066        0.000013       60.289091        5.583794
    1067        0.000013       60.295299        5.584017
    1068        0.000013       60.299205        5.584180
    1069        0.000013       60.300352        5.584264
    1070        0.000013       60.306247        5.584438
    1071        0.000013       60.315615        5.584696
    1072        0.000013       60.312451        5.584651
    1073        0.000013       60.314899        5.584690
    1074        0.000013       60.319377        5.584824
    1075        0.000013       60.324826        5.585021
    1076        0.000013       60.328360        5.585152
    1077        0.000013       60.340668        5.585675
    1078        0.000013       60.359948        5.586588
    1079        0.000013       60.366001        5.586760
    1080        0.000013       60.361481        5.586533
    1081        0.000013       60.350658        5.585945
    1082        0.000013       60.355944        5.586150
    1083        0.000013       60.359844        5.586267
    1084        0.000013       60.370032        5.586720
    1085        0.000013       60.374594        5.586862
    1086        0.000013       60.381876        5.587171
    1087        0.000013       60.384931        5.587265
    1088        0.000013       60.390157        5.587475
    1089        0.000013       60.393519        5.587578
    1090        0.000013       60.399408        5.587786
    1091        0.000013       60.403196        5.587911
    1092        0.000013       60.405914        5.588046
    1093        0.000013       60.410687        5.588207
    1094        0.000013       60.419796        5.588473
    1095        0.000013       60.422047        5.588596
    1096        0.000013       60.423133        5.588688
    1097        0.000013       60.431261        5.588935
    1098        0.000013       60.436870        5.589109
    1099        0.000013       60.439544        5.589243
    1100        0.000013       60.443034        5.589362
    1101        0.000013       60.449416        5.589575
    1102        0.000013       60.453311        5.589702
    1103        0.000013       60.457463        5.589875
    1104        0.000013       60.461718        5.590016
    1105        0.000013       60.468491        5.590258
    1106        0.000013       60.472723        5.590406
    1107        0.000013       60.478372        5.590647
    1108        0.000013       60.482383        5.590769
    1109        0.000013       60.490379        5.591062
    1110        0.000013       60.490842        5.591041
    1111        0.000013       60.494017        5.591197
    1112        0.000013       60.494548        5.591100
    1113        0.000013       60.500537        5.591289
    1114        0.000013       60.500102        5.591265
    1115        0.000013       60.506691        5.591609
    1116        0.000013       60.521375        5.592132
    1117        0.000013       60.538985        5.592895
    1118        0.000013       60.543010        5.593077
    1119        0.000013       60.540467        5.592929
    1120        0.000013       60.536817        5.592644
    1121        0.000013       60.537152        5.592611
    1122        0.000013       60.539907        5.592736
    1123        0.000013       60.548450        5.593059
    1124        0.000013       60.557331        5.593391
    1125        0.000013       60.563335        5.593643
    1126        0.000013       60.567303        5.593812
    1127        0.000013       60.573170        5.594000
    1128        0.000013       60.577973        5.594137
    1129        0.000013       60.580152        5.594233
    1130        0.000013       60.582236        5.594304
    1131        0.000013       60.589193        5.594523
    1132        0.000013       60.594836        5.594685
    1133        0.000013       60.597559        5.594868
    1134        0.000013       60.602429        5.595023
    1135        0.000013       60.612541        5.595376
    1136        0.000013       60.616779        5.595521
    1137        0.000013       60.619301        5.595658
    1138        0.000013       60.624374        5.595843
    1139        0.000013       60.627475        5.595829
    1140        0.000013       60.631409        5.596070
    1141        0.000013       60.629426        5.595875
    1142        0.000013       60.638441        5.596303
    1143        0.000013       60.643166        5.596364
    1144        0.000013       60.653911        5.596920
    1145        0.000013       60.660320        5.597119
    1146        0.000013       60.673449        5.597665
    1147        0.000013       60.676328        5.597691
    1148        0.000013       60.674190        5.597633
    1149        0.000013       60.669536        5.597355
    1150        0.000013       60.672470        5.597365
    1151        0.000013       60.675888        5.597474
    1152        0.000013       60.683970        5.597895
    1153        0.000013       60.695237        5.598346
    1154        0.000013       60.708098        5.598819
    1155        0.000013       60.711472        5.598949
    1156        0.000013       60.712449        5.599015
    1157        0.000013       60.714386        5.599006
    1158        0.000013       60.718812        5.599113
    1159        0.000013       60.719577        5.599148
    1160        0.000013       60.723748        5.599312
    1161        0.000013       60.731935        5.599604
    1162        0.000013       60.739724        5.599881
    1163        0.000013       60.745188        5.600153
    1164        0.000013       60.750219        5.600320
    1165        0.000013       60.758139        5.600600
    1166        0.000013       60.760146        5.600620
    1167        0.000013       60.760712        5.600683
    1168        0.000013       60.761996        5.600648
    1169        0.000013       60.768314        5.600846
    1170        0.000013       60.771148        5.600933
    1171        0.000013       60.776741        5.601229
    1172        0.000013       60.787461        5.601617
    1173        0.000013       60.800834        5.602120
    1174        0.000013       60.806865        5.602387
    1175        0.000013       60.808501        5.602455
    1176        0.000013       60.809237        5.602389
    1177        0.000013       60.806833        5.602197
    1178        0.000013       60.805220        5.602111
    1179        0.000013       60.808820        5.602256
    1180        0.000013       60.822851        5.602793
    1181        0.000013       60.832699        5.603219
    1182        0.000013       60.839732        5.603530
    1183        0.000013       60.845353        5.603737
    1184        0.000013       60.850181        5.603842
    1185        0.000013       60.850724        5.603856
    1186        0.000013       60.850407        5.603822
    1187        0.000013       60.855540        5.603986
    1188        0.000013       60.862012        5.604170
    1189        0.000013       60.866889        5.604410
    1190        0.000013       60.872167        5.604630
    1191        0.000013       60.882267        5.604993
    1192        0.000013       60.889343        5.605233
    1193        0.000013       60.892002        5.605373
    1194        0.000013       60.894351        5.605440
    1195        0.000013       60.898816        5.605533
    1196        0.000013       60.899923        5.605532
    1197        0.000013       60.899619        5.605525
    1198        0.000013       60.904857        5.605710
    1199        0.000013       60.914478        5.606043
    1200        0.000013       60.924423        5.606493
    1201        0.000013       60.934194        5.606902
    1202        0.000013       60.944968        5.607308
    1203        0.000013       60.947831        5.607358
    1204        0.000013       60.944360        5.607194
    1205        0.000013       60.939950        5.606989
    1206        0.000013       60.943857        5.607026
    1207        0.000013       60.950693        5.607306
    1208        0.000013       60.957579        5.607621
    1209        0.000013       60.966980        5.608042
    1210        0.000013       60.977116        5.608371
    1211        0.000013       60.982898        5.608604
    1212        0.000013       60.983180        5.608623
    1213        0.000013       60.986358        5.608712
    1214        0.000013       60.990655        5.608789
    1215        0.000013       60.992946        5.608880
    1216        0.000013       60.995188        5.608977
    1217        0.000013       61.003053        5.609262
    1218        0.000006       61.012042        5.609580
    1219        0.000006       60.998997        5.610111
    1220        0.000006       61.010183        5.610246
    1221        0.000006       61.015057        5.610284
    1222        0.000006       61.018284        5.610306
    1223        0.000006       61.021017        5.610332
    1224        0.000006       61.023160        5.610358
    1225        0.000006       61.025088        5.610384
    1226        0.000006       61.026849        5.610415
    1227        0.000006       61.028527        5.610452
    1228        0.000006       61.030150        5.610492
    1229        0.000006       61.031755        5.610538
    1230        0.000006       61.033356        5.610587
    1231        0.000006       61.034980        5.610637
    1232        0.000006       61.036624        5.610691
    1233        0.000006       61.038296        5.610748
    1234        0.000006       61.039995        5.610810
    1235        0.000006       61.041712        5.610870
    1236        0.000006       61.043463        5.610935
    1237        0.000006       61.045249        5.611001
    1238        0.000006       61.047064        5.611067
    1239        0.000006       61.048915        5.611137
    1240        0.000006       61.050798        5.611207
    1241        0.000006       61.052715        5.611279
    1242        0.000006       61.054633        5.611351
    1243        0.000006       61.056581        5.611424
    1244        0.000006       61.058545        5.611498
    1245        0.000006       61.060542        5.611573
    1246        0.000006       61.062540        5.611647
    1247        0.000006       61.064592        5.611725
    1248        0.000006       61.066635        5.611801
    1249        0.000006       61.068711        5.611879
    1250        0.000006       61.070799        5.611957
    1251        0.000006       61.072885        5.612039
    1252        0.000006       61.075111        5.612119
    1253        0.000006       61.077005        5.612192
    1254        0.000006       61.079714        5.612289
    1255        0.000006       61.080853        5.612336
    1256        0.000006       61.084512        5.612475
    1257        0.000006       61.085252        5.612489
    1258        0.000006       61.088620        5.612623
    1259        0.000006       61.090133        5.612693
    1260        0.000006       61.092504        5.612744
    1261        0.000006       61.095207        5.612892
    1262        0.000006       61.096599        5.612891
    1263        0.000006       61.099952        5.613068
    1264        0.000006       61.101130        5.613063
    1265        0.000006       61.104511        5.613228
    1266        0.000006       61.105954        5.613247
    1267        0.000006       61.108936        5.613380
    1268        0.000006       61.110914        5.613438
    1269        0.000006       61.113241        5.613526
    1270        0.000006       61.115783        5.613625
    1271        0.000006       61.117665        5.613679
    1272        0.000006       61.120227        5.613780
    1273        0.000006       61.122403        5.613853
    1274        0.000006       61.124666        5.613930
    1275        0.000006       61.127212        5.614037
    1276        0.000006       61.130118        5.614131
    1277        0.000006       61.132510        5.614233
    1278        0.000006       61.136374        5.614362
    1279        0.000006       61.138786        5.614480
    1280        0.000006       61.142990        5.614621
    1281        0.000006       61.142621        5.614588
    1282        0.000006       61.145135        5.614693
    1283        0.000006       61.141670        5.614463
    1284        0.000006       61.142835        5.614525
    1285        0.000006       61.146061        5.614623
    1286        0.000006       61.154558        5.614993
    1287        0.000006       61.160620        5.615259
    1288        0.000006       61.162582        5.615360
    1289        0.000006       61.164652        5.615396
    1290        0.000006       61.166386        5.615405
    1291        0.000006       61.164749        5.615366
    1292        0.000006       61.166937        5.615432
    1293        0.000006       61.170889        5.615555
    1294        0.000006       61.173648        5.615662
    1295        0.000006       61.176378        5.615771
    1296        0.000006       61.179436        5.615881
    1297        0.000006       61.182368        5.615987
    1298        0.000006       61.184569        5.616063
    1299        0.000006       61.186640        5.616134
    1300        0.000006       61.188659        5.616193
    1301        0.000006       61.190771        5.616265
    1302        0.000006       61.192823        5.616326
    1303        0.000006       61.195311        5.616427
    1304        0.000006       61.198314        5.616519
    1305        0.000006       61.201726        5.616668
    1306        0.000006       61.204834        5.616766
    1307        0.000006       61.208561        5.616934
    1308        0.000006       61.211154        5.616993
    1309        0.000006       61.213631        5.617101
    1310        0.000006       61.212824        5.617035
    1311        0.000006       61.213938        5.617069
    1312        0.000006       61.214743        5.617013
    1313        0.000006       61.216942        5.617131
    1314        0.000006       61.219685        5.617254
    1315        0.000006       61.228905        5.617635
    1316        0.000006       61.235037        5.617836
    1317        0.000006       61.236862        5.617957
    1318        0.000006       61.235913        5.617887
    1319        0.000006       61.236583        5.617862
    1320        0.000006       61.237123        5.617850
    1321        0.000006       61.238847        5.617913
    1322        0.000006       61.242262        5.618035
    1323        0.000006       61.246624        5.618201
    1324        0.000006       61.250122        5.618341
    1325        0.000006       61.253100        5.618459
    1326        0.000006       61.255949        5.618557
    1327        0.000006       61.258264        5.618621
    1328        0.000006       61.259357        5.618656
    1329        0.000006       61.260503        5.618682
    1330        0.000006       61.262897        5.618750
    1331        0.000006       61.265665        5.618834
    1332        0.000006       61.267593        5.618929
    1333        0.000006       61.271200        5.619066
    1334        0.000006       61.277049        5.619272
    1335        0.000006       61.281023        5.619420
    1336        0.000006       61.282119        5.619497
    1337        0.000006       61.284502        5.619553
    1338        0.000006       61.285624        5.619547
    1339        0.000006       61.283906        5.619440
    1340        0.000006       61.284151        5.619468
    1341        0.000006       61.287742        5.619545
    1342        0.000006       61.294155        5.619838
    1343        0.000006       61.298873        5.620023
    1344        0.000006       61.303994        5.620256
    1345        0.000006       61.306564        5.620315
    1346        0.000006       61.307554        5.620344
    1347        0.000006       61.306689        5.620281
    1348        0.000006       61.308121        5.620315
    1349        0.000006       61.310799        5.620378
    1350        0.000006       61.313700        5.620498
    1351        0.000006       61.316302        5.620613
    1352        0.000006       61.321198        5.620793
    1353        0.000006       61.325797        5.620950
    1354        0.000006       61.327625        5.621036
    1355        0.000006       61.328794        5.621077
    1356        0.000006       61.331508        5.621137
    1357        0.000006       61.332661        5.621150
    1358        0.000006       61.332562        5.621146
    1359        0.000006       61.334528        5.621203
    1360        0.000006       61.339063        5.621357
    1361        0.000006       61.343108        5.621526
    1362        0.000006       61.347403        5.621709
    1363        0.000006       61.352860        5.621927
    1364        0.000006       61.356031        5.622011
    1365        0.000006       61.356150        5.622029
    1366        0.000006       61.354299        5.621898
    1367        0.000006       61.355601        5.621929
    1368        0.000006       61.357016        5.621923
    1369        0.000006       61.360379        5.622093
    1370        0.000006       61.364798        5.622264
    1371        0.000006       61.371473        5.622526
    1372        0.000006       61.375015        5.622653
    1373        0.000006       61.376277        5.622723
    1374        0.000006       61.377410        5.622732
    1375        0.000006       61.379522        5.622765
    1376        0.000006       61.379638        5.622754
    1377        0.000006       61.380650        5.622795
    1378        0.000006       61.384265        5.622909
    1379        0.000006       61.389036        5.623082
    1380        0.000006       61.392278        5.623226
    1381        0.000006       61.396224        5.623394
    1382        0.000006       61.400308        5.623522
    1383        0.000006       61.402701        5.623601
    1384        0.000006       61.401916        5.623560
    1385        0.000006       61.402513        5.623547
    1386        0.000006       61.404018        5.623570
    1387        0.000006       61.405765        5.623603
    1388        0.000006       61.408859        5.623773
    1389        0.000006       61.414209        5.623950
    1390        0.000006       61.421311        5.624252
    1391        0.000006       61.423696        5.624325
    1392        0.000006       61.425500        5.624424
    1393        0.000006       61.426182        5.624378
    1394        0.000006       61.427181        5.624392
    1395        0.000006       61.426282        5.624333
    1396        0.000006       61.428604        5.624424
    1397        0.000006       61.433225        5.624570
    1398        0.000006       61.437952        5.624769
    1399        0.000006       61.441259        5.624920
    1400        0.000006       61.445626        5.625083
    1401        0.000006       61.448921        5.625178
    1402        0.000006       61.449652        5.625196
    1403        0.000006       61.449072        5.625157
    1404        0.000006       61.450629        5.625177
    1405        0.000006       61.452573        5.625218
    1406        0.000006       61.454861        5.625315
    1407        0.000006       61.458327        5.625464
    1408        0.000006       61.464666        5.625690
    1409        0.000006       61.469731        5.625900
    1410        0.000006       61.471432        5.625961
    1411        0.000006       61.473199        5.626035
    1412        0.000006       61.474044        5.625986
    1413        0.000006       61.474359        5.625999
    1414        0.000006       61.473629        5.625936
