       0        0.000100     7535.633512       83.347305
       1        0.000100     7307.796822       81.969704
       2        0.000100     7015.124313       80.160049
       3        0.000100     6642.293003       77.787270
       4        0.000100     6185.727122       74.771400
       5        0.000100     5652.160520       71.078217
       6        0.000100     5053.208991       66.683220
       7        0.000100     4407.967414       61.591087
       8        0.000100     3745.159369       55.904995
       9        0.000100     3097.596605       49.897743
      10        0.000100     2500.231778       43.899525
      11        0.000100     1983.090802       38.302914
      12        0.000100     1564.234805       33.391678
      13        0.000100     1248.128015       29.458807
      14        0.000100     1026.595360       26.571329
      15        0.000100      882.087123       24.569864
      16        0.000100      792.987849       23.253147
      17        0.000100      739.025015       22.392378
      18        0.000100      704.669924       21.799297
      19        0.000100      679.899220       21.349669
      20        0.000100      659.155724       20.972212
      21        0.000100      639.760505       20.622801
      22        0.000100      620.596359       20.280321
      23        0.000100      601.281849       19.936525
      24        0.000100      581.740671       19.587677
      25        0.000100      562.004028       19.232702
      26        0.000100      542.137161       18.871048
      27        0.000100      522.216482       18.503172
      28        0.000100      502.329428       18.129074
      29        0.000100      482.577436       17.750496
      30        0.000100      463.066654       17.368469
      31        0.000100      443.892554       16.983091
      32        0.000100      425.129108       16.598598
      33        0.000100      406.841485       16.214970
      34        0.000100      389.087690       15.832870
      35        0.000100      371.918968       15.452259
      36        0.000100      355.380279       15.074563
      37        0.000100      339.511494       14.702393
      38        0.000100      324.347193       14.337802
      39        0.000100      309.914989       13.981369
      40        0.000100      296.233152       13.635678
      41        0.000100      283.312248       13.301173
      42        0.000100      271.153901       12.978230
      43        0.000100      259.751778       12.667625
      44        0.000100      249.091373       12.371705
      45        0.000100      239.150482       12.089564
      46        0.000100      229.900318       11.820730
      47        0.000100      221.308048       11.565847
      48        0.000100      213.336938       11.324406
      49        0.000100      205.947414       11.097028
      50        0.000100      199.097417       10.884416
      51        0.000100      192.744332       10.684961
      52        0.000100      186.846129       10.497932
      53        0.000100      181.361793       10.322231
      54        0.000100      176.252613       10.158233
      55        0.000100      171.481869       10.003998
      56        0.000100      167.015916        9.857603
      57        0.000100      162.824836        9.718909
      58        0.000100      158.881864        9.587090
      59        0.000100      155.162880        9.462401
      60        0.000100      151.646456        9.344831
      61        0.000100      148.313384        9.232997
      62        0.000100      145.147499        9.125456
      63        0.000100      142.135119        9.022333
      64        0.000100      139.264438        8.924445
      65        0.000100      136.525168        8.830344
      66        0.000100      133.908530        8.739974
      67        0.000100      131.406731        8.652907
      68        0.000100      129.012946        8.569098
      69        0.000100      126.721032        8.488540
      70        0.000100      124.525573        8.410255
      71        0.000100      122.421620        8.334458
      72        0.000100      120.404562        8.261225
      73        0.000100      118.470144        8.189917
      74        0.000100      116.614282        8.121155
      75        0.000100      114.833252        8.055215
      76        0.000100      113.123375        7.991181
      77        0.000100      111.481330        7.928961
      78        0.000100      109.903700        7.868570
      79        0.000100      108.387250        7.809628
      80        0.000100      106.928844        7.752611
      81        0.000100      105.525363        7.697301
      82        0.000100      104.173837        7.643438
      83        0.000100      102.871576        7.591075
      84        0.000100      101.615968        7.540338
      85        0.000100      100.404528        7.490498
      86        0.000100       99.234863        7.442027
      87        0.000100       98.104779        7.395187
      88        0.000100       97.012146        7.349878
      89        0.000100       95.955016        7.305851
      90        0.000100       94.931497        7.263123
      91        0.000100       93.939714        7.221417
      92        0.000100       92.977958        7.180656
      93        0.000100       92.044640        7.141007
      94        0.000100       91.138243        7.102300
      95        0.000100       90.257354        7.064490
      96        0.000100       89.400639        7.027685
      97        0.000100       88.566900        6.991585
      98        0.000100       87.754989        6.956227
      99        0.000100       86.963945        6.921443
     100        0.000100       86.192779        6.887223
     101        0.000100       85.440540        6.853509
     102        0.000100       84.706485        6.820327
     103        0.000100       83.989859        6.787807
     104        0.000100       83.289950        6.755929
     105        0.000100       82.606075        6.724593
     106        0.000100       81.937605        6.693832
     107        0.000100       81.283965        6.663473
     108        0.000100       80.644633        6.633727
     109        0.000100       80.019110        6.604536
     110        0.000100       79.406873        6.575794
     111        0.000100       78.807478        6.547554
     112        0.000100       78.220496        6.519868
     113        0.000100       77.645604        6.492568
     114        0.000100       77.082442        6.465666
     115        0.000100       76.530669        6.439185
     116        0.000100       75.989948        6.413266
     117        0.000100       75.459992        6.387891
     118        0.000100       74.940523        6.363034
     119        0.000100       74.431254        6.338637
     120        0.000100       73.931935        6.314712
     121        0.000100       73.442281        6.291147
     122        0.000100       72.962046        6.267900
     123        0.000100       72.490991        6.245104
     124        0.000100       72.028897        6.222618
     125        0.000100       71.575532        6.200414
     126        0.000100       71.130728        6.178506
     127        0.000100       70.694300        6.156860
     128        0.000100       70.266072        6.135543
     129        0.000100       69.845891        6.114520
     130        0.000100       69.433582        6.093924
     131        0.000100       69.028976        6.073737
     132        0.000100       68.631929        6.053816
     133        0.000100       68.242270        6.034299
     134        0.000100       67.859847        6.015087
     135        0.000100       67.484513        5.996207
     136        0.000100       67.116120        5.977631
     137        0.000100       66.754551        5.959351
     138        0.000100       66.399679        5.941332
     139        0.000100       66.051366        5.923584
     140        0.000100       65.709424        5.906192
     141        0.000100       65.373764        5.889103
     142        0.000100       65.044247        5.872490
     143        0.000100       64.720797        5.856294
     144        0.000100       64.403297        5.840319
     145        0.000100       64.091649        5.824696
     146        0.000100       63.785690        5.809433
     147        0.000100       63.485321        5.794567
     148        0.000100       63.190471        5.780089
     149        0.000100       62.901015        5.765912
     150        0.000100       62.616815        5.752069
     151        0.000100       62.337753        5.738704
     152        0.000100       62.063738        5.725576
     153        0.000100       61.794654        5.712695
     154        0.000100       61.530417        5.700069
     155        0.000100       61.270908        5.687651
     156        0.000100       61.016026        5.675420
     157        0.000100       60.765637        5.663408
     158        0.000100       60.519607        5.651690
     159        0.000100       60.275409        5.640192
     160        0.000100       60.027501        5.629627
     161        0.000100       59.815489        5.619605
     162        0.000100       59.577059        5.608195
     163        0.000100       59.344619        5.597016
     164        0.000100       59.120054        5.586179
     165        0.000100       58.898702        5.575786
     166        0.000100       58.678852        5.566905
     167        0.000100       58.501414        5.559239
     168        0.000100       58.299023        5.548295
     169        0.000100       58.092963        5.537364
     170        0.000100       57.891964        5.526592
     171        0.000100       57.698676        5.516386
     172        0.000100       57.513785        5.506919
     173        0.000100       57.346778        5.498507
     174        0.000100       57.193022        5.491247
     175        0.000100       57.020525        5.483212
     176        0.000100       56.845573        5.474775
     177        0.000100       56.690204        5.466927
     178        0.000100       56.572245        5.460681
     179        0.000100       56.485328        5.455546
     180        0.000100       56.353535        5.447630
     181        0.000100       56.212559        5.439358
     182        0.000100       56.068382        5.430976
     183        0.000100       55.919571        5.422407
     184        0.000100       55.767273        5.414059
     185        0.000100       55.616623        5.405970
     186        0.000100       55.469383        5.398232
     187        0.000100       55.327843        5.391026
     188        0.000100       55.192416        5.384284
     189        0.000100       55.062768        5.377883
     190        0.000100       54.938275        5.371909
     191        0.000100       54.818282        5.366166
     192        0.000100       54.702442        5.360693
     193        0.000100       54.590649        5.355400
     194        0.000100       54.482687        5.350318
     195        0.000100       54.378249        5.345412
     196        0.000100       54.277131        5.340636
     197        0.000100       54.179222        5.336025
     198        0.000100       54.084551        5.331686
     199        0.000100       53.993035        5.327502
     200        0.000100       53.904795        5.323483
     201        0.000100       53.820024        5.319718
     202        0.000100       53.737610        5.316061
     203        0.000100       53.657854        5.312533
     204        0.000100       53.579942        5.309146
     205        0.000100       53.504104        5.305885
     206        0.000100       53.430309        5.302713
     207        0.000100       53.358299        5.299600
     208        0.000100       53.288335        5.296544
     209        0.000100       53.221692        5.293622
     210        0.000100       53.161682        5.291152
     211        0.000100       53.105372        5.288730
     212        0.000100       53.048856        5.286040
     213        0.000100       52.993663        5.283186
     214        0.000100       52.937302        5.280202
     215        0.000100       52.879738        5.277116
     216        0.000100       52.823157        5.274147
     217        0.000100       52.766745        5.271286
     218        0.000100       52.712149        5.268571
     219        0.000100       52.658423        5.265997
     220        0.000100       52.606979        5.263534
     221        0.000100       52.556734        5.261121
     222        0.000100       52.508587        5.258918
     223        0.000100       52.461632        5.256793
     224        0.000100       52.416110        5.254852
     225        0.000100       52.371480        5.253003
     226        0.000100       52.328404        5.251284
     227        0.000100       52.286720        5.249631
     228        0.000100       52.245496        5.247927
     229        0.000100       52.204109        5.246299
     230        0.000100       52.164401        5.244723
     231        0.000100       52.125795        5.243198
     232        0.000100       52.088496        5.241724
     233        0.000100       52.051535        5.240275
     234        0.000100       52.015448        5.238844
     235        0.000100       51.979814        5.237465
     236        0.000100       51.945189        5.236149
     237        0.000100       51.911900        5.234882
     238        0.000100       51.878619        5.233600
     239        0.000100       51.848331        5.232446
     240        0.000100       51.813577        5.231256
     241        0.000100       51.788396        5.230339
     242        0.000100       51.747419        5.229033
     243        0.000100       51.732509        5.228349
     244        0.000100       51.689836        5.227038
     245        0.000100       51.670857        5.226292
     246        0.000100       51.633187        5.225080
     247        0.000100       51.609304        5.224247
     248        0.000100       51.575584        5.223156
     249        0.000100       51.550532        5.222311
     250        0.000100       51.517228        5.221228
     251        0.000100       51.489830        5.220332
     252        0.000100       51.454344        5.219259
     253        0.000100       51.427042        5.218516
     254        0.000100       51.391581        5.217604
     255        0.000100       51.367123        5.217080
     256        0.000100       51.331264        5.216276
     257        0.000100       51.310499        5.215897
     258        0.000100       51.272254        5.215050
     259        0.000100       51.256847        5.214770
     260        0.000100       51.219149        5.213923
     261        0.000100       51.207005        5.213757
     262        0.000100       51.170727        5.212960
     263        0.000100       51.155824        5.212751
     264        0.000100       51.122255        5.211986
     265        0.000100       51.106633        5.211735
     266        0.000100       51.076501        5.211061
     267        0.000100       51.060862        5.210819
     268        0.000100       51.031360        5.210150
     269        0.000100       51.015124        5.209864
     270        0.000100       50.985539        5.209158
     271        0.000100       50.971201        5.208911
     272        0.000100       50.942285        5.208255
     273        0.000100       50.930236        5.208144
     274        0.000100       50.898938        5.207477
     275        0.000100       50.887876        5.207403
     276        0.000100       50.854936        5.206696
     277        0.000100       50.848679        5.206778
     278        0.000100       50.815439        5.206090
     279        0.000100       50.809495        5.206189
     280        0.000100       50.778556        5.205572
     281        0.000100       50.767454        5.205503
     282        0.000100       50.740884        5.205050
     283        0.000100       50.732006        5.205063
     284        0.000100       50.706367        5.204627
     285        0.000100       50.695966        5.204614
     286        0.000100       50.671666        5.204227
     287        0.000100       50.662845        5.204225
     288        0.000100       50.638518        5.203769
     289        0.000100       50.630546        5.203785
     290        0.000100       50.609221        5.203557
     291        0.000100       50.603563        5.203674
     292        0.000100       50.580887        5.203363
     293        0.000100       50.571706        5.203251
     294        0.000100       50.553528        5.203226
     295        0.000100       50.548194        5.203292
     296        0.000100       50.532826        5.203371
     297        0.000100       50.525077        5.203326
     298        0.000100       50.507220        5.203256
     299        0.000100       50.501695        5.203345
     300        0.000100       50.488285        5.203423
     301        0.000100       50.485418        5.203591
     302        0.000100       50.472160        5.203621
     303        0.000100       50.466499        5.203646
     304        0.000100       50.454683        5.203735
     305        0.000100       50.450263        5.203797
     306        0.000100       50.444125        5.204104
     307        0.000100       50.439180        5.204184
     308        0.000100       50.434351        5.204679
     309        0.000100       50.427000        5.204658
     310        0.000100       50.422926        5.205187
     311        0.000100       50.418805        5.205304
     312        0.000100       50.415633        5.205850
     313        0.000100       50.413833        5.206088
     314        0.000100       50.409777        5.206601
     315        0.000100       50.408337        5.206825
     316        0.000100       50.406129        5.207361
     317        0.000100       50.405481        5.207570
     318        0.000100       50.406370        5.208222
     319        0.000100       50.403511        5.208311
     320        0.000100       50.406277        5.209047
     321        0.000100       50.401285        5.208951
     322        0.000100       50.408651        5.209881
     323        0.000100       50.404699        5.209767
     324        0.000100       50.414119        5.210785
     325        0.000100       50.409248        5.210605
     326        0.000100       50.416944        5.211516
     327        0.000100       50.412958        5.211364
     328        0.000100       50.421911        5.212290
     329        0.000100       50.420110        5.212231
     330        0.000100       50.430014        5.213190
     331        0.000100       50.427602        5.213092
     332        0.000100       50.438962        5.214099
     333        0.000100       50.437100        5.214000
     334        0.000100       50.452657        5.215177
     335        0.000100       50.450488        5.215030
     336        0.000100       50.467042        5.216276
     337        0.000100       50.460986        5.215912
     338        0.000100       50.477363        5.217179
     339        0.000100       50.470781        5.216778
     340        0.000100       50.489713        5.218185
     341        0.000100       50.484837        5.217860
     342        0.000100       50.504878        5.219341
     343        0.000100       50.502298        5.219165
     344        0.000100       50.525132        5.220778
     345        0.000100       50.526536        5.220759
     346        0.000100       50.550773        5.222420
     347        0.000100       50.550666        5.222340
     348        0.000100       50.569547        5.223721
     349        0.000100       50.563536        5.223381
     350        0.000100       50.577908        5.224510
     351        0.000100       50.570081        5.224077
     352        0.000100       50.586160        5.225320
     353        0.000100       50.581928        5.225147
     354        0.000100       50.606488        5.226940
     355        0.000100       50.613470        5.227313
     356        0.000100       50.650694        5.229626
     357        0.000100       50.667679        5.230331
     358        0.000100       50.700997        5.232342
     359        0.000100       50.708533        5.232646
     360        0.000100       50.721413        5.233660
     361        0.000100       50.713009        5.232989
     362        0.000100       50.702454        5.232695
     363        0.000100       50.690316        5.231957
     364        0.000100       50.684873        5.232164
     365        0.000100       50.705987        5.233514
     366        0.000100       50.739728        5.235669
     367        0.000100       50.798072        5.238396
     368        0.000100       50.828672        5.240079
     369        0.000100       50.856161        5.241424
     370        0.000100       50.848656        5.241267
     371        0.000100       50.851366        5.241117
     372        0.000100       50.833771        5.240478
     373        0.000100       50.846027        5.241008
     374        0.000100       50.848923        5.241496
     375        0.000100       50.883471        5.243132
     376        0.000100       50.901582        5.244359
     377        0.000100       50.944535        5.246415
     378        0.000100       50.964918        5.247720
     379        0.000100       50.994128        5.249086
     380        0.000100       50.977995        5.248662
     381        0.000100       50.981045        5.248656
     382        0.000100       50.980951        5.248629
     383        0.000100       51.019987        5.250505
     384        0.000100       51.032238        5.251518
     385        0.000100       51.049534        5.252280
     386        0.000100       51.054329        5.252754
     387        0.000100       51.092000        5.254581
     388        0.000100       51.124955        5.256749
     389        0.000100       51.159901        5.258420
     390        0.000100       51.182571        5.259984
     391        0.000100       51.180168        5.259531
     392        0.000100       51.208369        5.261424
     393        0.000100       51.190761        5.260090
     394        0.000100       51.218402        5.262101
     395        0.000100       51.205097        5.261165
     396        0.000100       51.223283        5.262651
     397        0.000100       51.243803        5.263472
     398        0.000100       51.287121        5.266097
     399        0.000100       51.341760        5.268806
     400        0.000100       51.377529        5.271115
     401        0.000100       51.398129        5.272062
     402        0.000100       51.395272        5.271955
     403        0.000100       51.410163        5.272297
     404        0.000100       51.421454        5.273052
     405        0.000100       51.444285        5.273979
     406        0.000100       51.429260        5.273704
     407        0.000100       51.436720        5.273884
     408        0.000100       51.463802        5.275451
     409        0.000100       51.537651        5.278999
     410        0.000100       51.590487        5.281951
     411        0.000100       51.625243        5.283668
     412        0.000100       51.624345        5.283921
     413        0.000100       51.641518        5.284438
     414        0.000100       51.650399        5.284937
     415        0.000100       51.665885        5.285289
     416        0.000100       51.658221        5.285143
     417        0.000100       51.666025        5.285431
     418        0.000100       51.694575        5.287036
     419        0.000100       51.756294        5.289830
     420        0.000100       51.818942        5.293234
     421        0.000100       51.855049        5.294991
     422        0.000100       51.864956        5.295946
     423        0.000100       51.869192        5.295675
     424        0.000100       51.892936        5.296853
     425        0.000100       51.916379        5.297454
     426        0.000100       51.927980        5.298315
     427        0.000100       51.922610        5.297842
     428        0.000100       51.943679        5.299018
     429        0.000100       51.999743        5.301308
     430        0.000100       52.069945        5.304920
     431        0.000100       52.113441        5.307027
     432        0.000100       52.123436        5.308049
     433        0.000100       52.134264        5.308151
     434        0.000100       52.161705        5.309373
     435        0.000100       52.192227        5.310178
     436        0.000100       52.206128        5.310977
     437        0.000100       52.203809        5.310704
     438        0.000100       52.220536        5.311485
     439        0.000100       52.265178        5.313078
     440        0.000100       52.335046        5.316536
     441        0.000100       52.387068        5.318865
     442        0.000100       52.419588        5.321087
     443        0.000100       52.437682        5.321607
     444        0.000100       52.476799        5.323409
     445        0.000100       52.511544        5.324384
     446        0.000100       52.533542        5.325450
     447        0.000100       52.521880        5.324890
     448        0.000100       52.517391        5.324702
     449        0.000100       52.553639        5.325681
     450        0.000100       52.625105        5.328737
     451        0.000100       52.699814        5.331960
     452        0.000100       52.735592        5.334441
     453        0.000100       52.762529        5.335740
     454        0.000100       52.798536        5.337345
     455        0.000100       52.851363        5.339042
     456        0.000100       52.876551        5.340050
     457        0.000100       52.873312        5.339895
     458        0.000100       52.857204        5.339260
     459        0.000100       52.889357        5.340046
     460        0.000100       52.951895        5.342497
     461        0.000100       53.031596        5.345676
     462        0.000100       53.074939        5.348289
     463        0.000100       53.104980        5.349741
     464        0.000100       53.139134        5.351245
     465        0.000100       53.191849        5.352842
     466        0.000100       53.232687        5.354444
     467        0.000100       53.236374        5.354429
     468        0.000100       53.222564        5.354154
     469        0.000100       53.237525        5.354122
     470        0.000100       53.303179        5.356699
     471        0.000100       53.383503        5.359573
     472        0.000100       53.440106        5.362729
     473        0.000100       53.458490        5.363759
     474        0.000100       53.492338        5.365482
     475        0.000100       53.546341        5.366986
     476        0.000100       53.609836        5.369480
     477        0.000100       53.621838        5.369906
     478        0.000100       53.604432        5.369732
     479        0.000100       53.607097        5.369317
     480        0.000100       53.663673        5.371352
     481        0.000100       53.742817        5.374035
     482        0.000100       53.798838        5.377037
     483        0.000100       53.828657        5.378572
     484        0.000100       53.870762        5.380719
     485        0.000100       53.937097        5.382789
     486        0.000100       54.004413        5.385515
     487        0.000100       54.026516        5.386240
     488        0.000100       54.020786        5.386306
     489        0.000100       54.024110        5.385818
     490        0.000100       54.071190        5.387433
     491        0.000100       54.136039        5.389451
     492        0.000100       54.191386        5.392298
     493        0.000100       54.229218        5.394032
     494        0.000100       54.288706        5.396892
     495        0.000050       54.373719        5.399660
     496        0.000050       54.167707        5.386848
     497        0.000050       54.196344        5.387131
     498        0.000050       54.240644        5.388343
     499        0.000050       54.273391        5.389230
     500        0.000050       54.302765        5.390114
     501        0.000050       54.330791        5.391026
     502        0.000050       54.356844        5.391923
     503        0.000050       54.380879        5.392773
     504        0.000050       54.403684        5.393595
     505        0.000050       54.425945        5.394417
     506        0.000050       54.447906        5.395247
     507        0.000050       54.469518        5.396073
     508        0.000050       54.490796        5.396893
     509        0.000050       54.511837        5.397704
     510        0.000050       54.532733        5.398513
     511        0.000050       54.553533        5.399320
     512        0.000050       54.574264        5.400122
     513        0.000050       54.594912        5.400920
     514        0.000050       54.615494        5.401716
     515        0.000050       54.636023        5.402508
     516        0.000050       54.656509        5.403296
     517        0.000050       54.676948        5.404081
     518        0.000050       54.697377        5.404863
     519        0.000050       54.717832        5.405641
     520        0.000050       54.738318        5.406418
     521        0.000050       54.758788        5.407190
     522        0.000050       54.779299        5.407970
     523        0.000050       54.799770        5.408737
     524        0.000050       54.820333        5.409508
     525        0.000050       54.840840        5.410273
     526        0.000050       54.861526        5.411043
     527        0.000050       54.882068        5.411806
     528        0.000050       54.903072        5.412582
     529        0.000050       54.923379        5.413329
     530        0.000050       54.945354        5.414139
     531        0.000050       54.964067        5.414804
     532        0.000050       54.989918        5.415769
     533        0.000050       55.001024        5.416091
     534        0.000050       55.041475        5.417693
     535        0.000050       55.033732        5.417100
     536        0.000050       55.087756        5.419478
     537        0.000050       55.085235        5.418908
     538        0.000050       55.115588        5.420423
     539        0.000050       55.140108        5.420774
     540        0.000050       55.157543        5.421712
     541        0.000050       55.179449        5.422235
     542        0.000050       55.206575        5.423306
     543        0.000050       55.225121        5.423830
     544        0.000050       55.254218        5.424900
     545        0.000050       55.273558        5.425496
     546        0.000050       55.301333        5.426544
     547        0.000050       55.312363        5.426740
     548        0.000050       55.347361        5.427935
     549        0.000050       55.379097        5.428823
     550        0.000050       55.436913        5.431001
     551        0.000050       55.420505        5.430486
     552        0.000050       55.420672        5.430735
     553        0.000050       55.434650        5.430676
     554        0.000050       55.510643        5.433351
     555        0.000050       55.519373        5.433409
     556        0.000050       55.549819        5.434851
     557        0.000050       55.556996        5.434801
     558        0.000050       55.601330        5.436491
     559        0.000050       55.630127        5.437216
     560        0.000050       55.659548        5.438448
     561        0.000050       55.678204        5.438787
     562        0.000050       55.699685        5.439576
     563        0.000050       55.723015        5.440012
     564        0.000050       55.748262        5.440884
     565        0.000050       55.761657        5.441062
     566        0.000050       55.783514        5.441810
     567        0.000050       55.797787        5.442056
     568        0.000050       55.839949        5.443580
     569        0.000050       55.868362        5.444411
     570        0.000050       55.919542        5.446489
     571        0.000050       55.945826        5.447303
     572        0.000050       55.990851        5.449114
     573        0.000050       56.018064        5.449708
     574        0.000050       56.057321        5.450906
     575        0.000050       56.067290        5.450708
     576        0.000050       56.058589        5.450199
     577        0.000050       56.050060        5.449602
     578        0.000050       56.070944        5.450141
     579        0.000050       56.143432        5.452394
     580        0.000050       56.203313        5.454749
     581        0.000050       56.229019        5.455974
     582        0.000050       56.226771        5.456020
     583        0.000050       56.263701        5.456831
     584        0.000050       56.300051        5.457715
     585        0.000050       56.328815        5.458484
     586        0.000050       56.332887        5.458664
     587        0.000050       56.354741        5.459274
     588        0.000050       56.387642        5.460255
     589        0.000050       56.433590        5.461653
     590        0.000050       56.462582        5.462671
     591        0.000050       56.488648        5.463517
     592        0.000050       56.509466        5.464153
     593        0.000050       56.545363        5.465102
     594        0.000050       56.575915        5.465967
     595        0.000050       56.603880        5.466727
     596        0.000050       56.615053        5.467072
     597        0.000050       56.635022        5.467518
     598        0.000050       56.665515        5.468386
     599        0.000050       56.710932        5.469626
     600        0.000050       56.747183        5.470942
     601        0.000050       56.763990        5.471459
     602        0.000050       56.784062        5.472468
     603        0.000050       56.821915        5.473296
     604        0.000050       56.884446        5.475117
     605        0.000050       56.923089        5.476120
     606        0.000050       56.913342        5.475937
     607        0.000050       56.941624        5.477007
     608        0.000050       56.940122        5.476169
     609        0.000050       57.010435        5.478242
     610        0.000050       57.011751        5.477935
     611        0.000050       57.036698        5.478995
     612        0.000050       57.049712        5.479464
     613        0.000050       57.108742        5.481289
     614        0.000050       57.156765        5.482664
     615        0.000050       57.201137        5.484172
     616        0.000050       57.214677        5.484712
     617        0.000050       57.242390        5.485535
     618        0.000050       57.268634        5.485930
     619        0.000050       57.305520        5.486478
     620        0.000050       57.313632        5.486504
     621        0.000050       57.320455        5.486717
     622        0.000050       57.329656        5.487132
     623        0.000050       57.381873        5.488568
     624        0.000050       57.442403        5.490258
     625        0.000050       57.496049        5.492143
     626        0.000050       57.513464        5.493149
     627        0.000050       57.538622        5.494136
     628        0.000050       57.577451        5.494796
     629        0.000050       57.622002        5.495277
     630        0.000050       57.626240        5.495013
     631        0.000050       57.619754        5.494939
     632        0.000050       57.627173        5.495289
     633        0.000050       57.684511        5.496787
     634        0.000050       57.745091        5.498476
     635        0.000050       57.793153        5.500171
     636        0.000050       57.809490        5.501084
     637        0.000050       57.839812        5.501979
     638        0.000050       57.873675        5.502464
     639        0.000050       57.912290        5.502983
     640        0.000050       57.920534        5.503013
     641        0.000050       57.929236        5.503399
     642        0.000050       57.946473        5.503964
     643        0.000050       58.002499        5.505398
     644        0.000050       58.055412        5.506742
     645        0.000050       58.099107        5.508218
     646        0.000050       58.110869        5.508940
     647        0.000050       58.144619        5.510055
     648        0.000050       58.180110        5.510525
     649        0.000050       58.237469        5.511687
     650        0.000050       58.232370        5.511085
     651        0.000050       58.249998        5.512151
     652        0.000050       58.242493        5.511630
     653        0.000050       58.317066        5.513760
     654        0.000050       58.358565        5.514508
     655        0.000050       58.406419        5.516247
     656        0.000050       58.413716        5.516975
     657        0.000050       58.457244        5.518375
     658        0.000050       58.501465        5.519237
     659        0.000050       58.554613        5.520232
     660        0.000050       58.560362        5.520283
     661        0.000050       58.567171        5.520545
     662        0.000050       58.577139        5.520718
     663        0.000050       58.629160        5.521763
     664        0.000050       58.669230        5.522627
     665        0.000050       58.707955        5.523991
     666        0.000050       58.722709        5.524958
     667        0.000050       58.773386        5.526693
     668        0.000050       58.827353        5.527933
     669        0.000050       58.894468        5.529520
     670        0.000050       58.902466        5.529571
     671        0.000050       58.911013        5.529989
     672        0.000050       58.906447        5.529411
     673        0.000050       58.958575        5.530314
     674        0.000050       58.987209        5.530487
     675        0.000050       59.024582        5.531919
     676        0.000050       59.031019        5.532679
     677        0.000050       59.090599        5.534851
     678        0.000050       59.152379        5.536363
     679        0.000050       59.221660        5.537993
     680        0.000050       59.232489        5.538249
     681        0.000050       59.238460        5.538499
     682        0.000050       59.244186        5.538377
     683        0.000050       59.293229        5.539108
     684        0.000050       59.330055        5.539750
     685        0.000050       59.361837        5.540863
     686        0.000050       59.373784        5.541770
     687        0.000050       59.423267        5.543412
     688        0.000050       59.482233        5.544799
     689        0.000050       59.547909        5.546309
     690        0.000050       59.562189        5.546686
     691        0.000050       59.573761        5.547257
     692        0.000050       59.579907        5.547158
     693        0.000050       59.637921        5.548254
     694        0.000050       59.670079        5.548467
     695        0.000050       59.708153        5.549869
     696        0.000025       59.701901        5.550015
     697        0.000025       59.540916        5.540649
     698        0.000025       59.583903        5.541843
     699        0.000025       59.601873        5.542274
     700        0.000025       59.618326        5.542599
     701        0.000025       59.636254        5.543041
     702        0.000025       59.655633        5.543558
     703        0.000025       59.675020        5.544079
     704        0.000025       59.693679        5.544569
     705        0.000025       59.711745        5.545039
     706        0.000025       59.729654        5.545502
     707        0.000025       59.747578        5.545965
     708        0.000025       59.765586        5.546428
     709        0.000025       59.783604        5.546890
     710        0.000025       59.801630        5.547346
     711        0.000025       59.819673        5.547801
     712        0.000025       59.837727        5.548255
     713        0.000025       59.855820        5.548705
     714        0.000025       59.873939        5.549154
     715        0.000025       59.892068        5.549603
     716        0.000025       59.910220        5.550050
     717        0.000025       59.928370        5.550495
     718        0.000025       59.946547        5.550940
     719        0.000025       59.964717        5.551385
     720        0.000025       59.982882        5.551831
     721        0.000025       60.001072        5.552273
     722        0.000025       60.019254        5.552715
     723        0.000025       60.037460        5.553154
     724        0.000025       60.055653        5.553596
     725        0.000025       60.073843        5.554035
     726        0.000025       60.092045        5.554472
     727        0.000025       60.110233        5.554910
     728        0.000025       60.128443        5.555345
     729        0.000025       60.146671        5.555781
     730        0.000025       60.164877        5.556222
     731        0.000025       60.183089        5.556657
     732        0.000025       60.201269        5.557093
     733        0.000025       60.219437        5.557516
     734        0.000025       60.237791        5.557964
     735        0.000025       60.256134        5.558419
     736        0.000025       60.273744        5.558838
     737        0.000025       60.293032        5.559279
     738        0.000025       60.310590        5.559725
     739        0.000025       60.330121        5.560158
     740        0.000025       60.343581        5.560521
     741        0.000025       60.369088        5.561100
     742        0.000025       60.378347        5.561186
     743        0.000025       60.417346        5.562478
     744        0.000025       60.411477        5.561780
     745        0.000025       60.446919        5.563230
     746        0.000025       60.446562        5.562931
     747        0.000025       60.476030        5.563759
     748        0.000025       60.504334        5.564131
     749        0.000025       60.539936        5.564845
     750        0.000025       60.545708        5.565048
     751        0.000025       60.533004        5.565212
     752        0.000025       60.549217        5.565598
     753        0.000025       60.596602        5.566399
     754        0.000025       60.626527        5.566947
     755        0.000025       60.636194        5.567316
     756        0.000025       60.641265        5.567577
     757        0.000025       60.660642        5.568053
     758        0.000025       60.685559        5.568555
     759        0.000025       60.711150        5.569123
     760        0.000025       60.724618        5.569418
     761        0.000025       60.743366        5.569953
     762        0.000025       60.749715        5.569986
     763        0.000025       60.784795        5.570958
     764        0.000025       60.784694        5.570480
     765        0.000025       60.827232        5.571979
     766        0.000025       60.825086        5.571587
     767        0.000025       60.850380        5.572458
     768        0.000025       60.863609        5.572642
     769        0.000025       60.892846        5.573405
     770        0.000025       60.914853        5.573835
     771        0.000025       60.934551        5.574331
     772        0.000025       60.946225        5.574698
     773        0.000025       60.958693        5.575035
     774        0.000025       60.981787        5.575517
     775        0.000025       61.011224        5.575952
     776        0.000025       61.037141        5.576415
     777        0.000025       61.043753        5.576560
     778        0.000025       61.040471        5.576786
     779        0.000025       61.050264        5.576967
     780        0.000025       61.092820        5.577826
     781        0.000025       61.122540        5.578150
     782        0.000025       61.150030        5.579263
     783        0.000025       61.138909        5.578921
     784        0.000025       61.171297        5.580369
     785        0.000025       61.191972        5.580385
     786        0.000025       61.239608        5.581780
     787        0.000025       61.251820        5.581688
     788        0.000025       61.259717        5.581923
     789        0.000025       61.260740        5.581694
     790        0.000025       61.273349        5.581822
     791        0.000025       61.293247        5.582060
     792        0.000025       61.314567        5.582588
     793        0.000025       61.334223        5.583256
     794        0.000025       61.353878        5.584105
     795        0.000025       61.379224        5.584917
     796        0.000025       61.409938        5.585619
     797        0.000025       61.439232        5.586063
     798        0.000025       61.455405        5.586253
     799        0.000025       61.458183        5.586214
     800        0.000025       61.457470        5.586246
     801        0.000025       61.474359        5.586560
     802        0.000025       61.506914        5.587208
     803        0.000025       61.541523        5.587936
     804        0.000025       61.559732        5.588595
     805        0.000025       61.565993        5.589078
     806        0.000025       61.579067        5.589586
     807        0.000025       61.613637        5.590163
     808        0.000025       61.646900        5.590633
     809        0.000025       61.663359        5.590825
     810        0.000025       61.662147        5.590858
     811        0.000025       61.664225        5.590980
     812        0.000025       61.684217        5.591395
     813        0.000025       61.717096        5.592031
     814        0.000025       61.745342        5.592725
     815        0.000025       61.764211        5.593391
     816        0.000025       61.777090        5.594003
     817        0.000025       61.798896        5.594635
     818        0.000025       61.829201        5.595230
     819        0.000025       61.858206        5.595653
     820        0.000025       61.871836        5.595757
     821        0.000025       61.871537        5.595607
     822        0.000025       61.871219        5.595577
     823        0.000025       61.885171        5.595728
     824        0.000025       61.918098        5.596508
     825        0.000025       61.946399        5.597060
     826        0.000025       61.979042        5.598487
     827        0.000025       61.986676        5.598836
     828        0.000025       62.013604        5.599909
     829        0.000025       62.035825        5.599875
     830        0.000025       62.069370        5.600363
     831        0.000025       62.078117        5.600151
     832        0.000025       62.077480        5.600263
     833        0.000025       62.077868        5.600449
     834        0.000025       62.102422        5.601143
     835        0.000025       62.141428        5.601935
     836        0.000025       62.175510        5.602714
     837        0.000025       62.191833        5.603169
     838        0.000025       62.196963        5.603502
     839        0.000025       62.208615        5.603760
     840        0.000025       62.235042        5.604181
     841        0.000025       62.263797        5.604537
     842        0.000025       62.282148        5.604894
     843        0.000025       62.288329        5.605122
     844        0.000025       62.295364        5.605528
     845        0.000025       62.316919        5.606018
     846        0.000025       62.352928        5.606819
     847        0.000025       62.383582        5.607369
     848        0.000025       62.404252        5.608052
     849        0.000025       62.407073        5.608156
     850        0.000025       62.423195        5.608825
     851        0.000025       62.441851        5.608779
     852        0.000025       62.480777        5.609693
     853        0.000025       62.490975        5.609357
     854        0.000025       62.504766        5.610079
     855        0.000025       62.496313        5.609773
     856        0.000025       62.522321        5.610737
     857        0.000025       62.550988        5.611073
     858        0.000025       62.595520        5.612275
     859        0.000025       62.611987        5.612600
     860        0.000025       62.626939        5.613403
     861        0.000025       62.630903        5.613461
     862        0.000025       62.663188        5.614228
     863        0.000025       62.687072        5.614205
     864        0.000025       62.712012        5.614661
     865        0.000025       62.709372        5.614366
     866        0.000025       62.713551        5.614793
     867        0.000025       62.721459        5.614894
     868        0.000025       62.761188        5.616007
     869        0.000025       62.795765        5.616663
     870        0.000025       62.828933        5.617766
     871        0.000025       62.838083        5.618093
     872        0.000025       62.851891        5.618704
     873        0.000025       62.868614        5.618776
     874        0.000025       62.899182        5.619172
     875        0.000025       62.915917        5.619058
     876        0.000025       62.924715        5.619289
     877        0.000025       62.922002        5.619341
     878        0.000025       62.936909        5.620038
     879        0.000025       62.969612        5.620784
     880        0.000025       63.015249        5.621921
     881        0.000025       63.044086        5.622501
     882        0.000025       63.058400        5.623048
     883        0.000025       63.057368        5.623017
     884        0.000025       63.072940        5.623341
     885        0.000025       63.095745        5.623361
     886        0.000025       63.125568        5.623868
     887        0.000025       63.135817        5.623925
     888        0.000025       63.145686        5.624591
     889        0.000025       63.151619        5.624866
     890        0.000025       63.188243        5.626017
     891        0.000025       63.223115        5.626526
     892        0.000025       63.261418        5.627496
     893        0.000025       63.268234        5.627445
     894        0.000025       63.275437        5.627886
     895        0.000025       63.276495        5.627645
     896        0.000025       63.305264        5.628216
     897        0.000013       63.329530        5.628318
     898        0.000013       63.292639        5.626261
     899        0.000013       63.289104        5.626572
     900        0.000013       63.293860        5.626808
     901        0.000013       63.298612        5.627028
     902        0.000013       63.305023        5.627289
     903        0.000013       63.312306        5.627559
     904        0.000013       63.319597        5.627815
     905        0.000013       63.326711        5.628056
     906        0.000013       63.333792        5.628290
     907        0.000013       63.340971        5.628517
     908        0.000013       63.348302        5.628745
     909        0.000013       63.355725        5.628971
     910        0.000013       63.363229        5.629188
     911        0.000013       63.370815        5.629400
     912        0.000013       63.378525        5.629613
     913        0.000013       63.386377        5.629824
     914        0.000013       63.394351        5.630030
     915        0.000013       63.402475        5.630236
     916        0.000013       63.410726        5.630440
     917        0.000013       63.419140        5.630644
     918        0.000013       63.427653        5.630846
     919        0.000013       63.436304        5.631048
     920        0.000013       63.445067        5.631248
     921        0.000013       63.453958        5.631447
     922        0.000013       63.462931        5.631645
     923        0.000013       63.472015        5.631844
     924        0.000013       63.481194        5.632041
     925        0.000013       63.490435        5.632237
     926        0.000013       63.499774        5.632434
     927        0.000013       63.509152        5.632627
     928        0.000013       63.518615        5.632825
     929        0.000013       63.528083        5.633019
     930        0.000013       63.537700        5.633218
     931        0.000013       63.547181        5.633411
     932        0.000013       63.556988        5.633616
     933        0.000013       63.566246        5.633791
     934        0.000013       63.576695        5.634028
     935        0.000013       63.584832        5.634135
     936        0.000013       63.597640        5.634505
     937        0.000013       63.602176        5.634400
     938        0.000013       63.619367        5.635015
     939        0.000013       63.621658        5.634802
     940        0.000013       63.637735        5.635317
     941        0.000013       63.643504        5.635308
     942        0.000013       63.656389        5.635646
     943        0.000013       63.663555        5.635710
     944        0.000013       63.675409        5.636001
     945        0.000013       63.683134        5.636090
     946        0.000013       63.694625        5.636371
     947        0.000013       63.702808        5.636480
     948        0.000013       63.714534        5.636776
     949        0.000013       63.723046        5.636899
     950        0.000013       63.735166        5.637209
     951        0.000013       63.743296        5.637311
     952        0.000013       63.755743        5.637623
     953        0.000013       63.762711        5.637672
     954        0.000013       63.776378        5.638053
     955        0.000013       63.781080        5.637992
     956        0.000013       63.796780        5.638466
     957        0.000013       63.799306        5.638304
     958        0.000013       63.816342        5.638861
     959        0.000013       63.819657        5.638734
     960        0.000013       63.835871        5.639250
     961        0.000013       63.841793        5.639239
     962        0.000013       63.856259        5.639660
     963        0.000013       63.863398        5.639704
     964        0.000013       63.876499        5.640047
     965        0.000013       63.883785        5.640099
     966        0.000013       63.895841        5.640387
     967        0.000013       63.902515        5.640417
     968        0.000013       63.914402        5.640708
     969        0.000013       63.920341        5.640719
     970        0.000013       63.933548        5.641128
     971        0.000013       63.938957        5.641108
     972        0.000013       63.954741        5.641651
     973        0.000013       63.959873        5.641615
     974        0.000013       63.977512        5.642228
     975        0.000013       63.983097        5.642201
     976        0.000013       64.000356        5.642784
     977        0.000013       64.006536        5.642754
     978        0.000013       64.020867        5.643167
     979        0.000013       64.026354        5.643107
     980        0.000013       64.036437        5.643347
     981        0.000013       64.041275        5.643302
     982        0.000013       64.050548        5.643541
     983        0.000013       64.057406        5.643610
     984        0.000013       64.068717        5.643959
     985        0.000013       64.079228        5.644221
     986        0.000013       64.093495        5.644729
     987        0.000013       64.106974        5.645107
     988        0.000013       64.122185        5.645560
     989        0.000013       64.135517        5.645779
     990        0.000013       64.147298        5.645978
     991        0.000013       64.152571        5.645855
     992        0.000013       64.154383        5.645757
     993        0.000013       64.156232        5.645706
     994        0.000013       64.164028        5.645968
     995        0.000013       64.178756        5.646365
     996        0.000013       64.198243        5.646945
     997        0.000013       64.214244        5.647360
     998        0.000013       64.222365        5.647616
     999        0.000013       64.224389        5.647662
    1000        0.000013       64.232588        5.647769
    1001        0.000013       64.248490        5.647910
    1002        0.000013       64.265217        5.648158
    1003        0.000013       64.274025        5.648346
    1004        0.000013       64.275159        5.648567
    1005        0.000013       64.277573        5.648768
    1006        0.000013       64.293462        5.649138
    1007        0.000013       64.312913        5.649444
    1008        0.000013       64.327936        5.649744
    1009        0.000013       64.335261        5.649876
    1010        0.000013       64.339719        5.650046
    1011        0.000013       64.345033        5.650112
    1012        0.000013       64.356567        5.650363
    1013        0.000013       64.367989        5.650480
    1014        0.000013       64.381528        5.650873
    1015        0.000013       64.387857        5.650906
    1016        0.000013       64.400444        5.651464
    1017        0.000013       64.405170        5.651400
    1018        0.000013       64.423861        5.652077
    1019        0.000013       64.432383        5.652024
    1020        0.000013       64.449357        5.652528
    1021        0.000013       64.454223        5.652459
    1022        0.000013       64.463488        5.652769
    1023        0.000013       64.466234        5.652693
    1024        0.000013       64.478545        5.653023
    1025        0.000013       64.487795        5.653071
    1026        0.000013       64.503344        5.653503
    1027        0.000013       64.510384        5.653599
    1028        0.000013       64.521282        5.654074
    1029        0.000013       64.526180        5.654191
    1030        0.000013       64.543621        5.654736
    1031        0.000013       64.557473        5.654844
    1032        0.000013       64.577448        5.655321
    1033        0.000013       64.581771        5.655206
    1034        0.000013       64.586592        5.655462
    1035        0.000013       64.582649        5.655248
    1036        0.000013       64.595731        5.655583
    1037        0.000013       64.608378        5.655618
    1038        0.000013       64.626727        5.656109
    1039        0.000013       64.633876        5.656264
    1040        0.000013       64.643019        5.656802
    1041        0.000013       64.649585        5.657039
    1042        0.000013       64.667982        5.657536
    1043        0.000013       64.684049        5.657685
    1044        0.000013       64.699020        5.657950
    1045        0.000013       64.701840        5.657815
    1046        0.000013       64.703509        5.657875
    1047        0.000013       64.704511        5.657825
    1048        0.000013       64.716146        5.658152
    1049        0.000013       64.730087        5.658416
    1050        0.000013       64.748394        5.658982
    1051        0.000013       64.760447        5.659313
    1052        0.000013       64.771172        5.659727
    1053        0.000013       64.777697        5.659819
    1054        0.000013       64.790281        5.660070
    1055        0.000013       64.800193        5.660035
    1056        0.000013       64.811904        5.660233
    1057        0.000013       64.816285        5.660212
    1058        0.000013       64.822465        5.660522
    1059        0.000013       64.825974        5.660629
    1060        0.000013       64.842163        5.661171
    1061        0.000013       64.858250        5.661424
    1062        0.000013       64.878923        5.661973
    1063        0.000013       64.887262        5.662030
    1064        0.000013       64.894861        5.662348
    1065        0.000013       64.893567        5.662207
    1066        0.000013       64.905081        5.662498
    1067        0.000013       64.916368        5.662486
    1068        0.000013       64.933428        5.662882
    1069        0.000013       64.940056        5.662932
    1070        0.000013       64.947657        5.663346
    1071        0.000013       64.950423        5.663473
    1072        0.000013       64.966476        5.663997
    1073        0.000013       64.982865        5.664210
    1074        0.000013       65.002521        5.664665
    1075        0.000013       65.010039        5.664677
    1076        0.000013       65.016306        5.664919
    1077        0.000013       65.015434        5.664784
    1078        0.000013       65.025612        5.665054
    1079        0.000013       65.035648        5.665055
    1080        0.000013       65.052092        5.665473
    1081        0.000013       65.059713        5.665563
    1082        0.000013       65.070699        5.666081
    1083        0.000013       65.075919        5.666259
    1084        0.000013       65.092275        5.666818
    1085        0.000013       65.106615        5.666967
    1086        0.000013       65.125910        5.667402
    1087        0.000013       65.132336        5.667313
    1088        0.000013       65.137921        5.667484
    1089        0.000013       65.135263        5.667293
    1090        0.000013       65.143458        5.667545
    1091        0.000013       65.153930        5.667630
    1092        0.000013       65.173017        5.668151
    1093        0.000013       65.185699        5.668431
    1094        0.000013       65.198301        5.668971
    1095        0.000013       65.203039        5.669141
    1096        0.000013       65.215204        5.669504
    1097        0.000013       65.227976        5.669557
    1098        0.000006       65.244145        5.669795
    1099        0.000006       65.243185        5.669494
    1100        0.000006       65.231129        5.669487
    1101        0.000006       65.233260        5.669629
    1102        0.000006       65.234506        5.669744
    1103        0.000006       65.236173        5.669847
    1104        0.000006       65.238086        5.669945
    1105        0.000006       65.240251        5.670044
    1106        0.000006       65.242622        5.670142
    1107        0.000006       65.245179        5.670242
    1108        0.000006       65.247907        5.670341
    1109        0.000006       65.250757        5.670445
    1110        0.000006       65.253753        5.670547
    1111        0.000006       65.256867        5.670650
    1112        0.000006       65.260099        5.670756
    1113        0.000006       65.263451        5.670863
    1114        0.000006       65.266917        5.670969
    1115        0.000006       65.270480        5.671075
    1116        0.000006       65.274147        5.671182
    1117        0.000006       65.277912        5.671289
    1118        0.000006       65.281763        5.671399
    1119        0.000006       65.285706        5.671509
    1120        0.000006       65.289745        5.671618
    1121        0.000006       65.293868        5.671729
    1122        0.000006       65.298064        5.671840
    1123        0.000006       65.302332        5.671950
    1124        0.000006       65.306656        5.672061
    1125        0.000006       65.311061        5.672173
    1126        0.000006       65.315529        5.672285
    1127        0.000006       65.320059        5.672395
    1128        0.000006       65.324639        5.672506
    1129        0.000006       65.329270        5.672617
    1130        0.000006       65.333953        5.672732
    1131        0.000006       65.338681        5.672843
    1132        0.000006       65.343439        5.672955
    1133        0.000006       65.348243        5.673068
    1134        0.000006       65.353099        5.673180
    1135        0.000006       65.357988        5.673292
    1136        0.000006       65.362913        5.673406
    1137        0.000006       65.367862        5.673522
    1138        0.000006       65.372836        5.673634
    1139        0.000006       65.377840        5.673748
    1140        0.000006       65.382866        5.673859
    1141        0.000006       65.387934        5.673974
    1142        0.000006       65.393040        5.674092
    1143        0.000006       65.398142        5.674205
    1144        0.000006       65.403270        5.674320
    1145        0.000006       65.408393        5.674434
    1146        0.000006       65.413540        5.674548
    1147        0.000006       65.418693        5.674663
    1148        0.000006       65.423978        5.674784
    1149        0.000006       65.429146        5.674898
    1150        0.000006       65.434614        5.675025
    1151        0.000006       65.439203        5.675103
    1152        0.000006       65.445951        5.675294
    1153        0.000006       65.448118        5.675257
    1154        0.000006       65.457942        5.675617
    1155        0.000006       65.458812        5.675490
    1156        0.000006       65.467241        5.675776
    1157        0.000006       65.471084        5.675810
    1158        0.000006       65.477145        5.675962
    1159        0.000006       65.481768        5.676043
    1160        0.000006       65.487304        5.676170
    1161        0.000006       65.492173        5.676264
    1162        0.000006       65.497670        5.676392
    1163        0.000006       65.502812        5.676497
    1164        0.000006       65.508493        5.676633
    1165        0.000006       65.513798        5.676744
    1166        0.000006       65.519538        5.676877
    1167        0.000006       65.524765        5.676984
    1168        0.000006       65.530332        5.677108
    1169        0.000006       65.535203        5.677197
    1170        0.000006       65.540623        5.677316
    1171        0.000006       65.545148        5.677389
    1172        0.000006       65.550802        5.677528
    1173        0.000006       65.554911        5.677584
    1174        0.000006       65.561996        5.677792
    1175        0.000006       65.565233        5.677811
    1176        0.000006       65.575404        5.678172
    1177        0.000006       65.577107        5.678090
    1178        0.000006       65.587632        5.678461
    1179        0.000006       65.589667        5.678376
    1180        0.000006       65.596655        5.678568
    1181        0.000006       65.599463        5.678541
    1182        0.000006       65.604559        5.678656
    1183        0.000006       65.608003        5.678689
    1184        0.000006       65.613340        5.678831
    1185        0.000006       65.618505        5.678956
    1186        0.000006       65.625279        5.679160
    1187        0.000006       65.632102        5.679349
    1188        0.000006       65.639455        5.679551
    1189        0.000006       65.646031        5.679695
    1190        0.000006       65.652128        5.679811
    1191        0.000006       65.656664        5.679852
    1192        0.000006       65.660123        5.679860
    1193        0.000006       65.662698        5.679842
    1194        0.000006       65.665840        5.679881
    1195        0.000006       65.669889        5.679977
    1196        0.000006       65.676134        5.680183
    1197        0.000006       65.684053        5.680442
    1198        0.000006       65.692804        5.680718
    1199        0.000006       65.700115        5.680881
    1200        0.000006       65.706268        5.680990
    1201        0.000006       65.710092        5.680987
    1202        0.000006       65.713282        5.680995
    1203        0.000006       65.716172        5.681005
    1204        0.000006       65.720621        5.681115
    1205        0.000006       65.725894        5.681253
    1206        0.000006       65.732642        5.681456
    1207        0.000006       65.739405        5.681636
    1208        0.000006       65.746262        5.681811
    1209        0.000006       65.752118        5.681927
    1210        0.000006       65.757483        5.682025
    1211        0.000006       65.761794        5.682071
    1212        0.000006       65.766202        5.682144
    1213        0.000006       65.770233        5.682201
    1214        0.000006       65.775345        5.682327
    1215        0.000006       65.780054        5.682420
    1216        0.000006       65.786819        5.682629
    1217        0.000006       65.791857        5.682720
    1218        0.000006       65.800401        5.683023
    1219        0.000006       65.804100        5.683017
    1220        0.000006       65.812979        5.683327
    1221        0.000006       65.815097        5.683238
    1222        0.000006       65.822058        5.683448
    1223        0.000006       65.824343        5.683401
    1224        0.000006       65.830049        5.683561
    1225        0.000006       65.833296        5.683586
    1226        0.000006       65.839602        5.683782
    1227        0.000006       65.844324        5.683881
    1228        0.000006       65.851605        5.684110
    1229        0.000006       65.857330        5.684241
    1230        0.000006       65.864748        5.684460
    1231        0.000006       65.869935        5.684546
    1232        0.000006       65.876371        5.684704
    1233        0.000006       65.880046        5.684717
    1234        0.000006       65.885222        5.684826
    1235        0.000006       65.887816        5.684810
    1236        0.000006       65.892961        5.684950
    1237        0.000006       65.895796        5.684952
    1238        0.000006       65.902641        5.685190
    1239        0.000006       65.907195        5.685278
    1240        0.000006       65.916359        5.685618
    1241        0.000006       65.922076        5.685732
    1242        0.000006       65.930948        5.686012
    1243        0.000006       65.935097        5.686018
    1244        0.000006       65.941695        5.686178
    1245        0.000006       65.943388        5.686093
    1246        0.000006       65.947475        5.686181
    1247        0.000006       65.949722        5.686165
    1248        0.000006       65.955252        5.686334
    1249        0.000006       65.960257        5.686461
    1250        0.000006       65.968328        5.686738
    1251        0.000006       65.975120        5.686915
    1252        0.000006       65.982652        5.687123
    1253        0.000006       65.987818        5.687197
    1254        0.000006       65.993269        5.687300
    1255        0.000006       65.996465        5.687302
    1256        0.000006       66.000862        5.687398
    1257        0.000006       66.004129        5.687427
    1258        0.000006       66.009777        5.687587
    1259        0.000006       66.014361        5.687681
    1260        0.000006       66.021909        5.687934
    1261        0.000006       66.027400        5.688051
    1262        0.000006       66.035572        5.688313
    1263        0.000006       66.039906        5.688345
    1264        0.000006       66.047191        5.688555
    1265        0.000006       66.049637        5.688498
    1266        0.000006       66.055658        5.688678
    1267        0.000006       66.057689        5.688627
    1268        0.000006       66.063755        5.688820
    1269        0.000006       66.066891        5.688829
    1270        0.000006       66.074137        5.689073
    1271        0.000006       66.079046        5.689174
    1272        0.000006       66.087135        5.689441
    1273        0.000006       66.092487        5.689540
    1274        0.000006       66.099922        5.689751
    1275        0.000006       66.104076        5.689776
    1276        0.000006       66.110009        5.689926
    1277        0.000006       66.112726        5.689908
    1278        0.000006       66.117724        5.690038
    1279        0.000006       66.120333        5.690024
    1280        0.000006       66.126172        5.690205
    1281        0.000006       66.130052        5.690249
    1282        0.000006       66.137966        5.690534
    1283        0.000006       66.143661        5.690664
    1284        0.000006       66.152375        5.690953
    1285        0.000006       66.157451        5.691017
    1286        0.000006       66.164959        5.691222
    1287        0.000006       66.167831        5.691188
    1288        0.000006       66.172891        5.691312
    1289        0.000006       66.174500        5.691248
    1290        0.000006       66.179375        5.691385
    1291        0.000006       66.182381        5.691405
    1292        0.000006       66.189482        5.691643
    1293        0.000006       66.195319        5.691792
    1294        0.000006       66.203958        5.692080
    1295        0.000006       66.209954        5.692197
    1296        0.000006       66.217111        5.692380
    1297        0.000006       66.220951        5.692394
    1298        0.000006       66.225910        5.692505
    1299        0.000003       66.228323        5.692483
    1300        0.000003       66.231917        5.692546
    1301        0.000003       66.236073        5.692658
    1302        0.000003       66.238885        5.692770
    1303        0.000003       66.241573        5.692853
    1304        0.000003       66.243857        5.692924
    1305        0.000003       66.246133        5.692989
    1306        0.000003       66.248392        5.693049
    1307        0.000003       66.250646        5.693111
    1308        0.000003       66.252892        5.693172
    1309        0.000003       66.255130        5.693232
    1310        0.000003       66.257374        5.693286
    1311        0.000003       66.259618        5.693344
    1312        0.000003       66.261869        5.693401
    1313        0.000003       66.264136        5.693458
    1314        0.000003       66.266414        5.693516
    1315        0.000003       66.268705        5.693571
    1316        0.000003       66.271002        5.693628
    1317        0.000003       66.273318        5.693685
    1318        0.000003       66.275662        5.693742
    1319        0.000003       66.278010        5.693799
