       0        0.000100     7457.714237       82.675369
       1        0.000100     7036.316935       80.062958
       2        0.000100     6572.045858       77.081924
       3        0.000100     6064.886622       73.682739
       4        0.000100     5509.191182       69.758293
       5        0.000100     4909.049110       65.244461
       6        0.000100     4279.336650       60.149796
       7        0.000100     3642.324485       54.577499
       8        0.000100     3026.180272       48.766327
       9        0.000100     2461.187614       43.062561
      10        0.000100     1973.627822       37.811878
      11        0.000100     1580.132756       33.330242
      12        0.000100     1284.574763       29.779913
      13        0.000100     1078.317627       27.188911
      14        0.000100      943.832749       25.385563
      15        0.000100      860.263958       24.163950
      16        0.000100      808.609970       23.381018
      17        0.000100      774.669787       22.849596
      18        0.000100      749.446190       22.436916
      19        0.000100      727.999395       22.076843
      20        0.000100      707.941976       21.740057
      21        0.000100      688.252089       21.411013
      22        0.000100      668.552856       21.082502
      23        0.000100      648.741090       20.750755
      24        0.000100      628.819026       20.413733
      25        0.000100      608.826234       20.071766
      26        0.000100      588.816850       19.724691
      27        0.000100      568.847339       19.372799
      28        0.000100      548.974149       19.016201
      29        0.000100      529.254102       18.655365
      30        0.000100      509.741851       18.291866
      31        0.000100      490.486126       17.924660
      32        0.000100      471.523271       17.555555
      33        0.000100      452.767300       17.182924
      34        0.000100      432.520096       16.772936
      35        0.000100      413.025640       16.369602
      36        0.000100      394.713810       15.978454
      37        0.000100      376.777829       15.585375
      38        0.000100      358.754022       15.181615
      39        0.000100      340.960218       14.769163
      40        0.000100      324.335031       14.371194
      41        0.000100      308.942404       13.990135
      42        0.000100      294.613777       13.623826
      43        0.000100      281.255896       13.272856
      44        0.000100      268.820367       12.936069
      45        0.000100      257.270331       12.614950
      46        0.000100      246.571859       12.311712
      47        0.000100      236.687675       12.022693
      48        0.000100      227.573866       11.748264
      49        0.000100      219.183774       11.490341
      50        0.000100      211.469499       11.249767
      51        0.000100      204.381003       11.024872
      52        0.000100      197.867498       10.813596
      53        0.000100      191.879298       10.616168
      54        0.000100      186.367751       10.431867
      55        0.000100      181.286671       10.259460
      56        0.000100      176.592719       10.099899
      57        0.000100      172.245159        9.951836
      58        0.000100      168.206526        9.814116
      59        0.000100      164.442712        9.683992
      60        0.000100      160.923125        9.560954
      61        0.000100      157.620367        9.445928
      62        0.000100      154.510470        9.338195
      63        0.000100      151.572530        9.237081
      64        0.000100      148.788313        9.141685
      65        0.000100      146.141867        9.050802
      66        0.000100      143.619562        8.964032
      67        0.000100      141.209021        8.880604
      68        0.000100      138.899558        8.800250
      69        0.000100      136.681874        8.722925
      70        0.000100      134.548000        8.648512
      71        0.000100      132.491153        8.576769
      72        0.000100      130.505491        8.507133
      73        0.000100      128.586048        8.439641
      74        0.000100      126.728311        8.373899
      75        0.000100      124.928285        8.309630
      76        0.000100      123.182452        8.246717
      77        0.000100      121.487739        8.185535
      78        0.000100      119.841510        8.125769
      79        0.000100      118.241297        8.067301
      80        0.000100      116.684941        8.010120
      81        0.000100      115.170536        7.954241
      82        0.000100      113.696341        7.899812
      83        0.000100      112.260797        7.846493
      84        0.000100      110.862396        7.794028
      85        0.000100      109.499952        7.742694
      86        0.000100      108.172312        7.692564
      87        0.000100      106.878167        7.643620
      88        0.000100      105.616333        7.595616
      89        0.000100      104.385747        7.548692
      90        0.000100      103.185459        7.502615
      91        0.000100      102.014736        7.457448
      92        0.000100      100.872629        7.412972
      93        0.000100       99.758219        7.369389
      94        0.000100       98.670665        7.326735
      95        0.000100       97.609182        7.285043
      96        0.000100       96.572921        7.244485
      97        0.000100       95.561110        7.204863
      98        0.000100       94.573027        7.166072
      99        0.000100       93.607961        7.128222
     100        0.000100       92.665257        7.091163
     101        0.000100       91.744345        7.054911
     102        0.000100       90.844640        7.019238
     103        0.000100       89.965518        6.984248
     104        0.000100       89.106385        6.949934
     105        0.000100       88.266646        6.916375
     106        0.000100       87.445788        6.883421
     107        0.000100       86.643321        6.851161
     108        0.000100       85.858759        6.819507
     109        0.000100       85.091587        6.788409
     110        0.000100       84.341316        6.757854
     111        0.000100       83.607540        6.727713
     112        0.000100       82.889872        6.698092
     113        0.000100       82.187876        6.668994
     114        0.000100       81.501139        6.640490
     115        0.000100       80.829235        6.612676
     116        0.000100       80.171778        6.585333
     117        0.000100       79.528364        6.558638
     118        0.000100       78.898627        6.532542
     119        0.000100       78.282258        6.506909
     120        0.000100       77.678913        6.481851
     121        0.000100       77.088252        6.457364
     122        0.000100       76.509974        6.433509
     123        0.000100       75.943758        6.410069
     124        0.000100       75.389268        6.387038
     125        0.000100       74.846259        6.364501
     126        0.000100       74.314474        6.342472
     127        0.000100       73.793666        6.321012
     128        0.000100       73.283607        6.300057
     129        0.000100       72.784128        6.279460
     130        0.000100       72.294927        6.259188
     131        0.000100       71.815697        6.239339
     132        0.000100       71.346011        6.220006
     133        0.000100       70.885323        6.201009
     134        0.000100       70.432514        6.182368
     135        0.000100       69.984313        6.163845
     136        0.000100       69.526394        6.145013
     137        0.000100       69.003369        6.124015
     138        0.000100       68.481079        6.102776
     139        0.000100       68.041848        6.084313
     140        0.000100       67.629275        6.066883
     141        0.000100       67.230931        6.050149
     142        0.000100       66.842783        6.033861
     143        0.000100       66.460569        6.017881
     144        0.000100       66.082925        6.002403
     145        0.000100       65.714484        5.987900
     146        0.000100       65.345138        5.973285
     147        0.000100       64.990051        5.958949
     148        0.000100       64.648637        5.945050
     149        0.000100       64.317008        5.931343
     150        0.000100       63.993869        5.917817
     151        0.000100       63.678939        5.904534
     152        0.000100       63.370663        5.891489
     153        0.000100       63.068837        5.878689
     154        0.000100       62.773356        5.866115
     155        0.000100       62.483871        5.853731
     156        0.000100       62.199797        5.841638
     157        0.000100       61.920039        5.829795
     158        0.000100       61.641965        5.818223
     159        0.000100       61.360996        5.807189
     160        0.000100       61.078179        5.796847
     161        0.000100       60.816139        5.786515
     162        0.000100       60.569735        5.776486
     163        0.000100       60.328930        5.766558
     164        0.000100       60.092882        5.756675
     165        0.000100       59.861252        5.746924
     166        0.000100       59.635169        5.737415
     167        0.000100       59.415216        5.728410
     168        0.000100       59.204313        5.720122
     169        0.000100       59.004692        5.712675
     170        0.000100       58.805789        5.705183
     171        0.000100       58.606689        5.697542
     172        0.000100       58.406186        5.689495
     173        0.000100       58.206136        5.681261
     174        0.000100       58.006146        5.672843
     175        0.000100       57.808455        5.664335
     176        0.000100       57.612117        5.655780
     177        0.000100       57.418661        5.647412
     178        0.000100       57.225952        5.639225
     179        0.000100       57.040618        5.631354
     180        0.000100       56.848676        5.623482
     181        0.000100       56.680316        5.616600
     182        0.000100       56.497361        5.609479
     183        0.000100       56.332539        5.602764
     184        0.000100       56.159737        5.595810
     185        0.000100       56.001265        5.589411
     186        0.000100       55.837353        5.582888
     187        0.000100       55.680231        5.576572
     188        0.000100       55.515763        5.570037
     189        0.000100       55.355196        5.563591
     190        0.000100       55.188321        5.556993
     191        0.000100       55.029145        5.550658
     192        0.000100       54.859653        5.544035
     193        0.000100       54.706469        5.537883
     194        0.000100       54.535546        5.531195
     195        0.000100       54.389125        5.525093
     196        0.000100       54.221625        5.518437
     197        0.000100       54.079974        5.512372
     198        0.000100       53.918813        5.505870
     199        0.000100       53.783002        5.499915
     200        0.000100       53.628700        5.493624
     201        0.000100       53.498421        5.487818
     202        0.000100       53.351842        5.481615
     203        0.000100       53.226716        5.475870
     204        0.000100       53.086333        5.469786
     205        0.000100       52.966399        5.464167
     206        0.000100       52.830986        5.458196
     207        0.000100       52.716545        5.452680
     208        0.000100       52.584733        5.446747
     209        0.000100       52.475801        5.441421
     210        0.000100       52.347197        5.435803
     211        0.000100       52.243170        5.430697
     212        0.000100       52.118127        5.425198
     213        0.000100       52.018340        5.420185
     214        0.000100       51.896848        5.414848
     215        0.000100       51.801110        5.409889
     216        0.000100       51.682982        5.404638
     217        0.000100       51.590988        5.399744
     218        0.000100       51.476474        5.394567
     219        0.000100       51.387724        5.389785
     220        0.000100       51.277131        5.384733
     221        0.000100       51.191247        5.380048
     222        0.000100       51.084425        5.375097
     223        0.000100       51.001133        5.370560
     224        0.000100       50.897732        5.365870
     225        0.000100       50.816915        5.361498
     226        0.000100       50.716627        5.356931
     227        0.000100       50.638189        5.352679
     228        0.000100       50.540732        5.348328
     229        0.000100       50.464799        5.344328
     230        0.000100       50.369708        5.340076
     231        0.000100       50.296507        5.336128
     232        0.000100       50.203291        5.331896
     233        0.000100       50.132962        5.328058
     234        0.000100       50.041479        5.323940
     235        0.000100       49.973776        5.320211
     236        0.000100       49.884273        5.316189
     237        0.000100       49.818498        5.312595
     238        0.000100       49.731146        5.308694
     239        0.000100       49.666457        5.305178
     240        0.000100       49.581159        5.301337
     241        0.000100       49.517131        5.297896
     242        0.000100       49.433819        5.294177
     243        0.000100       49.370378        5.290759
     244        0.000100       49.289037        5.287092
     245        0.000100       49.226925        5.283752
     246        0.000100       49.148045        5.280236
     247        0.000100       49.088581        5.277014
     248        0.000100       49.012331        5.273545
     249        0.000100       48.956069        5.270392
     250        0.000100       48.882026        5.266967
     251        0.000100       48.828648        5.263882
     252        0.000100       48.756478        5.260536
     253        0.000100       48.705624        5.257555
     254        0.000100       48.635487        5.254279
     255        0.000100       48.586498        5.251344
     256        0.000100       48.518628        5.248131
     257        0.000100       48.471008        5.245245
     258        0.000100       48.405604        5.242080
     259        0.000100       48.359065        5.239229
     260        0.000100       48.296078        5.236197
     261        0.000100       48.250624        5.233459
     262        0.000100       48.189709        5.230540
     263        0.000100       48.145508        5.227875
     264        0.000100       48.086233        5.225008
     265        0.000100       48.043545        5.222385
     266        0.000100       47.985576        5.219546
     267        0.000100       47.944600        5.216972
     268        0.000100       47.887754        5.214186
     269        0.000100       47.848535        5.211667
     270        0.000100       47.792804        5.208929
     271        0.000100       47.755126        5.206461
     272        0.000100       47.700728        5.203758
     273        0.000100       47.664326        5.201373
     274        0.000100       47.611566        5.198819
     275        0.000100       47.576100        5.196507
     276        0.000100       47.525108        5.194130
     277        0.000100       47.490413        5.191807
     278        0.000100       47.441181        5.189538
     279        0.000100       47.407330        5.187227
     280        0.000100       47.359691        5.185003
     281        0.000100       47.326832        5.182722
     282        0.000100       47.280496        5.180551
     283        0.000100       47.248816        5.178306
     284        0.000100       47.203544        5.176171
     285        0.000100       47.173178        5.173963
     286        0.000100       47.128788        5.171851
     287        0.000100       47.099764        5.169669
     288        0.000100       47.056262        5.167622
     289        0.000100       47.028501        5.165532
     290        0.000100       46.986023        5.163514
     291        0.000100       46.959409        5.161433
     292        0.000100       46.918191        5.159422
     293        0.000100       46.892548        5.157392
     294        0.000100       46.852651        5.155426
     295        0.000100       46.827864        5.153478
     296        0.000100       46.789243        5.151526
     297        0.000100       46.765393        5.149684
     298        0.000100       46.727911        5.147745
     299        0.000100       46.705081        5.145999
     300        0.000100       46.668434        5.144103
     301        0.000100       46.646866        5.142477
     302        0.000100       46.610670        5.140612
     303        0.000100       46.590741        5.139073
     304        0.000100       46.554552        5.137233
     305        0.000100       46.536728        5.135781
     306        0.000100       46.499986        5.133943
     307        0.000100       46.484474        5.132624
     308        0.000100       46.447468        5.130768
     309        0.000100       46.433497        5.129532
     310        0.000100       46.396759        5.127673
     311        0.000100       46.384243        5.126519
     312        0.000100       46.347546        5.124633
     313        0.000100       46.336976        5.123580
     314        0.000100       46.299639        5.121647
     315        0.000100       46.291939        5.120737
     316        0.000100       46.253034        5.118674
     317        0.000100       46.249066        5.117945
     318        0.000100       46.208444        5.115815
     319        0.000100       46.207605        5.115251
     320        0.000100       46.166795        5.113164
     321        0.000100       46.167044        5.112668
     322        0.000100       46.127935        5.110724
     323        0.000100       46.127737        5.110216
     324        0.000100       46.091031        5.108403
     325        0.000100       46.090088        5.107846
     326        0.000100       46.055688        5.106128
     327        0.000100       46.054223        5.105555
     328        0.000100       46.021851        5.103973
     329        0.000100       46.020307        5.103404
     330        0.000100       45.989496        5.101926
     331        0.000100       45.988617        5.101398
     332        0.000100       45.958510        5.099973
     333        0.000100       45.959360        5.099516
     334        0.000100       45.929051        5.098106
     335        0.000100       45.932267        5.097759
     336        0.000100       45.901421        5.096385
     337        0.000100       45.906688        5.096085
     338        0.000100       45.875980        5.094767
     339        0.000100       45.881966        5.094450
     340        0.000100       45.852474        5.093225
     341        0.000100       45.857825        5.092879
     342        0.000100       45.830210        5.091761
     343        0.000100       45.834305        5.091397
     344        0.000100       45.808440        5.090350
     345        0.000100       45.811582        5.089942
     346        0.000100       45.786994        5.088918
     347        0.000100       45.790088        5.088502
     348        0.000100       45.766269        5.087556
     349        0.000100       45.770325        5.087173
     350        0.000100       45.747084        5.086315
     351        0.000100       45.752997        5.085918
     352        0.000100       45.730357        5.085145
     353        0.000100       45.738702        5.084733
     354        0.000100       45.716779        5.084077
     355        0.000100       45.727536        5.083687
     356        0.000100       45.706345        5.083144
     357        0.000100       45.718764        5.082770
     358        0.000100       45.698072        5.082341
     359        0.000100       45.710563        5.081975
     360        0.000100       45.689954        5.081598
     361        0.000100       45.700579        5.081248
     362        0.000100       45.679637        5.080852
     363        0.000100       45.687148        5.080484
     364        0.000100       45.665825        5.080114
     365        0.000100       45.670710        5.079687
     366        0.000100       45.649918        5.079343
     367        0.000100       45.654447        5.078758
     368        0.000100       45.636500        5.078734
     369        0.000100       45.643324        5.078009
     370        0.000100       45.630810        5.078211
     371        0.000100       45.642456        5.077533
     372        0.000100       45.637481        5.077519
     373        0.000100       45.656868        5.077082
     374        0.000100       45.661418        5.077353
     375        0.000100       45.687155        5.077542
     376        0.000100       45.696322        5.078199
     377        0.000100       45.717654        5.078572
     378        0.000100       45.713138        5.079226
     379        0.000100       45.714509        5.079335
     380        0.000100       45.692653        5.079777
     381        0.000100       45.692115        5.079729
     382        0.000100       45.677190        5.079806
     383        0.000100       45.685453        5.079481
     384        0.000100       45.679105        5.079548
     385        0.000100       45.695956        5.079444
     386        0.000100       45.697290        5.079751
     387        0.000100       45.718925        5.080037
     388        0.000100       45.722938        5.080682
     389        0.000100       45.744637        5.081130
     390        0.000100       45.747553        5.081850
     391        0.000100       45.767207        5.082216
     392        0.000100       45.768242        5.082813
     393        0.000100       45.786923        5.083082
     394        0.000100       45.786770        5.083591
     395        0.000100       45.804627        5.083825
     396        0.000100       45.803253        5.084248
     397        0.000100       45.820220        5.084382
     398        0.000100       45.817941        5.084716
     399        0.000100       45.834422        5.084790
     400        0.000100       45.832422        5.085057
     401        0.000100       45.848772        5.085129
     402        0.000100       45.848183        5.085354
     403        0.000100       45.864793        5.085481
     404        0.000100       45.866899        5.085736
     405        0.000100       45.883796        5.085912
     406        0.000100       45.889383        5.086263
     407        0.000100       45.905490        5.086503
     408        0.000100       45.914218        5.086905
     409        0.000100       45.927437        5.087223
     410        0.000100       45.936892        5.087597
     411        0.000100       45.945912        5.087894
     412        0.000100       45.951851        5.088141
     413        0.000100       45.959765        5.088310
     414        0.000100       45.961310        5.088458
     415        0.000100       45.973853        5.088715
     416        0.000100       45.971027        5.088989
     417        0.000100       45.988099        5.089460
     418        0.000100       45.981410        5.089676
     419        0.000100       46.000132        5.089823
     420        0.000100       45.996516        5.090134
     421        0.000100       46.018603        5.089989
     422        0.000100       46.021737        5.090415
     423        0.000100       46.052483        5.090266
     424        0.000100       46.063131        5.090799
     425        0.000100       46.103470        5.091043
     426        0.000100       46.117082        5.091883
     427        0.000100       46.155359        5.092608
     428        0.000100       46.157427        5.093422
     429        0.000100       46.171674        5.093934
     430        0.000100       46.153573        5.094374
     431        0.000100       46.161931        5.094472
     432        0.000100       46.152157        5.094704
     433        0.000100       46.172174        5.095101
     434        0.000100       46.171241        5.095358
     435        0.000100       46.198161        5.095730
     436        0.000100       46.201742        5.095788
     437        0.000100       46.231812        5.096329
     438        0.000100       46.235417        5.096281
     439        0.000100       46.264584        5.096891
     440        0.000100       46.267464        5.096820
     441        0.000100       46.296895        5.097587
     442        0.000100       46.300705        5.097834
     443        0.000100       46.329421        5.098746
     444        0.000100       46.330359        5.099070
     445        0.000100       46.355039        5.099711
     446        0.000100       46.354383        5.100090
     447        0.000100       46.378320        5.100583
     448        0.000100       46.378142        5.100899
     449        0.000100       46.405186        5.101439
     450        0.000100       46.407670        5.101873
     451        0.000100       46.437863        5.102520
     452        0.000100       46.442061        5.102978
     453        0.000100       46.473516        5.103594
     454        0.000100       46.477564        5.104001
     455        0.000100       46.511210        5.104599
     456        0.000100       46.514476        5.104984
     457        0.000100       46.552140        5.105700
     458        0.000100       46.555274        5.106157
     459        0.000100       46.597824        5.107225
     460        0.000100       46.598164        5.107758
     461        0.000100       46.638361        5.108882
     462        0.000100       46.632484        5.109323
     463        0.000100       46.662423        5.110136
     464        0.000100       46.654662        5.110597
     465        0.000100       46.676847        5.110878
     466        0.000100       46.675662        5.111717
     467        0.000100       46.700516        5.111968
     468        0.000100       46.707367        5.113108
     469        0.000100       46.735231        5.113272
     470        0.000100       46.744632        5.114234
     471        0.000100       46.777537        5.114167
     472        0.000100       46.796893        5.115142
     473        0.000100       46.839184        5.115211
     474        0.000100       46.867043        5.116407
     475        0.000100       46.910554        5.117239
     476        0.000100       46.925847        5.118557
     477        0.000100       46.951089        5.119343
     478        0.000100       46.948930        5.120315
     479        0.000100       46.965388        5.120673
     480        0.000100       46.964865        5.121356
     481        0.000100       46.988230        5.121823
     482        0.000100       46.991947        5.122377
     483        0.000100       47.021637        5.122773
     484        0.000100       47.036028        5.123704
     485        0.000100       47.070658        5.124132
     486        0.000100       47.084158        5.124937
     487        0.000100       47.122747        5.125634
     488        0.000100       47.133223        5.126525
     489        0.000100       47.161957        5.126530
     490        0.000100       47.177904        5.127813
     491        0.000100       47.209335        5.128067
     492        0.000100       47.222856        5.129194
     493        0.000100       47.256938        5.129872
     494        0.000100       47.266964        5.130978
     495        0.000100       47.291546        5.131385
     496        0.000100       47.298875        5.132279
     497        0.000100       47.324139        5.132789
     498        0.000100       47.329722        5.133332
     499        0.000100       47.360455        5.133936
     500        0.000100       47.372809        5.134675
     501        0.000100       47.406683        5.135303
     502        0.000100       47.422473        5.136065
     503        0.000100       47.460601        5.136922
     504        0.000100       47.476767        5.137594
     505        0.000100       47.514795        5.138304
     506        0.000100       47.538736        5.139315
     507        0.000100       47.575961        5.140007
     508        0.000100       47.604568        5.141333
     509        0.000100       47.643618        5.142399
     510        0.000100       47.668610        5.144061
     511        0.000100       47.689089        5.144492
     512        0.000100       47.697775        5.146071
     513        0.000100       47.709624        5.146223
     514        0.000100       47.702428        5.146930
     515        0.000100       47.726486        5.147325
     516        0.000100       47.735039        5.148254
     517        0.000100       47.768027        5.148431
     518        0.000100       47.791180        5.149408
     519        0.000100       47.837753        5.150127
     520        0.000100       47.861873        5.151037
     521        0.000100       47.908707        5.151953
     522        0.000100       47.929039        5.153281
     523        0.000100       47.964945        5.154132
     524        0.000100       47.978240        5.155231
     525        0.000100       48.016984        5.156263
     526        0.000100       48.026772        5.157295
     527        0.000100       48.061070        5.157887
     528        0.000100       48.073304        5.159168
     529        0.000100       48.103091        5.159681
     530        0.000100       48.109464        5.160472
     531        0.000100       48.144205        5.160956
     532        0.000100       48.157309        5.162045
     533        0.000100       48.190124        5.162097
     534        0.000100       48.214471        5.163369
     535        0.000100       48.256574        5.164248
     536        0.000100       48.270325        5.165021
     537        0.000100       48.309757        5.165735
     538        0.000100       48.326564        5.167130
     539        0.000100       48.353267        5.167358
     540        0.000100       48.367908        5.168198
     541        0.000100       48.406813        5.169082
     542        0.000100       48.419975        5.169951
     543        0.000100       48.455243        5.170519
     544        0.000100       48.468483        5.171701
     545        0.000100       48.493148        5.172195
     546        0.000100       48.495301        5.172735
     547        0.000100       48.522313        5.173390
     548        0.000100       48.525406        5.173892
     549        0.000100       48.556266        5.174266
     550        0.000100       48.571902        5.175023
     551        0.000100       48.611486        5.175815
     552        0.000100       48.626749        5.176390
     553        0.000100       48.670672        5.177135
     554        0.000100       48.696395        5.178163
     555        0.000100       48.736607        5.178538
     556        0.000100       48.777189        5.180206
     557        0.000100       48.826332        5.181219
     558        0.000100       48.855060        5.183170
     559        0.000100       48.881962        5.183586
     560        0.000100       48.879976        5.185338
     561        0.000100       48.886018        5.185184
     562        0.000100       48.878091        5.185459
     563        0.000100       48.906242        5.185926
     564        0.000100       48.904492        5.186260
     565        0.000100       48.940362        5.186211
     566        0.000100       48.965851        5.187323
     567        0.000100       49.009880        5.188084
     568        0.000100       49.026661        5.188771
     569        0.000100       49.074779        5.189907
     570        0.000100       49.083178        5.191009
     571        0.000100       49.115224        5.191342
     572        0.000100       49.130827        5.192427
     573        0.000100       49.171058        5.193229
     574        0.000050       49.181252        5.194116
     575        0.000050       49.103835        5.180158
     576        0.000050       49.120150        5.180979
     577        0.000050       49.129546        5.181389
     578        0.000050       49.139709        5.181831
     579        0.000050       49.150112        5.182261
     580        0.000050       49.160764        5.182675
     581        0.000050       49.171592        5.183078
     582        0.000050       49.182569        5.183477
     583        0.000050       49.193675        5.183871
     584        0.000050       49.204904        5.184261
     585        0.000050       49.216235        5.184663
     586        0.000050       49.227678        5.185067
     587        0.000050       49.239234        5.185468
     588        0.000050       49.250874        5.185871
     589        0.000050       49.262619        5.186277
     590        0.000050       49.274442        5.186685
     591        0.000050       49.286361        5.187091
     592        0.000050       49.298377        5.187505
     593        0.000050       49.310476        5.187918
     594        0.000050       49.322675        5.188330
     595        0.000050       49.334949        5.188744
     596        0.000050       49.347308        5.189159
     597        0.000050       49.359754        5.189583
     598        0.000050       49.372272        5.190004
     599        0.000050       49.384859        5.190432
     600        0.000050       49.397530        5.190861
     601        0.000050       49.410273        5.191296
     602        0.000050       49.423106        5.191731
     603        0.000050       49.435998        5.192170
     604        0.000050       49.448963        5.192611
     605        0.000050       49.461987        5.193049
     606        0.000050       49.475081        5.193491
     607        0.000050       49.488236        5.193929
     608        0.000050       49.501445        5.194371
     609        0.000050       49.514709        5.194812
     610        0.000050       49.528014        5.195259
     611        0.000050       49.541362        5.195700
     612        0.000050       49.554783        5.196167
     613        0.000050       49.568109        5.196586
     614        0.000050       49.581902        5.197122
     615        0.000050       49.594797        5.197401
     616        0.000050       49.608892        5.198171
     617        0.000050       49.626992        5.198316
     618        0.000050       49.626520        5.198942
     619        0.000050       49.668869        5.199609
     620        0.000050       49.640655        5.199541
     621        0.000050       49.693581        5.200578
     622        0.000050       49.678913        5.200568
     623        0.000050       49.708161        5.201308
     624        0.000050       49.712979        5.201661
     625        0.000050       49.730800        5.202085
     626        0.000050       49.741766        5.202655
     627        0.000050       49.757748        5.203000
     628        0.000050       49.767742        5.203522
     629        0.000050       49.785635        5.203998
     630        0.000050       49.793607        5.204394
     631        0.000050       49.812426        5.204940
     632        0.000050       49.820106        5.205324
     633        0.000050       49.837795        5.205818
     634        0.000050       49.846520        5.206266
     635        0.000050       49.862442        5.206685
     636        0.000050       49.871515        5.207176
     637        0.000050       49.887819        5.207550
     638        0.000050       49.893723        5.208036
     639        0.000050       49.915661        5.208349
     640        0.000050       49.914495        5.209034
     641        0.000050       49.950589        5.209156
     642        0.000050       49.934456        5.209846
     643        0.000050       49.981695        5.210324
     644        0.000050       49.965795        5.210639
     645        0.000050       50.006347        5.211141
     646        0.000050       50.001487        5.211474
     647        0.000050       50.038370        5.212179
     648        0.000050       50.048261        5.212783
     649        0.000050       50.086596        5.213768
     650        0.000050       50.099995        5.214517
     651        0.000050       50.132520        5.215441
     652        0.000050       50.128817        5.215659
     653        0.000050       50.130495        5.215718
     654        0.000050       50.115935        5.215909
     655        0.000050       50.130653        5.216412
     656        0.000050       50.133884        5.216980
     657        0.000050       50.160975        5.217533
     658        0.000050       50.161012        5.217712
     659        0.000050       50.193523        5.218095
     660        0.000050       50.186523        5.218221
     661        0.000050       50.227656        5.218876
     662        0.000050       50.215992        5.219102
     663        0.000050       50.259068        5.219873
     664        0.000050       50.246638        5.220071
     665        0.000050       50.281751        5.220695
     666        0.000050       50.273244        5.220891
     667        0.000050       50.302567        5.221456
     668        0.000050       50.301043        5.221791
     669        0.000050       50.329223        5.222405
     670        0.000050       50.332078        5.222854
     671        0.000050       50.357563        5.223381
     672        0.000050       50.359173        5.223790
     673        0.000050       50.380810        5.224078
     674        0.000050       50.382025        5.224596
     675        0.000050       50.406195        5.224838
     676        0.000050       50.410879        5.225615
     677        0.000050       50.443340        5.226134
     678        0.000050       50.443665        5.226758
     679        0.000050       50.474732        5.227233
     680        0.000050       50.461828        5.227347
     681        0.000050       50.492838        5.227806
     682        0.000050       50.484556        5.228079
     683        0.000050       50.525950        5.229031
     684        0.000050       50.523836        5.229485
     685        0.000050       50.556133        5.230188
     686        0.000050       50.547503        5.230269
     687        0.000050       50.573167        5.230785
     688        0.000050       50.570201        5.230995
     689        0.000050       50.601557        5.231810
     690        0.000050       50.603165        5.232159
     691        0.000050       50.633936        5.232975
     692        0.000050       50.629205        5.233062
     693        0.000050       50.659552        5.233823
     694        0.000050       50.651447        5.233821
     695        0.000050       50.690156        5.234803
     696        0.000050       50.683092        5.234943
     697        0.000050       50.727443        5.236040
     698        0.000050       50.716713        5.236115
     699        0.000050       50.757552        5.237018
     700        0.000050       50.743861        5.237074
     701        0.000050       50.781915        5.237821
     702        0.000050       50.775733        5.238215
     703        0.000050       50.813254        5.239037
     704        0.000050       50.812326        5.239569
     705        0.000050       50.839984        5.240170
     706        0.000050       50.830213        5.240297
     707        0.000050       50.848814        5.240596
     708        0.000050       50.838863        5.240648
     709        0.000050       50.865424        5.241387
     710        0.000050       50.863244        5.241785
     711        0.000050       50.891192        5.242591
     712        0.000050       50.882950        5.242726
     713        0.000050       50.911813        5.243220
     714        0.000050       50.915190        5.243146
     715        0.000050       50.967210        5.243896
     716        0.000050       50.982938        5.244574
     717        0.000050       51.027005        5.245758
     718        0.000050       51.016898        5.246059
     719        0.000050       51.038899        5.246631
     720        0.000050       51.023381        5.246665
     721        0.000050       51.053689        5.247376
     722        0.000050       51.050779        5.247788
     723        0.000050       51.086133        5.248635
     724        0.000050       51.082858        5.248996
     725        0.000050       51.110812        5.249487
     726        0.000050       51.105086        5.249794
     727        0.000050       51.133407        5.250206
     728        0.000050       51.134917        5.250851
     729        0.000050       51.169292        5.251494
     730        0.000050       51.170477        5.252106
     731        0.000050       51.199645        5.252619
     732        0.000050       51.191967        5.252841
     733        0.000050       51.219551        5.253323
     734        0.000050       51.215400        5.253665
     735        0.000050       51.252130        5.254516
     736        0.000050       51.251741        5.255004
     737        0.000050       51.284634        5.255721
     738        0.000050       51.274848        5.255838
     739        0.000050       51.301742        5.256315
     740        0.000050       51.295129        5.256531
     741        0.000050       51.330306        5.257330
     742        0.000050       51.332051        5.257875
     743        0.000050       51.364914        5.258578
     744        0.000050       51.360012        5.258889
     745        0.000050       51.384546        5.259242
     746        0.000050       51.381555        5.259638
     747        0.000050       51.411852        5.260196
     748        0.000050       51.417890        5.260966
     749        0.000050       51.448620        5.261558
     750        0.000050       51.448494        5.262089
     751        0.000050       51.471727        5.262425
     752        0.000050       51.467167        5.262744
     753        0.000050       51.496363        5.263369
     754        0.000050       51.496268        5.263815
     755        0.000050       51.532007        5.264788
     756        0.000050       51.523739        5.264822
     757        0.000050       51.554332        5.265683
     758        0.000050       51.537544        5.265348
     759        0.000050       51.571241        5.266289
     760        0.000050       51.562723        5.266319
     761        0.000050       51.602953        5.267391
     762        0.000050       51.596188        5.267597
     763        0.000050       51.628753        5.268274
     764        0.000050       51.617419        5.268317
     765        0.000050       51.651160        5.268952
     766        0.000050       51.652266        5.269381
     767        0.000050       51.697963        5.270502
     768        0.000050       51.706896        5.271292
     769        0.000050       51.748157        5.272252
     770        0.000050       51.750982        5.272843
     771        0.000050       51.786862        5.273669
     772        0.000050       51.786772        5.274285
     773        0.000050       51.809727        5.274972
     774        0.000050       51.787016        5.275156
     775        0.000025       51.801587        5.275445
     776        0.000025       51.821626        5.276763
     777        0.000025       51.834743        5.276994
     778        0.000025       51.841303        5.277121
     779        0.000025       51.847936        5.277283
     780        0.000025       51.854164        5.277444
     781        0.000025       51.860335        5.277614
     782        0.000025       51.866468        5.277791
     783        0.000025       51.872634        5.277969
     784        0.000025       51.878866        5.278154
     785        0.000025       51.885162        5.278340
     786        0.000025       51.891541        5.278533
     787        0.000025       51.898001        5.278728
     788        0.000025       51.904525        5.278923
     789        0.000025       51.911130        5.279123
     790        0.000025       51.917797        5.279329
     791        0.000025       51.924547        5.279536
     792        0.000025       51.931346        5.279744
     793        0.000025       51.938206        5.279954
     794        0.000025       51.945126        5.280169
     795        0.000025       51.952094        5.280385
     796        0.000025       51.959119        5.280602
     797        0.000025       51.966184        5.280824
     798        0.000025       51.973300        5.281049
     799        0.000025       51.980451        5.281279
     800        0.000025       51.987656        5.281508
     801        0.000025       51.994894        5.281738
     802        0.000025       52.002166        5.281973
     803        0.000025       52.009472        5.282209
     804        0.000025       52.016807        5.282447
     805        0.000025       52.024178        5.282687
     806        0.000025       52.031572        5.282931
     807        0.000025       52.039000        5.283182
     808        0.000025       52.046455        5.283433
     809        0.000025       52.053926        5.283684
     810        0.000025       52.061441        5.283938
     811        0.000025       52.068952        5.284197
     812        0.000025       52.076544        5.284454
     813        0.000025       52.084078        5.284712
     814        0.000025       52.091786        5.284973
     815        0.000025       52.099162        5.285229
     816        0.000025       52.107393        5.285497
     817        0.000025       52.113693        5.285738
     818        0.000025       52.124724        5.286053
     819        0.000025       52.125623        5.286208
     820        0.000025       52.145050        5.286618
     821        0.000025       52.134928        5.286738
     822        0.000025       52.163992        5.287108
     823        0.000025       52.151966        5.287319
     824        0.000025       52.171548        5.287558
     825        0.000025       52.172285        5.287882
     826        0.000025       52.182962        5.288066
     827        0.000025       52.188663        5.288412
     828        0.000025       52.197280        5.288619
     829        0.000025       52.204028        5.288936
     830        0.000025       52.212171        5.289174
     831        0.000025       52.218720        5.289447
     832        0.000025       52.226981        5.289717
     833        0.000025       52.233191        5.289959
     834        0.000025       52.242400        5.290278
     835        0.000025       52.247990        5.290481
     836        0.000025       52.258519        5.290855
     837        0.000025       52.262319        5.290989
     838        0.000025       52.274332        5.291410
     839        0.000025       52.275393        5.291459
     840        0.000025       52.290463        5.291952
     841        0.000025       52.288505        5.291971
     842        0.000025       52.310083        5.292579
     843        0.000025       52.301958        5.292531
     844        0.000025       52.327749        5.293127
     845        0.000025       52.315760        5.293064
     846        0.000025       52.338411        5.293526
     847        0.000025       52.333680        5.293660
     848        0.000025       52.352771        5.294127
     849        0.000025       52.352402        5.294271
     850        0.000025       52.368706        5.294742
     851        0.000025       52.367155        5.294789
     852        0.000025       52.380194        5.295156
     853        0.000025       52.381023        5.295273
     854        0.000025       52.394887        5.295719
     855        0.000025       52.399765        5.296000
     856        0.000025       52.410097        5.296190
     857        0.000025       52.412832        5.296423
     858        0.000025       52.422692        5.296740
     859        0.000025       52.418968        5.296651
     860        0.000025       52.437349        5.297110
     861        0.000025       52.433725        5.297187
     862        0.000025       52.456290        5.297855
     863        0.000025       52.445434        5.297556
     864        0.000025       52.466327        5.297999
     865        0.000025       52.460990        5.298172
     866        0.000025       52.483057        5.298538
     867        0.000025       52.485884        5.298894
     868        0.000025       52.509674        5.299482
     869        0.000025       52.513345        5.299773
     870        0.000025       52.532859        5.300284
     871        0.000025       52.536372        5.300599
     872        0.000025       52.551887        5.301112
     873        0.000025       52.548050        5.301269
     874        0.000025       52.554956        5.301582
     875        0.000025       52.546901        5.301490
     876        0.000025       52.556534        5.301712
     877        0.000025       52.553224        5.301662
     878        0.000025       52.571697        5.302121
     879        0.000025       52.572779        5.302236
     880        0.000025       52.595472        5.302847
     881        0.000025       52.591970        5.302839
     882        0.000025       52.612318        5.303393
     883        0.000025       52.605185        5.303292
     884        0.000025       52.626768        5.303921
     885        0.000025       52.622925        5.303950
     886        0.000025       52.644562        5.304580
     887        0.000025       52.639979        5.304571
     888        0.000025       52.655813        5.304996
     889        0.000025       52.650759        5.304964
     890        0.000025       52.667553        5.305431
     891        0.000025       52.667676        5.305565
     892        0.000025       52.686274        5.306091
     893        0.000025       52.684696        5.306153
     894        0.000025       52.699833        5.306559
     895        0.000025       52.696324        5.306556
     896        0.000025       52.714736        5.307075
     897        0.000025       52.713928        5.307175
     898        0.000025       52.735399        5.307790
     899        0.000025       52.730954        5.307776
     900        0.000025       52.750349        5.308322
     901        0.000025       52.742926        5.308219
     902        0.000025       52.764860        5.308856
     903        0.000025       52.759647        5.308837
     904        0.000025       52.782639        5.309513
     905        0.000025       52.775523        5.309422
     906        0.000025       52.794072        5.309942
     907        0.000025       52.786310        5.309828
     908        0.000025       52.805137        5.310347
     909        0.000025       52.802190        5.310401
     910        0.000025       52.821440        5.310902
     911        0.000025       52.818961        5.310988
     912        0.000025       52.833650        5.311289
     913        0.000025       52.832303        5.311447
     914        0.000025       52.848100        5.311752
     915        0.000025       52.853240        5.312158
     916        0.000025       52.871767        5.312552
     917        0.000025       52.876498        5.312933
     918        0.000025       52.892680        5.313293
     919        0.000025       52.895103        5.313581
     920        0.000025       52.913775        5.314101
     921        0.000025       52.916546        5.314395
     922        0.000025       52.935534        5.315019
     923        0.000025       52.927493        5.314949
     924        0.000025       52.937788        5.315372
     925        0.000025       52.923057        5.315033
     926        0.000025       52.935665        5.315444
     927        0.000025       52.930068        5.315285
     928        0.000025       52.951679        5.315862
     929        0.000025       52.952995        5.315897
     930        0.000025       52.975172        5.316493
     931        0.000025       52.974441        5.316534
     932        0.000025       52.995067        5.317171
     933        0.000025       52.994626        5.317276
     934        0.000025       53.014446        5.317904
     935        0.000025       53.010021        5.317878
     936        0.000025       53.026065        5.318380
     937        0.000025       53.020116        5.318291
     938        0.000025       53.039209        5.318896
     939        0.000025       53.036629        5.318898
     940        0.000025       53.057396        5.319559
     941        0.000025       53.052099        5.319446
     942        0.000025       53.069942        5.320007
     943        0.000025       53.064250        5.319881
     944        0.000025       53.085237        5.320544
     945        0.000025       53.083617        5.320567
     946        0.000025       53.105074        5.321231
     947        0.000025       53.100395        5.321158
     948        0.000025       53.117886        5.321691
     949        0.000025       53.112888        5.321625
     950        0.000025       53.133609        5.322268
     951        0.000025       53.132018        5.322322
     952        0.000025       53.152435        5.322952
     953        0.000025       53.146333        5.322850
     954        0.000025       53.163385        5.323364
     955        0.000025       53.157343        5.323267
     956        0.000025       53.178795        5.323928
     957        0.000025       53.175541        5.323915
     958        0.000025       53.196509        5.324548
     959        0.000025       53.188904        5.324380
     960        0.000025       53.208115        5.324949
     961        0.000025       53.202334        5.324845
     962        0.000025       53.226578        5.325583
     963        0.000025       53.223723        5.325574
     964        0.000025       53.246558        5.326269
     965        0.000025       53.240374        5.326166
     966        0.000025       53.261607        5.326804
     967        0.000025       53.258631        5.326845
     968        0.000025       53.282876        5.327571
     969        0.000025       53.282322        5.327734
     970        0.000025       53.300077        5.328202
     971        0.000025       53.297070        5.328353
     972        0.000025       53.308769        5.328589
     973        0.000025       53.307513        5.328828
     974        0.000025       53.320338        5.329125
     975        0.000025       53.315092        5.329194
     976        0.000013       53.324304        5.329348
     977        0.000013       53.300207        5.325353
     978        0.000013       53.304008        5.325335
     979        0.000013       53.308498        5.325437
     980        0.000013       53.311838        5.325525
     981        0.000013       53.314772        5.325608
     982        0.000013       53.317638        5.325691
     983        0.000013       53.320539        5.325776
     984        0.000013       53.323531        5.325864
     985        0.000013       53.326608        5.325953
     986        0.000013       53.329768        5.326047
     987        0.000013       53.332994        5.326144
     988        0.000013       53.336283        5.326239
     989        0.000013       53.339632        5.326346
     990        0.000013       53.343033        5.326457
     991        0.000013       53.346476        5.326567
     992        0.000013       53.349967        5.326678
     993        0.000013       53.353497        5.326790
     994        0.000013       53.357051        5.326903
     995        0.000013       53.360649        5.327020
     996        0.000013       53.364265        5.327138
     997        0.000013       53.367921        5.327255
     998        0.000013       53.371601        5.327379
     999        0.000013       53.375305        5.327498
    1000        0.000013       53.379031        5.327621
    1001        0.000013       53.382786        5.327742
    1002        0.000013       53.386558        5.327870
    1003        0.000013       53.390352        5.327992
    1004        0.000013       53.394177        5.328121
    1005        0.000013       53.398014        5.328249
    1006        0.000013       53.401857        5.328375
    1007        0.000013       53.405737        5.328503
    1008        0.000013       53.409623        5.328631
    1009        0.000013       53.413540        5.328762
    1010        0.000013       53.417455        5.328893
    1011        0.000013       53.421407        5.329022
    1012        0.000013       53.425334        5.329152
    1013        0.000013       53.429380        5.329289
    1014        0.000013       53.433223        5.329417
    1015        0.000013       53.437552        5.329557
    1016        0.000013       53.440829        5.329677
    1017        0.000013       53.446447        5.329847
    1018        0.000013       53.447908        5.329907
    1019        0.000013       53.455009        5.330141
    1020        0.000013       53.456259        5.330183
    1021        0.000013       53.463428        5.330420
    1022        0.000013       53.462937        5.330416
    1023        0.000013       53.474916        5.330758
    1024        0.000013       53.465580        5.330599
    1025        0.000013       53.486261        5.331080
    1026        0.000013       53.474703        5.330894
    1027        0.000013       53.489360        5.331266
    1028        0.000013       53.486159        5.331239
    1029        0.000013       53.494592        5.331474
    1030        0.000013       53.495549        5.331557
    1031        0.000013       53.501403        5.331717
    1032        0.000013       53.504110        5.331851
    1033        0.000013       53.508708        5.331971
    1034        0.000013       53.512136        5.332132
    1035        0.000013       53.516349        5.332238
    1036        0.000013       53.519969        5.332403
    1037        0.000013       53.524476        5.332517
    1038        0.000013       53.527368        5.332659
    1039        0.000013       53.532627        5.332796
    1040        0.000013       53.534184        5.332891
    1041        0.000013       53.541042        5.333090
    1042        0.000013       53.541704        5.333151
    1043        0.000013       53.549890        5.333390
    1044        0.000013       53.548905        5.333402
    1045        0.000013       53.557951        5.333629
    1046        0.000013       53.555280        5.333662
    1047        0.000013       53.567229        5.333912
    1048        0.000013       53.564104        5.333998
    1049        0.000013       53.576726        5.334226
    1050        0.000013       53.572456        5.334274
    1051        0.000013       53.582993        5.334472
    1052        0.000013       53.581177        5.334527
    1053        0.000013       53.593498        5.334897
    1054        0.000013       53.592601        5.334955
    1055        0.000013       53.600752        5.335115
    1056        0.000013       53.600943        5.335215
    1057        0.000013       53.608615        5.335470
    1058        0.000013       53.609906        5.335576
    1059        0.000013       53.615956        5.335668
    1060        0.000013       53.615646        5.335801
    1061        0.000013       53.620171        5.335881
    1062        0.000013       53.616636        5.335811
    1063        0.000013       53.623214        5.335985
    1064        0.000013       53.619581        5.335912
    1065        0.000013       53.627584        5.336071
    1066        0.000013       53.626092        5.336111
    1067        0.000013       53.641200        5.336444
    1068        0.000013       53.643306        5.336621
    1069        0.000013       53.658211        5.336989
    1070        0.000013       53.655710        5.337044
    1071        0.000013       53.665593        5.337280
    1072        0.000013       53.661424        5.337274
    1073        0.000013       53.670767        5.337521
    1074        0.000013       53.668836        5.337555
    1075        0.000013       53.678172        5.337802
    1076        0.000013       53.675744        5.337783
    1077        0.000013       53.684224        5.338017
    1078        0.000013       53.682866        5.338036
    1079        0.000013       53.693312        5.338346
    1080        0.000013       53.692530        5.338372
    1081        0.000013       53.701596        5.338615
    1082        0.000013       53.699151        5.338599
    1083        0.000013       53.709006        5.338867
    1084        0.000013       53.708015        5.338929
    1085        0.000013       53.718889        5.339210
    1086        0.000013       53.716060        5.339211
    1087        0.000013       53.725832        5.339439
    1088        0.000013       53.722861        5.339456
    1089        0.000013       53.734193        5.339744
    1090        0.000013       53.731802        5.339771
    1091        0.000013       53.742172        5.340022
    1092        0.000013       53.738668        5.339999
    1093        0.000013       53.748955        5.340264
    1094        0.000013       53.746745        5.340281
    1095        0.000013       53.757905        5.340585
    1096        0.000013       53.755224        5.340567
    1097        0.000013       53.765360        5.340834
    1098        0.000013       53.762424        5.340810
    1099        0.000013       53.773777        5.341137
    1100        0.000013       53.771955        5.341152
    1101        0.000013       53.783113        5.341456
    1102        0.000013       53.779995        5.341433
    1103        0.000013       53.790290        5.341701
    1104        0.000013       53.788255        5.341748
    1105        0.000013       53.799372        5.342026
    1106        0.000013       53.797912        5.342106
    1107        0.000013       53.806262        5.342253
    1108        0.000013       53.804431        5.342347
    1109        0.000013       53.812354        5.342485
    1110        0.000013       53.812380        5.342646
    1111        0.000013       53.820279        5.342773
    1112        0.000013       53.818361        5.342842
    1113        0.000013       53.825176        5.342941
    1114        0.000013       53.823565        5.343015
    1115        0.000013       53.832735        5.343209
    1116        0.000013       53.831684        5.343273
    1117        0.000013       53.841237        5.343485
    1118        0.000013       53.839456        5.343503
    1119        0.000013       53.851631        5.343830
    1120        0.000013       53.852734        5.343951
    1121        0.000013       53.867579        5.344366
    1122        0.000013       53.868639        5.344487
    1123        0.000013       53.881870        5.344859
    1124        0.000013       53.880058        5.344936
    1125        0.000013       53.887162        5.345136
    1126        0.000013       53.879907        5.345059
    1127        0.000013       53.885872        5.345181
    1128        0.000013       53.881616        5.345140
    1129        0.000013       53.891164        5.345356
    1130        0.000013       53.890298        5.345428
    1131        0.000013       53.901950        5.345716
    1132        0.000013       53.900751        5.345763
    1133        0.000013       53.910680        5.345997
    1134        0.000013       53.908395        5.346016
    1135        0.000013       53.919185        5.346302
    1136        0.000013       53.917876        5.346352
    1137        0.000013       53.928516        5.346634
    1138        0.000013       53.925276        5.346595
    1139        0.000013       53.935030        5.346861
    1140        0.000013       53.932682        5.346866
    1141        0.000013       53.943948        5.347181
    1142        0.000013       53.941821        5.347193
    1143        0.000013       53.951458        5.347429
    1144        0.000013       53.948421        5.347418
    1145        0.000013       53.958858        5.347692
    1146        0.000013       53.957542        5.347749
    1147        0.000013       53.968301        5.348019
    1148        0.000013       53.965680        5.348022
    1149        0.000013       53.975379        5.348258
    1150        0.000013       53.973302        5.348296
    1151        0.000013       53.984582        5.348592
    1152        0.000013       53.982801        5.348628
    1153        0.000013       53.993028        5.348881
    1154        0.000013       53.989747        5.348865
    1155        0.000013       54.000514        5.349154
    1156        0.000013       53.998223        5.349174
    1157        0.000013       54.009903        5.349493
    1158        0.000013       54.006139        5.349444
    1159        0.000013       54.016713        5.349723
    1160        0.000013       54.012818        5.349683
    1161        0.000013       54.024880        5.350020
    1162        0.000013       54.022006        5.350009
    1163        0.000013       54.032983        5.350287
    1164        0.000013       54.029237        5.350255
    1165        0.000013       54.039643        5.350507
    1166        0.000013       54.038524        5.350594
    1167        0.000013       54.049128        5.350828
    1168        0.000013       54.048861        5.350950
    1169        0.000013       54.057118        5.351089
    1170        0.000013       54.057404        5.351246
    1171        0.000013       54.067132        5.351458
    1172        0.000013       54.068514        5.351643
    1173        0.000013       54.077967        5.351846
    1174        0.000013       54.077190        5.351949
    1175        0.000013       54.086097        5.352155
    1176        0.000013       54.085141        5.352256
    1177        0.000006       54.095077        5.352509
    1178        0.000006       54.080002        5.351934
    1179        0.000006       54.078823        5.351910
    1180        0.000006       54.082847        5.352014
    1181        0.000006       54.086919        5.352123
    1182        0.000006       54.089795        5.352204
    1183        0.000006       54.092196        5.352277
    1184        0.000006       54.094445        5.352347
    1185        0.000006       54.096645        5.352419
    1186        0.000006       54.098823        5.352492
    1187        0.000006       54.101004        5.352566
    1188        0.000006       54.103181        5.352636
    1189        0.000006       54.105362        5.352709
    1190        0.000006       54.107545        5.352779
    1191        0.000006       54.109735        5.352853
    1192        0.000006       54.111931        5.352925
    1193        0.000006       54.114129        5.352996
    1194        0.000006       54.116331        5.353068
    1195        0.000006       54.118536        5.353141
    1196        0.000006       54.120751        5.353216
    1197        0.000006       54.122972        5.353287
    1198        0.000006       54.125196        5.353359
    1199        0.000006       54.127413        5.353431
    1200        0.000006       54.129638        5.353502
    1201        0.000006       54.131870        5.353574
    1202        0.000006       54.134108        5.353646
    1203        0.000006       54.136353        5.353717
    1204        0.000006       54.138605        5.353791
    1205        0.000006       54.140865        5.353862
    1206        0.000006       54.143123        5.353935
    1207        0.000006       54.145392        5.354009
    1208        0.000006       54.147668        5.354082
    1209        0.000006       54.149946        5.354152
    1210        0.000006       54.152236        5.354226
    1211        0.000006       54.154518        5.354297
    1212        0.000006       54.156824        5.354371
    1213        0.000006       54.159115        5.354444
    1214        0.000006       54.161470        5.354518
    1215        0.000006       54.163707        5.354591
    1216        0.000006       54.166200        5.354663
    1217        0.000006       54.168159        5.354731
    1218        0.000006       54.171237        5.354829
    1219        0.000006       54.172396        5.354847
    1220        0.000006       54.176265        5.354997
    1221        0.000006       54.177088        5.354992
    1222        0.000006       54.180915        5.355140
    1223        0.000006       54.181866        5.355148
    1224        0.000006       54.185747        5.355278
    1225        0.000006       54.186396        5.355299
    1226        0.000006       54.191038        5.355426
    1227        0.000006       54.190098        5.355441
    1228        0.000006       54.197176        5.355587
    1229        0.000006       54.193211        5.355571
    1230        0.000006       54.201618        5.355725
    1231        0.000006       54.198793        5.355733
    1232        0.000006       54.204578        5.355848
    1233        0.000006       54.204410        5.355898
    1234        0.000006       54.208155        5.355973
    1235        0.000006       54.209483        5.356055
    1236        0.000006       54.212147        5.356104
    1237        0.000006       54.214251        5.356208
    1238        0.000006       54.216496        5.356247
    1239        0.000006       54.218697        5.356346
    1240        0.000006       54.221261        5.356404
    1241        0.000006       54.222933        5.356472
    1242        0.000006       54.226199        5.356567
    1243        0.000006       54.227331        5.356609
    1244        0.000006       54.231038        5.356720
    1245        0.000006       54.231919        5.356758
    1246        0.000006       54.235881        5.356870
    1247        0.000006       54.236465        5.356909
    1248        0.000006       54.240912        5.357020
    1249        0.000006       54.240734        5.357052
    1250        0.000006       54.246076        5.357175
    1251        0.000006       54.244764        5.357197
    1252        0.000006       54.250805        5.357312
    1253        0.000006       54.249041        5.357341
    1254        0.000006       54.254957        5.357455
    1255        0.000006       54.253176        5.357469
    1256        0.000006       54.258783        5.357572
    1257        0.000006       54.257037        5.357563
    1258        0.000006       54.262490        5.357733
    1259        0.000006       54.261474        5.357721
    1260        0.000006       54.264703        5.357749
    1261        0.000006       54.265601        5.357832
    1262        0.000006       54.269709        5.357931
    1263        0.000006       54.270277        5.357946
    1264        0.000006       54.275563        5.358101
    1265        0.000006       54.276888        5.358153
    1266        0.000006       54.283124        5.358334
    1267        0.000006       54.284827        5.358413
    1268        0.000006       54.290808        5.358585
    1269        0.000006       54.290795        5.358626
    1270        0.000006       54.294968        5.358737
    1271        0.000006       54.292265        5.358718
    1272        0.000006       54.295569        5.358784
    1273        0.000006       54.292741        5.358747
    1274        0.000006       54.297852        5.358853
    1275        0.000006       54.296874        5.358873
    1276        0.000006       54.303368        5.359025
    1277        0.000006       54.302715        5.359037
    1278        0.000006       54.308521        5.359175
    1279        0.000006       54.308205        5.359201
    1280        0.000006       54.313812        5.359354
    1281        0.000006       54.313438        5.359365
    1282        0.000006       54.318092        5.359488
    1283        0.000006       54.317694        5.359501
    1284        0.000006       54.322396        5.359633
    1285        0.000006       54.322183        5.359652
    1286        0.000006       54.326587        5.359764
    1287        0.000006       54.326108        5.359778
    1288        0.000006       54.330849        5.359900
    1289        0.000006       54.330495        5.359924
    1290        0.000006       54.335559        5.360046
    1291        0.000006       54.334799        5.360059
    1292        0.000006       54.340227        5.360189
    1293        0.000006       54.339459        5.360208
    1294        0.000006       54.345338        5.360353
    1295        0.000006       54.344245        5.360360
    1296        0.000006       54.350094        5.360504
    1297        0.000006       54.348997        5.360515
    1298        0.000006       54.354932        5.360667
    1299        0.000006       54.353767        5.360669
    1300        0.000006       54.359246        5.360809
    1301        0.000006       54.358006        5.360806
    1302        0.000006       54.363360        5.360949
    1303        0.000006       54.362238        5.360947
    1304        0.000006       54.367165        5.361071
    1305        0.000006       54.365953        5.361063
    1306        0.000006       54.370786        5.361180
    1307        0.000006       54.370073        5.361197
    1308        0.000006       54.374806        5.361299
    1309        0.000006       54.374440        5.361332
    1310        0.000006       54.379043        5.361416
    1311        0.000006       54.379798        5.361502
    1312        0.000006       54.384803        5.361590
    1313        0.000006       54.385961        5.361692
    1314        0.000006       54.391333        5.361792
    1315        0.000006       54.392736        5.361907
    1316        0.000006       54.398663        5.362047
    1317        0.000006       54.399287        5.362131
    1318        0.000006       54.404076        5.362242
    1319        0.000006       54.402315        5.362245
    1320        0.000006       54.405427        5.362322
    1321        0.000006       54.402579        5.362284
    1322        0.000006       54.405806        5.362346
    1323        0.000006       54.404372        5.362331
    1324        0.000006       54.409809        5.362460
    1325        0.000006       54.410568        5.362514
    1326        0.000006       54.416783        5.362666
    1327        0.000006       54.416925        5.362695
    1328        0.000006       54.422417        5.362837
    1329        0.000006       54.422117        5.362864
    1330        0.000006       54.427375        5.363004
    1331        0.000006       54.426438        5.363007
    1332        0.000006       54.431343        5.363132
    1333        0.000006       54.430411        5.363140
    1334        0.000006       54.435628        5.363276
    1335        0.000006       54.434661        5.363282
    1336        0.000006       54.439694        5.363401
    1337        0.000006       54.438796        5.363415
    1338        0.000006       54.444199        5.363551
    1339        0.000006       54.443577        5.363571
    1340        0.000006       54.448851        5.363698
    1341        0.000006       54.448137        5.363714
    1342        0.000006       54.453591        5.363853
    1343        0.000006       54.453135        5.363880
    1344        0.000006       54.458536        5.364017
    1345        0.000006       54.457710        5.364027
    1346        0.000006       54.463059        5.364166
    1347        0.000006       54.462278        5.364182
    1348        0.000006       54.467736        5.364325
    1349        0.000006       54.466490        5.364320
    1350        0.000006       54.471751        5.364454
    1351        0.000006       54.470467        5.364455
    1352        0.000006       54.475990        5.364602
    1353        0.000006       54.474590        5.364592
    1354        0.000006       54.479883        5.364718
    1355        0.000006       54.478640        5.364722
    1356        0.000006       54.484225        5.364859
    1357        0.000006       54.483578        5.364882
    1358        0.000006       54.488839        5.364995
    1359        0.000006       54.488833        5.365051
    1360        0.000006       54.493978        5.365155
    1361        0.000006       54.495116        5.365261
    1362        0.000006       54.499945        5.365349
    1363        0.000006       54.501149        5.365457
    1364        0.000006       54.505865        5.365553
    1365        0.000006       54.506891        5.365658
    1366        0.000006       54.511375        5.365760
    1367        0.000006       54.510648        5.365792
    1368        0.000006       54.514128        5.365870
    1369        0.000006       54.511786        5.365851
    1370        0.000006       54.515004        5.365923
