       0        0.000100     7673.661298       84.212494
       1        0.000100     7472.906987       82.994095
       2        0.000100     7243.355086       81.584763
       3        0.000100     6981.541401       79.949684
       4        0.000100     6690.827211       78.093628
       5        0.000100     6371.689027       76.001839
       6        0.000100     6022.028171       73.639771
       7        0.000100     5642.073031       70.982109
       8        0.000100     5234.158783       68.011040
       9        0.000100     4802.725253       64.717705
      10        0.000100     4354.113006       61.111771
      11        0.000100     3895.924744       57.227310
      12        0.000100     3438.145041       53.134037
      13        0.000100     2992.552370       48.932796
      14        0.000100     2571.270273       44.732178
      15        0.000100     2185.314437       40.654091
      16        0.000100     1843.491272       36.828060
      17        0.000100     1551.662103       33.358650
      18        0.000100     1312.170779       30.373949
      19        0.000100     1123.558087       27.908182
      20        0.000100      980.843768       25.973352
      21        0.000100      876.504395       24.495951
      22        0.000100      801.907577       23.380980
      23        0.000100      748.734354       22.546387
      24        0.000100      709.986049       21.924152
      25        0.000100      680.401713       21.439058
      26        0.000100      656.381174       21.039347
      27        0.000100      635.642162       20.689516
      28        0.000100      616.821376       20.370098
      29        0.000100      599.136458       20.067358
      30        0.000100      582.148946       19.774416
      31        0.000100      565.615532       19.487572
      32        0.000100      549.401432       19.203224
      33        0.000100      533.433261       18.919701
      34        0.000100      517.671707       18.636398
      35        0.000100      502.097986       18.352304
      36        0.000100      486.706762       18.067692
      37        0.000100      471.500270       17.781691
      38        0.000100      456.486682       17.493778
      39        0.000100      441.678242       17.204453
      40        0.000100      427.089038       16.913927
      41        0.000100      412.734967       16.622864
      42        0.000100      398.633578       16.330870
      43        0.000100      384.802656       16.038395
      44        0.000100      371.259498       15.745315
      45        0.000100      358.021658       15.452461
      46        0.000100      345.106559       15.159608
      47        0.000100      332.530997       14.867797
      48        0.000100      320.310744       14.578141
      49        0.000100      308.461067       14.291428
      50        0.000100      296.996049       14.006636
      51        0.000100      285.928213       13.725370
      52        0.000100      275.268596       13.448446
      53        0.000100      265.025561       13.175657
      54        0.000100      255.204734       12.908746
      55        0.000100      245.806553       12.648956
      56        0.000100      236.818817       12.395105
      57        0.000100      228.197766       12.146304
      58        0.000100      219.806019       11.901369
      59        0.000100      211.457111       11.654451
      60        0.000100      203.500957       11.414078
      61        0.000100      196.219779       11.184927
      62        0.000100      189.501152       10.968431
      63        0.000100      183.281512       10.762313
      64        0.000100      177.517224       10.567714
      65        0.000100      172.176696       10.384093
      66        0.000100      167.233544       10.210768
      67        0.000100      162.662613       10.047076
      68        0.000100      158.438554        9.893432
      69        0.000100      154.536122        9.750745
      70        0.000100      150.930014        9.618307
      71        0.000100      147.595411        9.496099
      72        0.000100      144.508517        9.382383
      73        0.000100      141.646588        9.275826
      74        0.000100      138.988078        9.176077
      75        0.000100      136.512613        9.082228
      76        0.000100      134.201407        8.993979
      77        0.000100      132.037206        8.910665
      78        0.000100      130.004235        8.831927
      79        0.000100      128.088143        8.756864
      80        0.000100      126.276180        8.685869
      81        0.000100      124.557025        8.618224
      82        0.000100      122.920574        8.552869
      83        0.000100      121.357968        8.490041
      84        0.000100      119.861409        8.429634
      85        0.000100      118.424075        8.371661
      86        0.000100      117.040023        8.315719
      87        0.000100      115.704164        8.261237
      88        0.000100      114.412084        8.208154
      89        0.000100      113.159898        8.156416
      90        0.000100      111.944352        8.106102
      91        0.000100      110.762585        8.056804
      92        0.000100      109.612118        8.008655
      93        0.000100      108.490848        7.961592
      94        0.000100      107.396813        7.915332
      95        0.000100      106.328405        7.869831
      96        0.000100      105.284158        7.824903
      97        0.000100      104.262881        7.780731
      98        0.000100      103.263589        7.737392
      99        0.000100      102.285326        7.694887
     100        0.000100      101.327394        7.652976
     101        0.000100      100.389079        7.611835
     102        0.000100       99.469760        7.571313
     103        0.000100       98.568881        7.531542
     104        0.000100       97.685940        7.492551
     105        0.000100       96.820477        7.454178
     106        0.000100       95.972043        7.416618
     107        0.000100       95.140277        7.379771
     108        0.000100       94.324775        7.343791
     109        0.000100       93.525212        7.308495
     110        0.000100       92.741230        7.273831
     111        0.000100       91.972503        7.239861
     112        0.000100       91.218729        7.206382
     113        0.000100       90.479580        7.173569
     114        0.000100       89.754764        7.141178
     115        0.000100       89.044097        7.109208
     116        0.000100       88.347267        7.077986
     117        0.000100       87.664000        7.047375
     118        0.000100       86.994050        7.017227
     119        0.000100       86.337098        6.987459
     120        0.000100       85.692928        6.958302
     121        0.000100       85.061336        6.929586
     122        0.000100       84.442087        6.901317
     123        0.000100       83.834895        6.873561
     124        0.000100       83.239557        6.846236
     125        0.000100       82.655860        6.819424
     126        0.000100       82.083556        6.793305
     127        0.000100       81.522417        6.767600
     128        0.000100       80.972239        6.742355
     129        0.000100       80.432810        6.717550
     130        0.000100       79.903911        6.693346
     131        0.000100       79.385321        6.669648
     132        0.000100       78.876803        6.646417
     133        0.000100       78.378134        6.623610
     134        0.000100       77.889137        6.601231
     135        0.000100       77.409584        6.579358
     136        0.000100       76.939284        6.557951
     137        0.000100       76.478012        6.536977
     138        0.000100       76.025575        6.516414
     139        0.000100       75.581767        6.496259
     140        0.000100       75.146414        6.476537
     141        0.000100       74.719292        6.457209
     142        0.000100       74.300200        6.438244
     143        0.000100       73.888947        6.419660
     144        0.000100       73.485387        6.401363
     145        0.000100       73.089387        6.383442
     146        0.000100       72.700785        6.365921
     147        0.000100       72.319417        6.348714
     148        0.000100       71.945105        6.331847
     149        0.000100       71.577684        6.315246
     150        0.000100       71.217022        6.298926
     151        0.000100       70.862979        6.282931
     152        0.000100       70.515450        6.267217
     153        0.000100       70.174373        6.251826
     154        0.000100       69.839696        6.236783
     155        0.000100       69.511426        6.222251
     156        0.000100       69.189727        6.208040
     157        0.000100       68.875053        6.194312
     158        0.000100       68.567597        6.181067
     159        0.000100       68.267660        6.168230
     160        0.000100       67.975679        6.155790
     161        0.000100       67.690758        6.143793
     162        0.000100       67.406735        6.131900
     163        0.000100       67.120635        6.120271
     164        0.000100       66.832457        6.108882
     165        0.000100       66.545657        6.097365
     166        0.000100       66.264983        6.085355
     167        0.000100       65.990262        6.073595
     168        0.000100       65.721110        6.062025
     169        0.000100       65.459411        6.050729
     170        0.000100       65.207697        6.039970
     171        0.000100       64.967672        6.030060
     172        0.000100       64.734797        6.020758
     173        0.000100       64.499803        6.011689
     174        0.000100       64.245933        6.002362
     175        0.000100       63.971855        5.992811
     176        0.000100       63.702406        5.982495
     177        0.000100       63.443641        5.972050
     178        0.000100       63.192434        5.961507
     179        0.000100       62.947263        5.951129
     180        0.000100       62.705679        5.940526
     181        0.000100       62.470554        5.929973
     182        0.000100       62.242188        5.919757
     183        0.000100       62.021050        5.909830
     184        0.000100       61.802698        5.899833
     185        0.000100       61.582065        5.889684
     186        0.000100       61.363874        5.879570
     187        0.000100       61.151168        5.869965
     188        0.000100       60.944129        5.860779
     189        0.000100       60.742337        5.851937
     190        0.000100       60.545607        5.843474
     191        0.000100       60.352735        5.835756
     192        0.000100       60.156496        5.829065
     193        0.000100       59.954704        5.822586
     194        0.000100       59.759298        5.815873
     195        0.000100       59.570270        5.808918
     196        0.000100       59.384635        5.801885
     197        0.000100       59.202544        5.795033
     198        0.000100       59.024237        5.788342
     199        0.000100       58.849342        5.781690
     200        0.000100       58.678272        5.775008
     201        0.000100       58.511226        5.768253
     202        0.000100       58.347963        5.761506
     203        0.000100       58.188513        5.754827
     204        0.000100       58.030897        5.748107
     205        0.000100       57.877857        5.741497
     206        0.000100       57.723172        5.734816
     207        0.000100       57.575309        5.728315
     208        0.000100       57.426085        5.721763
     209        0.000100       57.282648        5.715543
     210        0.000100       57.139949        5.709352
     211        0.000100       57.001748        5.703411
     212        0.000100       56.865032        5.697547
     213        0.000100       56.732128        5.691811
     214        0.000100       56.600580        5.686058
     215        0.000100       56.472463        5.680463
     216        0.000100       56.345184        5.674915
     217        0.000100       56.220981        5.669494
     218        0.000100       56.096229        5.664061
     219        0.000100       55.973917        5.658751
     220        0.000100       55.846617        5.653317
     221        0.000100       55.717588        5.647858
     222        0.000100       55.576500        5.642076
     223        0.000100       55.437498        5.636519
     224        0.000100       55.299112        5.631004
     225        0.000100       55.175052        5.625984
     226        0.000100       55.056230        5.621093
     227        0.000100       54.948916        5.616560
     228        0.000100       54.843824        5.611994
     229        0.000100       54.746669        5.607640
     230        0.000100       54.650212        5.603176
     231        0.000100       54.557544        5.598814
     232        0.000100       54.462844        5.594403
     233        0.000100       54.372961        5.590236
     234        0.000100       54.281256        5.586079
     235        0.000100       54.195246        5.582162
     236        0.000100       54.106584        5.578199
     237        0.000100       54.024303        5.574504
     238        0.000100       53.938511        5.570730
     239        0.000100       53.859600        5.567216
     240        0.000100       53.776918        5.563581
     241        0.000100       53.700956        5.560194
     242        0.000100       53.621292        5.556702
     243        0.000100       53.547759        5.553404
     244        0.000100       53.470875        5.549995
     245        0.000100       53.399724        5.546800
     246        0.000100       53.325450        5.543463
     247        0.000100       53.256765        5.540468
     248        0.000100       53.184836        5.537273
     249        0.000100       53.118677        5.534400
     250        0.000100       53.048720        5.531266
     251        0.000100       52.984836        5.528489
     252        0.000100       52.916523        5.525373
     253        0.000100       52.854936        5.522653
     254        0.000100       52.788458        5.519606
     255        0.000100       52.729096        5.516953
     256        0.000100       52.664563        5.513982
     257        0.000100       52.607117        5.511399
     258        0.000100       52.544481        5.508470
     259        0.000100       52.488673        5.505952
     260        0.000100       52.427929        5.503119
     261        0.000100       52.373818        5.500707
     262        0.000100       52.314912        5.498033
     263        0.000100       52.262521        5.495714
     264        0.000100       52.205196        5.493072
     265        0.000100       52.154450        5.490788
     266        0.000100       52.098501        5.488217
     267        0.000100       52.049502        5.486054
     268        0.000100       51.994849        5.483545
     269        0.000100       51.947519        5.481460
     270        0.000100       51.894157        5.479030
     271        0.000100       51.848454        5.476980
     272        0.000100       51.796533        5.474573
     273        0.000100       51.752361        5.472569
     274        0.000100       51.701904        5.470199
     275        0.000100       51.659089        5.468188
     276        0.000100       51.610108        5.465831
     277        0.000100       51.568580        5.463874
     278        0.000100       51.520959        5.461591
     279        0.000100       51.480833        5.459671
     280        0.000100       51.434626        5.457429
     281        0.000100       51.396033        5.455560
     282        0.000100       51.351097        5.453392
     283        0.000100       51.313968        5.451595
     284        0.000100       51.270204        5.449424
     285        0.000100       51.234484        5.447623
     286        0.000100       51.191808        5.445456
     287        0.000100       51.157408        5.443689
     288        0.000100       51.115819        5.441570
     289        0.000100       51.082583        5.439886
     290        0.000100       51.042035        5.437848
     291        0.000100       51.009851        5.436228
     292        0.000100       50.970443        5.434260
     293        0.000100       50.939379        5.432710
     294        0.000100       50.901138        5.430793
     295        0.000100       50.871184        5.429293
     296        0.000100       50.833956        5.427484
     297        0.000100       50.805023        5.426069
     298        0.000100       50.768777        5.424284
     299        0.000100       50.740963        5.422889
     300        0.000100       50.705637        5.421119
     301        0.000100       50.678897        5.419732
     302        0.000100       50.644413        5.417958
     303        0.000100       50.618717        5.416597
     304        0.000100       50.585113        5.414896
     305        0.000100       50.560486        5.413598
     306        0.000100       50.527820        5.411906
     307        0.000100       50.504181        5.410602
     308        0.000100       50.472414        5.408928
     309        0.000100       50.449783        5.407657
     310        0.000100       50.418961        5.405999
     311        0.000100       50.397346        5.404758
     312        0.000100       50.367568        5.403144
     313        0.000100       50.347184        5.401914
     314        0.000100       50.317267        5.400210
     315        0.000100       50.296374        5.398864
     316        0.000100       50.266673        5.397216
     317        0.000100       50.244712        5.395710
     318        0.000100       50.210772        5.393750
     319        0.000100       50.192165        5.392444
     320        0.000100       50.162834        5.390831
     321        0.000100       50.148927        5.389688
     322        0.000100       50.121253        5.388109
     323        0.000100       50.108119        5.386996
     324        0.000100       50.081356        5.385470
     325        0.000100       50.067723        5.384380
     326        0.000100       50.041860        5.382912
     327        0.000100       50.027978        5.381899
     328        0.000100       50.002854        5.380498
     329        0.000100       49.989318        5.379540
     330        0.000100       49.964651        5.378170
     331        0.000100       49.951696        5.377230
     332        0.000100       49.927381        5.375873
     333        0.000100       49.915158        5.374948
     334        0.000100       49.891231        5.373590
     335        0.000100       49.879985        5.372712
     336        0.000100       49.856364        5.371367
     337        0.000100       49.846294        5.370664
     338        0.000100       49.822746        5.369160
     339        0.000100       49.813908        5.368583
     340        0.000100       49.790574        5.366982
     341        0.000100       49.782521        5.366461
     342        0.000100       49.760160        5.364925
     343        0.000100       49.752196        5.364321
     344        0.000100       49.731224        5.362901
     345        0.000100       49.723326        5.362216
     346        0.000100       49.703494        5.360901
     347        0.000100       49.695986        5.360267
     348        0.000100       49.676956        5.359053
     349        0.000100       49.670028        5.358463
     350        0.000100       49.651651        5.357334
     351        0.000100       49.645470        5.356878
     352        0.000100       49.627590        5.355791
     353        0.000100       49.622333        5.355451
     354        0.000100       49.604709        5.354268
     355        0.000100       49.600650        5.354115
     356        0.000100       49.583102        5.352768
     357        0.000100       49.579729        5.352756
     358        0.000100       49.562851        5.351425
     359        0.000100       49.559366        5.351274
     360        0.000100       49.543398        5.350068
     361        0.000100       49.540211        5.349813
     362        0.000100       49.524932        5.348760
     363        0.000100       49.522223        5.348519
     364        0.000100       49.507479        5.347511
     365        0.000100       49.505314        5.347279
     366        0.000100       49.490969        5.346299
     367        0.000100       49.489400        5.346089
     368        0.000100       49.475419        5.345080
     369        0.000100       49.474489        5.344909
     370        0.000100       49.460852        5.343847
     371        0.000100       49.460645        5.343759
     372        0.000100       49.447307        5.342587
     373        0.000100       49.447871        5.342607
     374        0.000100       49.434886        5.341310
     375        0.000100       49.435846        5.341471
     376        0.000100       49.423327        5.340079
     377        0.000100       49.424528        5.340270
     378        0.000100       49.412546        5.338912
     379        0.000100       49.414370        5.339046
     380        0.000100       49.402581        5.337783
     381        0.000100       49.405305        5.337863
     382        0.000100       49.393564        5.336680
     383        0.000100       49.397153        5.336707
     384        0.000100       49.385296        5.335540
     385        0.000100       49.389863        5.335554
     386        0.000100       49.377751        5.334367
     387        0.000100       49.383526        5.334417
     388        0.000100       49.370852        5.333200
     389        0.000100       49.378143        5.333344
     390        0.000100       49.364418        5.331989
     391        0.000100       49.373555        5.332285
     392        0.000100       49.358546        5.330814
     393        0.000100       49.369634        5.331235
     394        0.000100       49.353487        5.329707
     395        0.000100       49.366154        5.330122
     396        0.000100       49.349405        5.328621
     397        0.000100       49.363058        5.329003
     398        0.000100       49.346340        5.327588
     399        0.000100       49.360508        5.327917
     400        0.000100       49.344521        5.326611
     401        0.000100       49.358932        5.326939
     402        0.000100       49.343864        5.325727
     403        0.000100       49.358564        5.326050
     404        0.000100       49.344046        5.324865
     405        0.000100       49.359128        5.325159
     406        0.000100       49.344942        5.324008
     407        0.000100       49.359725        5.324247
     408        0.000100       49.347046        5.323192
     409        0.000100       49.358905        5.323225
     410        0.000100       49.351399        5.322414
     411        0.000100       49.355221        5.322250
     412        0.000100       49.358921        5.321951
     413        0.000100       49.352521        5.321212
     414        0.000100       49.358903        5.320981
     415        0.000100       49.362690        5.320458
     416        0.000100       49.349193        5.319703
     417        0.000100       49.371303        5.319720
     418        0.000100       49.352157        5.318732
     419        0.000100       49.369387        5.318739
     420        0.000100       49.363970        5.317986
     421        0.000100       49.369343        5.317753
     422        0.000100       49.373338        5.317260
     423        0.000100       49.376966        5.316964
     424        0.000100       49.379360        5.316587
     425        0.000100       49.390993        5.316379
     426        0.000100       49.382140        5.315787
     427        0.000100       49.404833        5.316062
     428        0.000100       49.389561        5.315013
     429        0.000100       49.409683        5.315211
     430        0.000100       49.402104        5.314347
     431        0.000100       49.403138        5.314124
     432        0.000100       49.412493        5.313774
     433        0.000100       49.411334        5.313301
     434        0.000100       49.402842        5.312619
     435        0.000100       49.413880        5.312294
     436        0.000100       49.413300        5.311944
     437        0.000100       49.440496        5.312182
     438        0.000100       49.409608        5.310646
     439        0.000100       49.417040        5.310579
     440        0.000100       49.460127        5.311431
     441        0.000100       49.478623        5.311556
     442        0.000100       49.460900        5.310629
     443        0.000100       49.483937        5.311252
     444        0.000100       49.516029        5.312244
     445        0.000100       49.553775        5.313384
     446        0.000100       49.531877        5.311946
     447        0.000100       49.542615        5.311885
     448        0.000100       49.545865        5.310908
     449        0.000100       49.545445        5.310312
     450        0.000100       49.514681        5.308781
     451        0.000100       49.510868        5.308094
     452        0.000100       49.507047        5.307420
     453        0.000100       49.519428        5.307185
     454        0.000100       49.505488        5.306167
     455        0.000100       49.522407        5.306192
     456        0.000100       49.546698        5.306480
     457        0.000100       49.587671        5.307176
     458        0.000100       49.591152        5.306860
     459        0.000100       49.615486        5.307733
     460        0.000100       49.644326        5.308569
     461        0.000100       49.680620        5.309223
     462        0.000100       49.657015        5.307757
     463        0.000100       49.647510        5.306670
     464        0.000100       49.657350        5.306520
     465        0.000100       49.682606        5.306619
     466        0.000100       49.641005        5.304675
     467        0.000100       49.620638        5.303421
     468        0.000100       49.633889        5.303370
     469        0.000100       49.674914        5.304180
     470        0.000100       49.660092        5.303352
     471        0.000100       49.662536        5.303155
     472        0.000100       49.684509        5.303897
     473        0.000100       49.734028        5.305341
     474        0.000100       49.729782        5.304979
     475        0.000100       49.734841        5.304969
     476        0.000100       49.750838        5.305546
     477        0.000100       49.798518        5.306937
     478        0.000100       49.791810        5.306537
     479        0.000100       49.788319        5.306198
     480        0.000100       49.790557        5.306295
     481        0.000100       49.837549        5.307566
     482        0.000100       49.825112        5.306794
     483        0.000100       49.817829        5.306299
     484        0.000100       49.807122        5.305855
     485        0.000100       49.863856        5.307236
     486        0.000100       49.861548        5.306922
     487        0.000100       49.846085        5.305947
     488        0.000100       49.849871        5.305755
     489        0.000100       49.912751        5.307623
     490        0.000100       49.931127        5.307724
     491        0.000100       49.933624        5.307456
     492        0.000100       49.945115        5.307858
     493        0.000100       50.028055        5.310863
     494        0.000100       50.066893        5.312610
     495        0.000100       50.077326        5.313025
     496        0.000100       50.065336        5.312311
     497        0.000100       50.096136        5.312138
     498        0.000100       50.096389        5.311832
     499        0.000100       50.073173        5.310812
     500        0.000100       50.045885        5.309791
     501        0.000100       50.086584        5.310811
     502        0.000100       50.113567        5.311286
     503        0.000100       50.116876        5.310873
     504        0.000100       50.101189        5.309986
     505        0.000100       50.157302        5.311312
     506        0.000100       50.205943        5.312543
     507        0.000100       50.225206        5.312804
     508        0.000100       50.205940        5.312063
     509        0.000100       50.256720        5.313501
     510        0.000100       50.308770        5.314997
     511        0.000100       50.325315        5.315331
     512        0.000100       50.290253        5.314178
     513        0.000100       50.320600        5.314971
     514        0.000100       50.368458        5.316277
     515        0.000100       50.384846        5.316700
     516        0.000100       50.347610        5.315455
     517        0.000100       50.368724        5.316139
     518        0.000100       50.419370        5.317343
     519        0.000100       50.450632        5.318344
     520        0.000100       50.417740        5.316768
     521        0.000100       50.442248        5.317712
     522        0.000100       50.497105        5.318717
     523        0.000100       50.545999        5.320183
     524        0.000100       50.528579        5.319285
     525        0.000100       50.551318        5.319894
     526        0.000100       50.612515        5.321639
     527        0.000100       50.681150        5.323585
     528        0.000100       50.665832        5.323432
     529        0.000100       50.668703        5.323219
     530        0.000100       50.713664        5.324512
     531        0.000100       50.764592        5.325992
     532        0.000100       50.735079        5.325154
     533        0.000100       50.714260        5.324748
     534        0.000100       50.732821        5.325188
     535        0.000100       50.804559        5.327019
     536        0.000100       50.784711        5.326126
     537        0.000100       50.765895        5.325165
     538        0.000100       50.802250        5.325828
     539        0.000100       50.894856        5.327851
     540        0.000100       50.915473        5.328145
     541        0.000100       50.919611        5.328063
     542        0.000100       50.953987        5.328984
     543        0.000100       51.055392        5.331921
     544        0.000100       51.063318        5.332068
     545        0.000100       51.038711        5.331443
     546        0.000100       51.028732        5.331305
     547        0.000100       51.104401        5.333512
     548        0.000100       51.119669        5.333935
     549        0.000100       51.099232        5.333266
     550        0.000100       51.089591        5.332873
     551        0.000100       51.171412        5.334850
     552        0.000100       51.210651        5.335721
     553        0.000100       51.206138        5.335368
     554        0.000100       51.188901        5.334671
     555        0.000100       51.277317        5.336888
     556        0.000100       51.333304        5.338170
     557        0.000100       51.344494        5.338369
     558        0.000100       51.318992        5.337721
     559        0.000100       51.385505        5.339300
     560        0.000100       51.460718        5.341441
     561        0.000100       51.464980        5.341855
     562        0.000100       51.408530        5.340189
     563        0.000100       51.469846        5.342057
     564        0.000100       51.522058        5.343509
     565        0.000100       51.543285        5.343840
     566        0.000100       51.496565        5.342619
     567        0.000100       51.520279        5.342889
     568        0.000100       51.603259        5.344777
     569        0.000100       51.648419        5.345805
     570        0.000100       51.607102        5.344385
     571        0.000100       51.647306        5.345188
     572        0.000100       51.733281        5.347136
     573        0.000100       51.817075        5.349249
     574        0.000100       51.801360        5.348920
     575        0.000100       51.813880        5.349347
     576        0.000100       51.874939        5.351116
     577        0.000100       51.935190        5.352956
     578        0.000100       51.889246        5.352111
     579        0.000100       51.860910        5.351578
     580        0.000100       51.901463        5.352474
     581        0.000100       51.992068        5.354548
     582        0.000100       51.977380        5.353951
     583        0.000100       51.953214        5.353108
     584        0.000100       51.994590        5.353837
     585        0.000100       52.115573        5.356630
     586        0.000100       52.135067        5.357018
     587        0.000100       52.118437        5.356670
     588        0.000100       52.140443        5.357228
     589        0.000100       52.256580        5.360219
     590        0.000100       52.280936        5.361048
     591        0.000100       52.251992        5.360535
     592        0.000100       52.232324        5.360170
     593        0.000100       52.328171        5.362577
     594        0.000100       52.368563        5.363656
     595        0.000100       52.355094        5.363374
     596        0.000100       52.319249        5.362454
     597        0.000100       52.404194        5.364225
     598        0.000100       52.474946        5.365803
     599        0.000100       52.489645        5.366160
     600        0.000100       52.450371        5.365328
     601        0.000100       52.523183        5.366802
     602        0.000100       52.624244        5.369544
     603        0.000100       52.674158        5.370535
     604        0.000100       52.636863        5.370779
     605        0.000100       52.659903        5.371047
     606        0.000100       52.745823        5.373787
     607        0.000100       52.796502        5.375119
     608        0.000100       52.740624        5.374232
     609        0.000100       52.725036        5.374006
     610        0.000100       52.783692        5.375195
     611        0.000100       52.871957        5.377037
     612        0.000100       52.858094        5.376852
     613        0.000100       52.824890        5.376044
     614        0.000100       52.868228        5.376858
     615        0.000100       52.997884        5.379727
     616        0.000100       53.029884        5.380794
     617        0.000100       53.022021        5.381171
     618        0.000100       53.022990        5.381467
     619        0.000100       53.138168        5.384452
     620        0.000100       53.187426        5.386002
     621        0.000100       53.168158        5.386089
     622        0.000100       53.116139        5.385215
     623        0.000100       53.182019        5.386586
     624        0.000100       53.266281        5.388494
     625        0.000100       53.289634        5.389316
     626        0.000100       53.225342        5.388079
     627        0.000100       53.264985        5.389139
     628        0.000100       53.355005        5.390899
     629        0.000100       53.438552        5.393121
     630        0.000100       53.406324        5.392993
     631        0.000100       53.397305        5.393139
     632        0.000100       53.486183        5.395545
     633        0.000100       53.601897        5.398568
     634        0.000100       53.591819        5.398778
     635        0.000100       53.566166        5.399356
     636        0.000100       53.561711        5.399257
     637        0.000100       53.683185        5.401993
     638        0.000100       53.718425        5.403234
     639        0.000100       53.673921        5.402511
     640        0.000100       53.644114        5.402217
     641        0.000100       53.741744        5.404418
     642        0.000100       53.818989        5.405818
     643        0.000100       53.841690        5.406841
     644        0.000100       53.778355        5.405788
     645        0.000100       53.847830        5.407602
     646        0.000100       53.968830        5.410450
     647        0.000100       54.040645        5.412586
     648        0.000100       53.997425        5.412629
     649        0.000100       53.990236        5.413208
     650        0.000100       54.060631        5.414879
     651        0.000100       54.158099        5.417422
     652        0.000100       54.119688        5.416931
     653        0.000100       54.074977        5.416560
     654        0.000100       54.102201        5.417197
     655        0.000100       54.232681        5.419968
     656        0.000100       54.255912        5.420584
     657        0.000100       54.220855        5.420234
     658        0.000100       54.205097        5.420125
     659        0.000100       54.331669        5.422992
     660        0.000100       54.422722        5.425264
     661        0.000100       54.432867        5.426568
     662        0.000100       54.368518        5.425806
     663        0.000100       54.437312        5.427886
     664        0.000100       54.537771        5.430125
     665        0.000100       54.578986        5.431704
     666        0.000100       54.496127        5.430396
     667        0.000100       54.503877        5.431217
     668        0.000050       54.586116        5.432642
     669        0.000050       54.842906        5.442868
     670        0.000050       54.843613        5.442244
     671        0.000050       54.848598        5.442192
     672        0.000050       54.853571        5.442259
     673        0.000050       54.861051        5.442426
     674        0.000050       54.870608        5.442679
     675        0.000050       54.881602        5.442999
     676        0.000050       54.893599        5.443363
     677        0.000050       54.906292        5.443761
     678        0.000050       54.919436        5.444178
     679        0.000050       54.932857        5.444606
     680        0.000050       54.946499        5.445048
     681        0.000050       54.960286        5.445501
     682        0.000050       54.974170        5.445964
     683        0.000050       54.988129        5.446431
     684        0.000050       55.002135        5.446899
     685        0.000050       55.016179        5.447372
     686        0.000050       55.030208        5.447844
     687        0.000050       55.044261        5.448322
     688        0.000050       55.058294        5.448801
     689        0.000050       55.072339        5.449282
     690        0.000050       55.086377        5.449764
     691        0.000050       55.100402        5.450244
     692        0.000050       55.114433        5.450727
     693        0.000050       55.128466        5.451207
     694        0.000050       55.142507        5.451690
     695        0.000050       55.156492        5.452173
     696        0.000050       55.170483        5.452655
     697        0.000050       55.184540        5.453139
     698        0.000050       55.198575        5.453626
     699        0.000050       55.212569        5.454109
     700        0.000050       55.226506        5.454596
     701        0.000050       55.240586        5.455093
     702        0.000050       55.254592        5.455589
     703        0.000050       55.268998        5.456102
     704        0.000050       55.282417        5.456589
     705        0.000050       55.296414        5.457083
     706        0.000050       55.310514        5.457618
     707        0.000050       55.329272        5.458206
     708        0.000050       55.329223        5.458321
     709        0.000050       55.367558        5.459690
     710        0.000050       55.346554        5.458971
     711        0.000050       55.401925        5.460953
     712        0.000050       55.400251        5.460490
     713        0.000050       55.402855        5.461228
     714        0.000050       55.362181        5.460656
     715        0.000050       55.419648        5.461875
     716        0.000050       55.549342        5.464199
     717        0.000050       55.504602        5.463800
     718        0.000050       55.386357        5.462078
     719        0.000050       55.471565        5.463837
     720        0.000050       55.528836        5.465189
     721        0.000050       55.520418        5.465336
     722        0.000050       55.521419        5.465663
     723        0.000050       55.544985        5.466327
     724        0.000050       55.570222        5.467030
     725        0.000050       55.588364        5.467842
     726        0.000050       55.588165        5.468021
     727        0.000050       55.604661        5.468490
     728        0.000050       55.626936        5.469382
     729        0.000050       55.640312        5.469744
     730        0.000050       55.637184        5.469851
     731        0.000050       55.660547        5.470740
     732        0.000050       55.659425        5.470640
     733        0.000050       55.692012        5.471563
     734        0.000050       55.687948        5.471736
     735        0.000050       55.699606        5.472028
     736        0.000050       55.721017        5.472664
     737        0.000050       55.753904        5.473566
     738        0.000050       55.769003        5.474251
     739        0.000050       55.778763        5.475170
     740        0.000050       55.795345        5.476046
     741        0.000050       55.848147        5.477482
     742        0.000050       55.870488        5.478172
     743        0.000050       55.833210        5.477800
     744        0.000050       55.793342        5.477367
     745        0.000050       55.858903        5.478587
     746        0.000050       55.933007        5.479917
     747        0.000050       55.897593        5.479663
     748        0.000050       55.824073        5.478722
     749        0.000050       55.891053        5.479879
     750        0.000050       55.958600        5.481204
     751        0.000050       55.962498        5.481868
     752        0.000050       55.932498        5.481746
     753        0.000050       55.969690        5.482741
     754        0.000050       56.008651        5.483716
     755        0.000050       56.026081        5.484520
     756        0.000050       56.009555        5.484613
     757        0.000050       56.024451        5.485188
     758        0.000050       56.054439        5.485908
     759        0.000050       56.078870        5.486673
     760        0.000050       56.067097        5.486818
     761        0.000050       56.070427        5.487200
     762        0.000050       56.097585        5.487834
     763        0.000050       56.137955        5.488782
     764        0.000050       56.131850        5.489023
     765        0.000050       56.121727        5.489298
     766        0.000050       56.141005        5.489901
     767        0.000050       56.210200        5.491351
     768        0.000050       56.222122        5.492043
     769        0.000050       56.190522        5.492165
     770        0.000050       56.184683        5.492610
     771        0.000050       56.268007        5.494178
     772        0.000050       56.312473        5.495520
     773        0.000050       56.268492        5.495154
     774        0.000050       56.233503        5.495108
     775        0.000050       56.287033        5.495890
     776        0.000050       56.350177        5.497430
     777        0.000050       56.320795        5.497026
     778        0.000050       56.288001        5.496952
     779        0.000050       56.319102        5.497401
     780        0.000050       56.374260        5.498458
     781        0.000050       56.389866        5.499043
     782        0.000050       56.366888        5.499154
     783        0.000050       56.399265        5.500308
     784        0.000050       56.448423        5.501667
     785        0.000050       56.480143        5.502832
     786        0.000050       56.450038        5.502830
     787        0.000050       56.449762        5.503209
     788        0.000050       56.482868        5.503861
     789        0.000050       56.528474        5.504937
     790        0.000050       56.508009        5.504968
     791        0.000050       56.487682        5.505046
     792        0.000050       56.513144        5.505604
     793        0.000050       56.584163        5.507026
     794        0.000050       56.586151        5.507466
     795        0.000050       56.550189        5.507490
     796        0.000050       56.554621        5.507900
     797        0.000050       56.638509        5.509654
     798        0.000050       56.668413        5.510673
     799        0.000050       56.637044        5.510876
     800        0.000050       56.611705        5.510889
     801        0.000050       56.679545        5.512338
     802        0.000050       56.727053        5.513456
     803        0.000050       56.713600        5.513789
     804        0.000050       56.673094        5.513535
     805        0.000050       56.711310        5.514336
     806        0.000050       56.767874        5.515623
     807        0.000050       56.773044        5.516048
     808        0.000050       56.730199        5.515672
     809        0.000050       56.750013        5.516287
     810        0.000050       56.811263        5.517670
     811        0.000050       56.833288        5.518065
     812        0.000050       56.819896        5.518907
     813        0.000050       56.816231        5.519198
     814        0.000050       56.870868        5.520652
     815        0.000050       56.929995        5.522355
     816        0.000050       56.905879        5.522488
     817        0.000050       56.881123        5.522688
     818        0.000050       56.903188        5.523194
     819        0.000050       56.973350        5.524552
     820        0.000050       56.968110        5.524812
     821        0.000050       56.928848        5.524628
     822        0.000050       56.926820        5.524751
     823        0.000050       57.004796        5.526218
     824        0.000050       57.033289        5.526992
     825        0.000050       57.007122        5.527125
     826        0.000050       56.984806        5.527208
     827        0.000050       57.053407        5.528814
     828        0.000050       57.110763        5.530289
     829        0.000050       57.104517        5.530971
     830        0.000050       57.062660        5.530861
     831        0.000050       57.100571        5.531847
     832        0.000050       57.160119        5.533078
     833        0.000050       57.172448        5.533757
     834        0.000050       57.126164        5.533401
     835        0.000050       57.136042        5.533830
     836        0.000050       57.190962        5.534897
     837        0.000050       57.227709        5.535838
     838        0.000050       57.196399        5.535830
     839        0.000050       57.182190        5.535805
     840        0.000050       57.232074        5.537051
     841        0.000050       57.295522        5.538424
     842        0.000050       57.293393        5.539331
     843        0.000050       57.262918        5.539353
     844        0.000050       57.294365        5.540659
     845        0.000050       57.364170        5.542002
     846        0.000050       57.380467        5.543044
     847        0.000050       57.339316        5.542766
     848        0.000050       57.328949        5.542856
     849        0.000050       57.396267        5.544105
     850        0.000050       57.432966        5.544964
     851        0.000050       57.408867        5.545010
     852        0.000050       57.373125        5.544787
     853        0.000050       57.423120        5.545680
     854        0.000050       57.488462        5.547028
     855        0.000050       57.496197        5.547755
     856        0.000050       57.454296        5.547724
     857        0.000050       57.488482        5.548951
     858        0.000050       57.554284        5.550375
     859        0.000050       57.590000        5.551773
     860        0.000050       57.546910        5.551611
     861        0.000050       57.541679        5.551887
     862        0.000050       57.594586        5.552999
     863        0.000050       57.644862        5.554036
     864        0.000050       57.620383        5.554079
     865        0.000050       57.594504        5.554099
     866        0.000050       57.619036        5.554521
     867        0.000050       57.697865        5.556199
     868        0.000050       57.696877        5.556534
     869        0.000025       57.665400        5.556507
     870        0.000025       57.697858        5.556626
     871        0.000025       57.680303        5.556680
     872        0.000025       57.686117        5.556900
     873        0.000025       57.688800        5.557114
     874        0.000025       57.692359        5.557355
     875        0.000025       57.697055        5.557627
     876        0.000025       57.702325        5.557920
     877        0.000025       57.707972        5.558222
     878        0.000025       57.713961        5.558537
     879        0.000025       57.720214        5.558855
     880        0.000025       57.726703        5.559174
     881        0.000025       57.733389        5.559502
     882        0.000025       57.740237        5.559832
     883        0.000025       57.747233        5.560163
     884        0.000025       57.754342        5.560501
     885        0.000025       57.761567        5.560835
     886        0.000025       57.768875        5.561175
     887        0.000025       57.776290        5.561517
     888        0.000025       57.783748        5.561858
     889        0.000025       57.791284        5.562202
     890        0.000025       57.798908        5.562551
     891        0.000025       57.806580        5.562897
     892        0.000025       57.814324        5.563248
     893        0.000025       57.822134        5.563598
     894        0.000025       57.829980        5.563949
     895        0.000025       57.837854        5.564303
     896        0.000025       57.845818        5.564659
     897        0.000025       57.853811        5.565014
     898        0.000025       57.861833        5.565375
     899        0.000025       57.869869        5.565737
     900        0.000025       57.878031        5.566099
     901        0.000025       57.886123        5.566462
     902        0.000025       57.894397        5.566829
     903        0.000025       57.902385        5.567187
     904        0.000025       57.911040        5.567562
     905        0.000025       57.918505        5.567907
     906        0.000025       57.928892        5.568324
     907        0.000025       57.932412        5.568567
     908        0.000025       57.948642        5.569135
     909        0.000025       57.949258        5.569326
     910        0.000025       57.962863        5.569756
     911        0.000025       57.965948        5.570061
     912        0.000025       57.982950        5.570778
     913        0.000025       57.978241        5.570508
     914        0.000025       58.010962        5.571652
     915        0.000025       58.001349        5.571402
     916        0.000025       57.987001        5.571776
     917        0.000025       57.988121        5.571866
     918        0.000025       58.077140        5.573287
     919        0.000025       58.066592        5.573516
     920        0.000025       58.006690        5.572942
     921        0.000025       58.040749        5.573536
     922        0.000025       58.071830        5.574448
     923        0.000025       58.066859        5.574593
     924        0.000025       58.068644        5.574807
     925        0.000025       58.084351        5.575410
     926        0.000025       58.098880        5.575869
     927        0.000025       58.097381        5.575963
     928        0.000025       58.112529        5.576647
     929        0.000025       58.114514        5.576756
     930        0.000025       58.128137        5.577137
     931        0.000025       58.134149        5.577553
     932        0.000025       58.140302        5.577765
     933        0.000025       58.142897        5.577942
     934        0.000025       58.161489        5.578564
     935        0.000025       58.163163        5.578678
     936        0.000025       58.170089        5.579036
     937        0.000025       58.178994        5.579511
     938        0.000025       58.194058        5.579946
     939        0.000025       58.207204        5.580523
     940        0.000025       58.212735        5.581040
     941        0.000025       58.214017        5.581365
     942        0.000025       58.241478        5.582207
     943        0.000025       58.262812        5.582796
     944        0.000025       58.254275        5.582947
     945        0.000025       58.230189        5.582830
     946        0.000025       58.262208        5.583403
     947        0.000025       58.302860        5.584031
     948        0.000025       58.286785        5.584006
     949        0.000025       58.249661        5.583609
     950        0.000025       58.286319        5.584323
     951        0.000025       58.314347        5.584881
     952        0.000025       58.313848        5.585210
     953        0.000025       58.307664        5.585419
     954        0.000025       58.332365        5.586188
     955        0.000025       58.350560        5.586797
     956        0.000025       58.355272        5.587203
     957        0.000025       58.351416        5.587376
     958        0.000025       58.366878        5.587833
     959        0.000025       58.381258        5.588204
     960        0.000025       58.387368        5.588509
     961        0.000025       58.381880        5.588602
     962        0.000025       58.396298        5.589039
     963        0.000025       58.413645        5.589460
     964        0.000025       58.424143        5.589892
     965        0.000025       58.413162        5.589976
     966        0.000025       58.426764        5.590489
     967        0.000025       58.453600        5.591108
     968        0.000025       58.470373        5.591691
     969        0.000025       58.448896        5.591702
     970        0.000025       58.454710        5.592107
     971        0.000025       58.495551        5.592949
     972        0.000025       58.514194        5.593467
     973        0.000025       58.488505        5.593434
     974        0.000025       58.487267        5.593548
     975        0.000025       58.527636        5.594428
     976        0.000025       58.537371        5.594636
     977        0.000025       58.525530        5.594832
     978        0.000025       58.522045        5.594784
     979        0.000025       58.552455        5.595553
     980        0.000025       58.564114        5.595797
     981        0.000025       58.557643        5.596015
     982        0.000025       58.560684        5.596255
     983        0.000025       58.586008        5.597006
     984        0.000025       58.607378        5.597647
     985        0.000025       58.604074        5.598091
     986        0.000025       58.608899        5.598571
     987        0.000025       58.630465        5.599210
     988        0.000025       58.654125        5.599838
     989        0.000025       58.643171        5.599873
     990        0.000025       58.637067        5.599979
     991        0.000025       58.655612        5.600333
     992        0.000025       58.683876        5.600879
     993        0.000025       58.671972        5.600864
     994        0.000025       58.659380        5.600908
     995        0.000025       58.682316        5.601400
     996        0.000025       58.721103        5.602249
     997        0.000025       58.713849        5.602469
     998        0.000025       58.703472        5.602736
     999        0.000025       58.724898        5.603353
    1000        0.000025       58.761775        5.604259
    1001        0.000025       58.755098        5.604442
    1002        0.000025       58.746570        5.604641
    1003        0.000025       58.761066        5.605034
    1004        0.000025       58.791743        5.605701
    1005        0.000025       58.787386        5.605821
    1006        0.000025       58.779918        5.605972
    1007        0.000025       58.791589        5.606317
    1008        0.000025       58.821997        5.606990
    1009        0.000025       58.821076        5.607161
    1010        0.000025       58.814107        5.607388
    1011        0.000025       58.826739        5.607847
    1012        0.000025       58.859441        5.608557
    1013        0.000025       58.868056        5.609188
    1014        0.000025       58.856259        5.609309
    1015        0.000025       58.865565        5.609774
    1016        0.000025       58.909524        5.610903
    1017        0.000025       58.907726        5.610962
    1018        0.000025       58.892635        5.611095
    1019        0.000025       58.900857        5.611409
    1020        0.000025       58.934331        5.611974
    1021        0.000025       58.939208        5.612303
    1022        0.000025       58.922172        5.612247
    1023        0.000025       58.927767        5.612495
    1024        0.000025       58.965628        5.613278
    1025        0.000025       58.971353        5.613585
    1026        0.000025       58.963144        5.613863
    1027        0.000025       58.971693        5.614321
    1028        0.000025       59.009467        5.615278
    1029        0.000025       59.018762        5.615797
    1030        0.000025       59.010354        5.616072
    1031        0.000025       59.014061        5.616406
    1032        0.000025       59.046762        5.617127
    1033        0.000025       59.053339        5.617386
    1034        0.000025       59.041933        5.617465
    1035        0.000025       59.042000        5.617642
    1036        0.000025       59.075448        5.618326
    1037        0.000025       59.085152        5.618656
    1038        0.000025       59.073800        5.618756
    1039        0.000025       59.075598        5.619058
    1040        0.000025       59.113123        5.619898
    1041        0.000025       59.128634        5.620500
    1042        0.000025       59.117988        5.620728
    1043        0.000025       59.121618        5.621218
    1044        0.000025       59.156169        5.621983
    1045        0.000025       59.172450        5.622615
    1046        0.000025       59.157370        5.622597
    1047        0.000025       59.158105        5.622895
    1048        0.000025       59.188431        5.623467
    1049        0.000025       59.202179        5.623918
    1050        0.000025       59.188580        5.623907
    1051        0.000025       59.188331        5.624171
    1052        0.000025       59.218902        5.624763
    1053        0.000025       59.235117        5.625281
    1054        0.000025       59.226498        5.625467
    1055        0.000025       59.227464        5.625863
    1056        0.000025       59.262848        5.626719
    1057        0.000025       59.281466        5.627404
    1058        0.000025       59.274204        5.627711
    1059        0.000025       59.273698        5.628129
    1060        0.000025       59.304740        5.628799
    1061        0.000025       59.322097        5.629357
    1062        0.000025       59.310112        5.629373
    1063        0.000025       59.303762        5.629476
    1064        0.000025       59.335698        5.630165
    1065        0.000025       59.349929        5.630500
    1066        0.000025       59.339552        5.630589
    1067        0.000025       59.336404        5.630821
    1068        0.000025       59.368044        5.631447
    1069        0.000025       59.390092        5.632193
    1070        0.000013       59.383337        5.632456
    1071        0.000013       59.423605        5.634001
    1072        0.000013       59.425411        5.634243
    1073        0.000013       59.431529        5.634497
    1074        0.000013       59.434439        5.634697
    1075        0.000013       59.437249        5.634874
    1076        0.000013       59.440143        5.635041
    1077        0.000013       59.443173        5.635211
    1078        0.000013       59.446391        5.635382
    1079        0.000013       59.449762        5.635555
    1080        0.000013       59.453256        5.635731
    1081        0.000013       59.456884        5.635909
    1082        0.000013       59.460635        5.636090
    1083        0.000013       59.464506        5.636272
    1084        0.000013       59.468457        5.636456
    1085        0.000013       59.472476        5.636640
    1086        0.000013       59.476578        5.636831
    1087        0.000013       59.480769        5.637020
    1088        0.000013       59.485010        5.637213
    1089        0.000013       59.489323        5.637405
    1090        0.000013       59.493699        5.637599
    1091        0.000013       59.498139        5.637796
    1092        0.000013       59.502624        5.637993
    1093        0.000013       59.507160        5.638192
    1094        0.000013       59.511769        5.638391
    1095        0.000013       59.516400        5.638590
    1096        0.000013       59.521071        5.638793
    1097        0.000013       59.525797        5.638998
    1098        0.000013       59.530559        5.639200
    1099        0.000013       59.535360        5.639405
    1100        0.000013       59.540193        5.639610
    1101        0.000013       59.545067        5.639815
    1102        0.000013       59.550018        5.640022
    1103        0.000013       59.554989        5.640233
    1104        0.000013       59.560022        5.640443
    1105        0.000013       59.564980        5.640648
    1106        0.000013       59.570143        5.640862
    1107        0.000013       59.575100        5.641070
    1108        0.000013       59.580607        5.641292
    1109        0.000013       59.584787        5.641481
    1110        0.000013       59.592191        5.641746
    1111        0.000013       59.593225        5.641858
    1112        0.000013       59.603906        5.642203
    1113        0.000013       59.604590        5.642308
    1114        0.000013       59.612899        5.642596
    1115        0.000013       59.616825        5.642776
    1116        0.000013       59.622294        5.642987
    1117        0.000013       59.628085        5.643245
    1118        0.000013       59.634435        5.643468
    1119        0.000013       59.636195        5.643513
    1120        0.000013       59.648764        5.644074
    1121        0.000013       59.643733        5.643914
    1122        0.000013       59.657824        5.644382
    1123        0.000013       59.666201        5.644531
    1124        0.000013       59.664549        5.644715
    1125        0.000013       59.653948        5.644748
    1126        0.000013       59.679149        5.645165
    1127        0.000013       59.693886        5.645533
    1128        0.000013       59.681150        5.645605
    1129        0.000013       59.677918        5.645568
    1130        0.000013       59.698920        5.646125
    1131        0.000013       59.700855        5.646263
    1132        0.000013       59.700900        5.646393
    1133        0.000013       59.705439        5.646635
    1134        0.000013       59.716176        5.646895
    1135        0.000013       59.716261        5.646992
    1136        0.000013       59.723301        5.647316
    1137        0.000013       59.723777        5.647351
    1138        0.000013       59.733703        5.647662
    1139        0.000013       59.737657        5.647873
    1140        0.000013       59.738749        5.647974
    1141        0.000013       59.745345        5.648229
    1142        0.000013       59.754864        5.648542
    1143        0.000013       59.755988        5.648652
    1144        0.000013       59.761318        5.648969
    1145        0.000013       59.768258        5.649218
    1146        0.000013       59.777737        5.649505
    1147        0.000013       59.781752        5.649819
    1148        0.000013       59.782141        5.649975
    1149        0.000013       59.790314        5.650203
    1150        0.000013       59.806731        5.650639
    1151        0.000013       59.799551        5.650588
    1152        0.000013       59.796398        5.650699
    1153        0.000013       59.810414        5.650939
    1154        0.000013       59.823974        5.651210
    1155        0.000013       59.811891        5.651150
    1156        0.000013       59.811911        5.651269
    1157        0.000013       59.828325        5.651559
    1158        0.000013       59.838568        5.651888
    1159        0.000013       59.832906        5.652004
    1160        0.000013       59.840616        5.652349
    1161        0.000013       59.854905        5.652773
    1162        0.000013       59.861695        5.653099
    1163        0.000013       59.858024        5.653192
    1164        0.000013       59.864529        5.653407
    1165        0.000013       59.873663        5.653611
    1166        0.000013       59.877982        5.653792
    1167        0.000013       59.874350        5.653838
    1168        0.000013       59.883184        5.654090
    1169        0.000013       59.892207        5.654314
    1170        0.000013       59.896977        5.654545
    1171        0.000013       59.893241        5.654623
    1172        0.000013       59.905413        5.654964
    1173        0.000013       59.916078        5.655249
    1174        0.000013       59.918478        5.655486
    1175        0.000013       59.913878        5.655574
    1176        0.000013       59.928812        5.655944
    1177        0.000013       59.940421        5.656236
    1178        0.000013       59.937955        5.656378
    1179        0.000013       59.933616        5.656436
    1180        0.000013       59.950921        5.656796
    1181        0.000013       59.959668        5.657042
    1182        0.000013       59.954494        5.657117
    1183        0.000013       59.954116        5.657228
    1184        0.000013       59.970298        5.657550
    1185        0.000013       59.976390        5.657788
    1186        0.000013       59.971318        5.657809
    1187        0.000013       59.977030        5.658095
    1188        0.000013       59.990143        5.658332
    1189        0.000013       59.997675        5.658741
    1190        0.000013       59.993424        5.658780
    1191        0.000013       60.002996        5.659203
    1192        0.000013       60.016557        5.659522
    1193        0.000013       60.020010        5.659793
    1194        0.000013       60.017367        5.659886
    1195        0.000013       60.024996        5.660105
    1196        0.000013       60.037919        5.660368
    1197        0.000013       60.036246        5.660449
    1198        0.000013       60.032612        5.660491
    1199        0.000013       60.041439        5.660682
    1200        0.000013       60.055247        5.660978
    1201        0.000013       60.051715        5.661048
    1202        0.000013       60.052038        5.661221
    1203        0.000013       60.065511        5.661568
    1204        0.000013       60.080395        5.662008
    1205        0.000013       60.075677        5.662159
    1206        0.000013       60.078767        5.662422
    1207        0.000013       60.092507        5.662742
    1208        0.000013       60.102436        5.663043
    1209        0.000013       60.094840        5.663041
    1210        0.000013       60.099299        5.663219
    1211        0.000013       60.111943        5.663473
    1212        0.000013       60.118538        5.663707
    1213        0.000013       60.111462        5.663713
    1214        0.000013       60.119140        5.663949
    1215        0.000013       60.132133        5.664230
    1216        0.000013       60.137506        5.664482
    1217        0.000013       60.132353        5.664573
    1218        0.000013       60.143526        5.664913
    1219        0.000013       60.156792        5.665262
    1220        0.000013       60.160503        5.665538
    1221        0.000013       60.156229        5.665655
    1222        0.000013       60.169331        5.666004
    1223        0.000013       60.180599        5.666281
    1224        0.000013       60.180339        5.666425
    1225        0.000013       60.177178        5.666516
    1226        0.000013       60.188270        5.666696
    1227        0.000013       60.200580        5.667080
    1228        0.000013       60.193396        5.666977
    1229        0.000013       60.194471        5.667161
    1230        0.000013       60.209825        5.667463
    1231        0.000013       60.217780        5.667711
    1232        0.000013       60.215223        5.667875
    1233        0.000013       60.219793        5.668177
    1234        0.000013       60.237513        5.668586
    1235        0.000013       60.244217        5.668938
    1236        0.000013       60.240392        5.669072
    1237        0.000013       60.244758        5.669252
    1238        0.000013       60.261588        5.669608
    1239        0.000013       60.261422        5.669688
    1240        0.000013       60.257965        5.669786
    1241        0.000013       60.263988        5.669940
    1242        0.000013       60.279536        5.670277
    1243        0.000013       60.278060        5.670374
    1244        0.000013       60.276802        5.670513
    1245        0.000013       60.287022        5.670768
    1246        0.000013       60.302150        5.671171
    1247        0.000013       60.299680        5.671318
    1248        0.000013       60.301627        5.671561
    1249        0.000013       60.314057        5.671885
    1250        0.000013       60.327007        5.672270
    1251        0.000013       60.322152        5.672366
    1252        0.000013       60.324871        5.672548
    1253        0.000013       60.338510        5.672845
    1254        0.000013       60.346927        5.673093
    1255        0.000013       60.338953        5.673091
    1256        0.000013       60.345091        5.673331
    1257        0.000013       60.357170        5.673516
    1258        0.000013       60.362921        5.673738
    1259        0.000013       60.357952        5.673854
    1260        0.000013       60.364325        5.673975
    1261        0.000013       60.381573        5.674453
    1262        0.000013       60.385965        5.674730
    1263        0.000013       60.380851        5.674848
    1264        0.000013       60.396300        5.675341
    1265        0.000013       60.407496        5.675617
    1266        0.000013       60.409014        5.675844
    1267        0.000013       60.404445        5.675875
    1268        0.000013       60.417709        5.676156
    1269        0.000013       60.426456        5.676371
    1270        0.000013       60.423820        5.676455
    1271        0.000006       60.422173        5.676530
    1272        0.000006       60.344055        5.673313
    1273        0.000006       60.364011        5.673719
    1274        0.000006       60.373404        5.673966
    1275        0.000006       60.379400        5.674162
    1276        0.000006       60.383834        5.674331
    1277        0.000006       60.387475        5.674485
    1278        0.000006       60.390727        5.674629
    1279        0.000006       60.393765        5.674768
    1280        0.000006       60.396722        5.674904
    1281        0.000006       60.399626        5.675037
    1282        0.000006       60.402490        5.675166
    1283        0.000006       60.405354        5.675297
    1284        0.000006       60.408206        5.675423
    1285        0.000006       60.411056        5.675550
    1286        0.000006       60.413912        5.675675
    1287        0.000006       60.416768        5.675799
    1288        0.000006       60.419633        5.675923
    1289        0.000006       60.422521        5.676046
    1290        0.000006       60.425426        5.676170
    1291        0.000006       60.428352        5.676294
    1292        0.000006       60.431278        5.676416
    1293        0.000006       60.434243        5.676540
    1294        0.000006       60.437200        5.676661
    1295        0.000006       60.440188        5.676783
    1296        0.000006       60.443180        5.676905
    1297        0.000006       60.446187        5.677026
    1298        0.000006       60.449206        5.677149
    1299        0.000006       60.452233        5.677271
    1300        0.000006       60.455297        5.677391
    1301        0.000006       60.458350        5.677512
    1302        0.000006       60.461445        5.677635
    1303        0.000006       60.464541        5.677757
    1304        0.000006       60.467672        5.677876
    1305        0.000006       60.470774        5.677999
    1306        0.000006       60.473978        5.678123
    1307        0.000006       60.477048        5.678242
    1308        0.000006       60.480340        5.678367
    1309        0.000006       60.483345        5.678485
    1310        0.000006       60.486858        5.678611
    1311        0.000006       60.489301        5.678716
    1312        0.000006       60.494265        5.678882
    1313        0.000006       60.494791        5.678932
    1314        0.000006       60.500354        5.679108
    1315        0.000006       60.503962        5.679273
    1316        0.000006       60.504555        5.679262
    1317        0.000006       60.510839        5.679521
    1318        0.000006       60.512396        5.679564
    1319        0.000006       60.516695        5.679732
    1320        0.000006       60.520009        5.679848
    1321        0.000006       60.522552        5.679939
    1322        0.000006       60.527024        5.680104
    1323        0.000006       60.529430        5.680187
    1324        0.000006       60.533120        5.680319
    1325        0.000006       60.537060        5.680465
    1326        0.000006       60.539618        5.680547
    1327        0.000006       60.543810        5.680702
    1328        0.000006       60.547689        5.680837
    1329        0.000006       60.549915        5.680916
    1330        0.000006       60.555589        5.681118
    1331        0.000006       60.557625        5.681196
    1332        0.000006       60.561951        5.681340
    1333        0.000006       60.565571        5.681489
    1334        0.000006       60.569410        5.681600
    1335        0.000006       60.571691        5.681705
    1336        0.000006       60.577155        5.681879
    1337        0.000006       60.578047        5.681913
    1338        0.000006       60.583251        5.682084
    1339        0.000006       60.585607        5.682164
    1340        0.000006       60.588924        5.682259
    1341        0.000006       60.592709        5.682394
    1342        0.000006       60.596358        5.682504
    1343        0.000006       60.599444        5.682608
    1344        0.000006       60.604648        5.682786
    1345        0.000006       60.607874        5.682898
    1346        0.000006       60.613108        5.683095
    1347        0.000006       60.617402        5.683265
    1348        0.000006       60.621775        5.683417
    1349        0.000006       60.625134        5.683549
    1350        0.000006       60.629357        5.683685
    1351        0.000006       60.631624        5.683774
    1352        0.000006       60.635714        5.683895
    1353        0.000006       60.637050        5.683942
    1354        0.000006       60.641852        5.684071
    1355        0.000006       60.644352        5.684146
    1356        0.000006       60.649313        5.684294
    1357        0.000006       60.652484        5.684403
    1358        0.000006       60.658084        5.684573
    1359        0.000006       60.661387        5.684701
    1360        0.000006       60.665734        5.684862
    1361        0.000006       60.669533        5.684990
    1362        0.000006       60.674561        5.685146
    1363        0.000006       60.676683        5.685249
    1364        0.000006       60.680681        5.685385
    1365        0.000006       60.685399        5.685504
    1366        0.000006       60.689493        5.685640
    1367        0.000006       60.689746        5.685705
    1368        0.000006       60.696282        5.685866
    1369        0.000006       60.701718        5.685992
    1370        0.000006       60.702613        5.686100
    1371        0.000006       60.702991        5.686172
    1372        0.000006       60.714827        5.686403
    1373        0.000006       60.716806        5.686502
    1374        0.000006       60.714091        5.686584
    1375        0.000006       60.720917        5.686733
    1376        0.000006       60.730706        5.686952
    1377        0.000006       60.728221        5.687012
    1378        0.000006       60.729731        5.687133
    1379        0.000006       60.738101        5.687302
    1380        0.000006       60.742540        5.687450
    1381        0.000006       60.739990        5.687482
    1382        0.000006       60.745919        5.687654
    1383        0.000006       60.749473        5.687690
    1384        0.000006       60.753195        5.687861
    1385        0.000006       60.751267        5.687836
    1386        0.000006       60.759201        5.688038
    1387        0.000006       60.761850        5.688097
    1388        0.000006       60.765669        5.688280
    1389        0.000006       60.767843        5.688370
    1390        0.000006       60.777121        5.688667
    1391        0.000006       60.778827        5.688760
    1392        0.000006       60.781971        5.688921
    1393        0.000006       60.785274        5.689017
    1394        0.000006       60.790834        5.689168
    1395        0.000006       60.791101        5.689229
    1396        0.000006       60.794235        5.689338
    1397        0.000006       60.799155        5.689453
    1398        0.000006       60.803522        5.689582
