       0        0.000100     7476.332140       82.841789
       1        0.000100     7102.576984       80.538307
       2        0.000100     6684.267970       77.872993
       3        0.000100     6208.755446       74.720284
       4        0.000100     5677.510481       71.026909
       5        0.000100     5099.814214       66.771973
       6        0.000100     4487.555023       61.939709
       7        0.000100     3855.772405       56.560654
       8        0.000100     3225.896991       50.794735
       9        0.000100     2634.811418       44.949554
      10        0.000100     2114.406668       39.416916
      11        0.000100     1686.072696       34.586563
      12        0.000100     1358.984313       30.719776
      13        0.000100     1128.128243       27.856607
      14        0.000100      977.143200       25.859625
      15        0.000100      884.226190       24.529720
      16        0.000100      828.426703       23.665556
      17        0.000100      793.642900       23.102743
      18        0.000100      769.522016       22.701847
      19        0.000100      750.317289       22.381960
      20        0.000100      733.193373       22.103575
      21        0.000100      716.870464       21.842947
      22        0.000100      700.804682       21.590641
      23        0.000100      684.773649       21.340002
      24        0.000100      668.688817       21.087978
      25        0.000100      652.516642       20.833229
      26        0.000100      636.247256       20.574862
      27        0.000100      619.882040       20.311901
      28        0.000100      603.437755       20.043871
      29        0.000100      586.935194       19.771524
      30        0.000100      570.395980       19.494610
      31        0.000100      553.843879       19.213604
      32        0.000100      537.304093       18.928801
      33        0.000100      520.804458       18.641298
      34        0.000100      504.374115       18.350912
      35        0.000100      488.043144       18.057669
      36        0.000100      471.842167       17.761375
      37        0.000100      455.803113       17.462172
      38        0.000100      439.959055       17.160606
      39        0.000100      424.342332       16.856770
      40        0.000100      408.983483       16.551226
      41        0.000100      393.908311       16.245247
      42        0.000100      379.134736       15.937878
      43        0.000100      364.659972       15.629572
      44        0.000100      350.394069       15.318605
      45        0.000100      335.955733       14.997654
      46        0.000100      320.575619       14.647488
      47        0.000100      304.949925       14.280980
      48        0.000100      290.709502       13.934422
      49        0.000100      277.808706       13.605310
      50        0.000100      265.967073       13.293839
      51        0.000100      255.050274       12.998166
      52        0.000100      244.963618       12.717279
      53        0.000100      235.636672       12.448215
      54        0.000100      227.016412       12.193608
      55        0.000100      219.059226       11.953500
      56        0.000100      211.724414       11.727689
      57        0.000100      204.973099       11.514925
      58        0.000100      198.766707       11.315218
      59        0.000100      193.066102       11.127428
      60        0.000100      187.831982       10.951014
      61        0.000100      183.025796       10.786422
      62        0.000100      178.610115       10.632225
      63        0.000100      174.548665       10.488314
      64        0.000100      170.806721       10.354120
      65        0.000100      167.351697       10.229115
      66        0.000100      164.153295       10.112328
      67        0.000100      161.183549       10.003142
      68        0.000100      158.417199        9.901767
      69        0.000100      155.831227        9.808193
      70        0.000100      153.404762        9.719864
      71        0.000100      151.119064        9.635503
      72        0.000100      148.957573        9.556021
      73        0.000100      146.905551        9.480547
      74        0.000100      144.950137        9.408542
      75        0.000100      143.079249        9.339545
      76        0.000100      141.283153        9.273038
      77        0.000100      139.553658        9.208667
      78        0.000100      137.883784        9.146088
      79        0.000100      136.267508        9.085600
      80        0.000100      134.699643        9.026914
      81        0.000100      133.175797        8.970288
      82        0.000100      131.692199        8.915112
      83        0.000100      130.245758        8.861020
      84        0.000100      128.833957        8.808075
      85        0.000100      127.454662        8.755844
      86        0.000100      126.106082        8.704284
      87        0.000100      124.786771        8.653463
      88        0.000100      123.495624        8.603312
      89        0.000100      122.231820        8.553926
      90        0.000100      120.995012        8.505109
      91        0.000100      119.783394        8.457038
      92        0.000100      118.594641        8.409744
      93        0.000100      117.427924        8.362867
      94        0.000100      116.281423        8.316323
      95        0.000100      115.153513        8.270014
      96        0.000100      114.044181        8.224484
      97        0.000100      112.953155        8.179684
      98        0.000100      111.880080        8.135338
      99        0.000100      110.824744        8.091551
     100        0.000100      109.786781        8.048235
     101        0.000100      108.765829        8.005522
     102        0.000100      107.761548        7.963489
     103        0.000100      106.773578        7.921944
     104        0.000100      105.801651        7.880779
     105        0.000100      104.845418        7.839966
     106        0.000100      103.904537        7.799620
     107        0.000100      102.978741        7.760303
     108        0.000100      102.067682        7.721251
     109        0.000100      101.170854        7.682352
     110        0.000100      100.287702        7.643684
     111        0.000100       99.415999        7.605254
     112        0.000100       98.550546        7.566894
     113        0.000100       97.668856        7.527028
     114        0.000100       96.785484        7.486813
     115        0.000100       95.937597        7.449138
     116        0.000100       95.117320        7.413294
     117        0.000100       94.315541        7.378147
     118        0.000100       93.529002        7.343602
     119        0.000100       92.756475        7.309632
     120        0.000100       91.997224        7.275908
     121        0.000100       91.250604        7.242610
     122        0.000100       90.516147        7.209632
     123        0.000100       89.793506        7.177013
     124        0.000100       89.082651        7.144807
     125        0.000100       88.382988        7.113022
     126        0.000100       87.694195        7.081827
     127        0.000100       87.016105        7.051099
     128        0.000100       86.348581        7.020864
     129        0.000100       85.691070        6.991116
     130        0.000100       85.041736        6.961693
     131        0.000100       84.394669        6.932061
     132        0.000100       83.739159        6.900905
     133        0.000100       83.103164        6.871331
     134        0.000100       82.489701        6.843238
     135        0.000100       81.890949        6.815883
     136        0.000100       81.303007        6.789218
     137        0.000100       80.709680        6.762742
     138        0.000100       80.093066        6.736184
     139        0.000100       79.453043        6.708781
     140        0.000100       78.811080        6.681493
     141        0.000100       78.174935        6.654145
     142        0.000100       77.553797        6.626918
     143        0.000100       76.949543        6.600216
     144        0.000100       76.360942        6.574046
     145        0.000100       75.787963        6.548466
     146        0.000100       75.230096        6.523523
     147        0.000100       74.687326        6.499157
     148        0.000100       74.159243        6.475436
     149        0.000100       73.644715        6.452194
     150        0.000100       73.141936        6.429306
     151        0.000100       72.647015        6.406706
     152        0.000100       72.152275        6.383900
     153        0.000100       71.669335        6.361473
     154        0.000100       71.200922        6.339902
     155        0.000100       70.745120        6.319101
     156        0.000100       70.298427        6.298568
     157        0.000100       69.854410        6.277926
     158        0.000100       69.415102        6.257376
     159        0.000100       68.988908        6.237601
     160        0.000100       68.575603        6.218537
     161        0.000100       68.174815        6.200172
     162        0.000100       67.785305        6.182227
     163        0.000100       67.405963        6.164629
     164        0.000100       67.035232        6.147408
     165        0.000100       66.671397        6.130543
     166        0.000100       66.310225        6.114094
     167        0.000100       65.942560        6.097924
     168        0.000100       65.578447        6.082134
     169        0.000100       65.229492        6.066748
     170        0.000100       64.885865        6.051487
     171        0.000100       64.548923        6.036395
     172        0.000100       64.216880        6.020537
     173        0.000100       63.889860        6.004761
     174        0.000100       63.572056        5.989303
     175        0.000100       63.263934        5.974179
     176        0.000100       62.963984        5.959504
     177        0.000100       62.672231        5.945220
     178        0.000100       62.387804        5.931265
     179        0.000100       62.110526        5.917627
     180        0.000100       61.839747        5.904363
     181        0.000100       61.575383        5.891479
     182        0.000100       61.316900        5.879026
     183        0.000100       61.064156        5.866912
     184        0.000100       60.816731        5.855064
     185        0.000100       60.574669        5.843419
     186        0.000100       60.337658        5.832037
     187        0.000100       60.105816        5.820979
     188        0.000100       59.878877        5.810346
     189        0.000100       59.656759        5.799897
     190        0.000100       59.438877        5.789642
     191        0.000100       59.225334        5.779582
     192        0.000100       59.015312        5.769667
     193        0.000100       58.809212        5.759935
     194        0.000100       58.605404        5.750355
     195        0.000100       58.405529        5.740946
     196        0.000100       58.206355        5.731585
     197        0.000100       58.012635        5.722280
     198        0.000100       57.815273        5.712894
     199        0.000100       57.629236        5.703822
     200        0.000100       57.427078        5.694536
     201        0.000100       57.251262        5.685785
     202        0.000100       57.041614        5.676398
     203        0.000100       56.874782        5.667829
     204        0.000100       56.675141        5.658820
     205        0.000100       56.513976        5.650631
     206        0.000100       56.333535        5.642215
     207        0.000100       56.177821        5.634343
     208        0.000100       56.011070        5.626318
     209        0.000100       55.863762        5.618870
     210        0.000100       55.711330        5.611400
     211        0.000100       55.575265        5.604523
     212        0.000100       55.434888        5.597650
     213        0.000100       55.308952        5.591231
     214        0.000100       55.177482        5.584817
     215        0.000100       55.061042        5.578848
     216        0.000100       54.935929        5.572832
     217        0.000100       54.828475        5.567440
     218        0.000100       54.706729        5.561752
     219        0.000100       54.608834        5.556697
     220        0.000100       54.487996        5.551103
     221        0.000100       54.399302        5.546261
     222        0.000100       54.279604        5.540712
     223        0.000100       54.196340        5.536057
     224        0.000100       54.081387        5.530705
     225        0.000100       53.999581        5.526209
     226        0.000100       53.891425        5.521180
     227        0.000100       53.810156        5.516811
     228        0.000100       53.708264        5.512028
     229        0.000100       53.628482        5.507781
     230        0.000100       53.531595        5.503139
     231        0.000100       53.454167        5.499015
     232        0.000100       53.360996        5.494561
     233        0.000100       53.286686        5.490590
     234        0.000100       53.196053        5.486290
     235        0.000100       53.125628        5.482478
     236        0.000100       53.036456        5.478258
     237        0.000100       52.970600        5.474692
     238        0.000100       52.881930        5.470658
     239        0.000100       52.821070        5.467304
     240        0.000100       52.732462        5.463347
     241        0.000100       52.676095        5.460206
     242        0.000100       52.588343        5.456345
     243        0.000100       52.534781        5.453305
     244        0.000100       52.449444        5.449570
     245        0.000100       52.397149        5.446633
     246        0.000100       52.315354        5.442999
     247        0.000100       52.263603        5.440073
     248        0.000100       52.185433        5.436557
     249        0.000100       52.134573        5.433723
     250        0.000100       52.059358        5.430351
     251        0.000100       52.010073        5.427631
     252        0.000100       51.937404        5.424410
     253        0.000100       51.890636        5.421815
     254        0.000100       51.819736        5.418665
     255        0.000100       51.776100        5.416158
     256        0.000100       51.706205        5.413025
     257        0.000100       51.665954        5.410686
     258        0.000100       51.596518        5.407547
     259        0.000100       51.559597        5.405330
     260        0.000100       51.490824        5.402253
     261        0.000100       51.456685        5.400133
     262        0.000100       51.389171        5.397109
     263        0.000100       51.356932        5.395053
     264        0.000100       51.291590        5.392067
     265        0.000100       51.260698        5.390046
     266        0.000100       51.198021        5.387146
     267        0.000100       51.168289        5.385182
     268        0.000100       51.108242        5.382372
     269        0.000100       51.079980        5.380441
     270        0.000100       51.021918        5.377687
     271        0.000100       50.996093        5.375849
     272        0.000100       50.938137        5.373114
     273        0.000100       50.917965        5.371462
     274        0.000100       50.856013        5.368586
     275        0.000100       50.841683        5.367141
     276        0.000100       50.782220        5.364337
     277        0.000100       50.764997        5.362801
     278        0.000100       50.711588        5.360191
     279        0.000100       50.692928        5.358629
     280        0.000100       50.642674        5.356109
     281        0.000100       50.624742        5.354569
     282        0.000100       50.576063        5.352082
     283        0.000100       50.559719        5.350597
     284        0.000100       50.512169        5.348165
     285        0.000100       50.497488        5.346750
     286        0.000100       50.450944        5.344351
     287        0.000100       50.438018        5.343018
     288        0.000100       50.392170        5.340667
     289        0.000100       50.381601        5.339420
     290        0.000100       50.335207        5.337053
     291        0.000100       50.328390        5.335935
     292        0.000100       50.280184        5.333490
     293        0.000100       50.277173        5.332515
     294        0.000100       50.228561        5.330064
     295        0.000100       50.226500        5.329137
     296        0.000100       50.180083        5.326742
     297        0.000100       50.177470        5.325789
     298        0.000100       50.133488        5.323464
     299        0.000100       50.130597        5.322524
     300        0.000100       50.088533        5.320287
     301        0.000100       50.085860        5.319342
     302        0.000100       50.045074        5.317156
     303        0.000100       50.043209        5.316273
     304        0.000100       50.002958        5.314165
     305        0.000100       50.002651        5.313316
     306        0.000100       49.962075        5.311192
     307        0.000100       49.964039        5.310416
     308        0.000100       49.922409        5.308286
     309        0.000100       49.926954        5.307602
     310        0.000100       49.884291        5.305496
     311        0.000100       49.890777        5.304880
     312        0.000100       49.847938        5.302795
     313        0.000100       49.855398        5.302198
     314        0.000100       49.813061        5.300153
     315        0.000100       49.821081        5.299582
     316        0.000100       49.779507        5.297587
     317        0.000100       49.788014        5.297032
     318        0.000100       49.747153        5.295110
     319        0.000100       49.756090        5.294578
     320        0.000100       49.715702        5.292680
     321        0.000100       49.725196        5.292163
     322        0.000100       49.684919        5.290299
     323        0.000100       49.695341        5.289824
     324        0.000100       49.654803        5.287978
     325        0.000100       49.666429        5.287587
     326        0.000100       49.625426        5.285774
     327        0.000100       49.638257        5.285417
     328        0.000100       49.596889        5.283649
     329        0.000100       49.610673        5.283344
     330        0.000100       49.569195        5.281613
     331        0.000100       49.583721        5.281388
     332        0.000100       49.542259        5.279711
     333        0.000100       49.557358        5.279522
     334        0.000100       49.515955        5.277872
     335        0.000100       49.531643        5.277686
     336        0.000100       49.490286        5.276052
     337        0.000100       49.506558        5.275901
     338        0.000100       49.465223        5.274311
     339        0.000100       49.482241        5.274215
     340        0.000100       49.440883        5.272679
     341        0.000100       49.458768        5.272621
     342        0.000100       49.417295        5.271096
     343        0.000100       49.436052        5.271088
     344        0.000100       49.394446        5.269600
     345        0.000100       49.414047        5.269636
     346        0.000100       49.372277        5.268154
     347        0.000100       49.392697        5.268224
     348        0.000100       49.350688        5.266745
     349        0.000100       49.372038        5.266878
     350        0.000100       49.329638        5.265439
     351        0.000100       49.352091        5.265657
     352        0.000100       49.309065        5.264201
     353        0.000100       49.332860        5.264472
     354        0.000100       49.288933        5.262991
     355        0.000100       49.314268        5.263342
     356        0.000100       49.269328        5.261825
     357        0.000100       49.296273        5.262255
     358        0.000100       49.250346        5.260676
     359        0.000100       49.278905        5.261228
     360        0.000100       49.231601        5.259538
     361        0.000100       49.263021        5.260295
     362        0.000100       49.211820        5.258342
     363        0.000100       49.248573        5.259408
     364        0.000100       49.193726        5.257281
     365        0.000100       49.231821        5.258361
     366        0.000100       49.177881        5.256361
     367        0.000100       49.214463        5.257328
     368        0.000100       49.162878        5.255447
     369        0.000100       49.198024        5.256337
     370        0.000100       49.148195        5.254508
     371        0.000100       49.182513        5.255402
     372        0.000100       49.133322        5.253607
     373        0.000100       49.167425        5.254523
     374        0.000100       49.118009        5.252728
     375        0.000100       49.152734        5.253682
     376        0.000100       49.102631        5.251857
     377        0.000100       49.138889        5.252869
     378        0.000100       49.087898        5.250998
     379        0.000100       49.126353        5.252064
     380        0.000100       49.074170        5.250135
     381        0.000100       49.114450        5.251271
     382        0.000100       49.060332        5.249303
     383        0.000100       49.101342        5.250519
     384        0.000100       49.044772        5.248581
     385        0.000100       49.086190        5.249883
     386        0.000100       49.028381        5.247973
     387        0.000100       49.072184        5.249297
     388        0.000100       49.016248        5.247344
     389        0.000100       49.064036        5.248608
     390        0.000100       49.011261        5.246588
     391        0.000100       49.060428        5.247768
     392        0.000100       49.005400        5.245788
     393        0.000100       49.045269        5.247033
     394        0.000100       48.980432        5.245342
     395        0.000100       49.013395        5.246861
     396        0.000100       48.951027        5.245390
     397        0.000100       48.998958        5.246840
     398        0.000100       48.956373        5.245070
     399        0.000100       49.009728        5.245938
     400        0.000100       48.964812        5.243997
     401        0.000100       49.001773        5.244911
     402        0.000100       48.941372        5.243255
     403        0.000100       48.967842        5.244452
     404        0.000100       48.912860        5.243114
     405        0.000100       48.947367        5.244350
     406        0.000100       48.902485        5.242908
     407        0.000100       48.941706        5.243942
     408        0.000100       48.899305        5.242328
     409        0.000100       48.935121        5.243296
     410        0.000100       48.889296        5.241675
     411        0.000100       48.917702        5.242731
     412        0.000100       48.867991        5.241242
     413        0.000100       48.891191        5.242435
     414        0.000100       48.843723        5.241046
     415        0.000100       48.866893        5.242281
     416        0.000100       48.828120        5.240834
     417        0.000100       48.852788        5.241977
     418        0.000100       48.824047        5.240373
     419        0.000100       48.843714        5.241396
     420        0.000100       48.821619        5.239815
     421        0.000100       48.819687        5.240869
     422        0.000100       48.798092        5.239453
     423        0.000100       48.769867        5.240720
     424        0.000100       48.770313        5.239832
     425        0.000100       48.737144        5.241038
     426        0.000100       48.773814        5.240213
     427        0.000100       48.743239        5.240833
     428        0.000100       48.787437        5.239828
     429        0.000100       48.751856        5.240368
     430        0.000100       48.774270        5.239419
     431        0.000100       48.735494        5.240134
     432        0.000100       48.740024        5.239362
     433        0.000100       48.717706        5.240478
     434        0.000100       48.719660        5.239671
     435        0.000100       48.716897        5.240788
     436        0.000100       48.718033        5.239704
     437        0.000100       48.724975        5.240724
     438        0.000100       48.719846        5.239481
     439        0.000100       48.726057        5.240576
     440        0.000100       48.710318        5.239310
     441        0.000100       48.710769        5.240534
     442        0.000100       48.689147        5.239414
     443        0.000100       48.691497        5.240947
     444        0.000100       48.674678        5.239848
     445        0.000100       48.687117        5.241374
     446        0.000100       48.680983        5.240037
     447        0.000100       48.699470        5.241338
     448        0.000100       48.697851        5.239911
     449        0.000100       48.709467        5.241184
     450        0.000100       48.697345        5.239781
     451        0.000100       48.687369        5.241121
     452        0.000100       48.672890        5.240122
     453        0.000100       48.663170        5.241782
     454        0.000100       48.666489        5.241014
     455        0.000100       48.669115        5.242407
     456        0.000100       48.688871        5.241385
     457        0.000100       48.692115        5.242474
     458        0.000100       48.708985        5.241442
     459        0.000100       48.702346        5.242510
     460        0.000100       48.704444        5.241567
     461        0.000100       48.691288        5.242844
     462        0.000100       48.688889        5.242105
     463        0.000100       48.685635        5.243672
     464        0.000100       48.687829        5.242944
     465        0.000100       48.699279        5.244419
     466        0.000100       48.705142        5.243421
     467        0.000100       48.723872        5.244814
     468        0.000100       48.725572        5.243711
     469        0.000100       48.741428        5.245107
     470        0.000100       48.729830        5.243995
     471        0.000100       48.736615        5.245567
     472        0.000100       48.717425        5.244617
     473        0.000100       48.727790        5.246522
     474        0.000100       48.714966        5.245692
     475        0.000100       48.739460        5.247540
     476        0.000100       48.739757        5.246434
     477        0.000100       48.771084        5.248039
     478        0.000100       48.774362        5.246848
     479        0.000100       48.797709        5.248308
     480        0.000100       48.788152        5.247186
     481        0.000100       48.791621        5.248744
     482        0.000100       48.776903        5.247944
     483        0.000100       48.781812        5.249712
     484        0.000100       48.779033        5.249151
     485        0.000100       48.797470        5.250878
     486        0.000100       48.808615        5.250088
     487        0.000100       48.834456        5.251625
     488        0.000100       48.846517        5.250787
     489        0.000100       48.869770        5.252325
     490        0.000100       48.872087        5.251620
     491        0.000100       48.886876        5.253414
     492        0.000100       48.880267        5.252969
     493        0.000100       48.896503        5.255043
     494        0.000100       48.891423        5.254656
     495        0.000100       48.917714        5.256726
     496        0.000100       48.919373        5.255989
     497        0.000100       48.955559        5.257752
     498        0.000100       48.960167        5.256751
     499        0.000100       48.997433        5.258299
     500        0.000100       48.995370        5.257143
     501        0.000100       49.019456        5.258703
     502        0.000100       49.001302        5.257661
     503        0.000100       49.015627        5.259411
     504        0.000100       48.997474        5.258599
     505        0.000100       49.019091        5.260580
     506        0.000100       49.014209        5.259831
     507        0.000100       49.049836        5.261575
     508        0.000100       49.056263        5.260615
     509        0.000100       49.094434        5.262181
     510        0.000100       49.099595        5.261226
     511        0.000100       49.127792        5.262877
     512        0.000100       49.117501        5.261964
     513        0.000100       49.131332        5.263676
     514        0.000100       49.115773        5.263021
     515        0.000100       49.133986        5.264990
     516        0.000100       49.126078        5.264485
     517        0.000100       49.158435        5.266498
     518        0.000100       49.161428        5.265878
     519        0.000100       49.203415        5.267740
     520        0.000100       49.207849        5.266994
     521        0.000100       49.249680        5.268842
     522        0.000100       49.244510        5.268017
     523        0.000100       49.273859        5.269831
     524        0.000100       49.253952        5.269036
     525        0.000100       49.278450        5.271075
     526        0.000100       49.258441        5.270518
     527        0.000100       49.292575        5.272761
     528        0.000100       49.283610        5.272226
     529        0.000100       49.332973        5.274399
     530        0.000100       49.333854        5.273666
     531        0.000100       49.388528        5.275660
     532        0.000100       49.389249        5.274943
     533        0.000100       49.436546        5.276956
     534        0.000100       49.422395        5.276057
     535        0.000100       49.452510        5.277892
     536        0.000100       49.430656        5.277165
     537        0.000100       49.461641        5.279262
     538        0.000100       49.447898        5.278744
     539        0.000100       49.492086        5.280926
     540        0.000100       49.493653        5.280428
     541        0.000100       49.549457        5.282487
     542        0.000100       49.556731        5.281881
     543        0.000100       49.613071        5.283864
     544        0.000100       49.614922        5.283151
     545        0.000100       49.659505        5.284996
     546        0.000100       49.645795        5.284143
     547        0.000100       49.680503        5.286099
     548        0.000100       49.663606        5.285557
     549        0.000100       49.703969        5.287777
     550        0.000100       49.694928        5.287338
     551        0.000100       49.749516        5.289730
     552        0.000100       49.751433        5.289264
     553        0.000100       49.814827        5.291636
     554        0.000100       49.818818        5.290963
     555        0.000100       49.881438        5.293378
     556        0.000100       49.875950        5.292491
     557        0.000100       49.923003        5.294737
     558        0.000100       49.901163        5.293670
     559        0.000100       49.940253        5.296056
     560        0.000100       49.918696        5.295269
     561        0.000100       49.965535        5.297885
     562        0.000100       49.955847        5.297256
     563        0.000100       50.017386        5.299929
     564        0.000100       50.019475        5.299273
     565        0.000100       50.086795        5.301835
     566        0.000100       50.090165        5.301089
     567        0.000100       50.152852        5.303574
     568        0.000100       50.143898        5.302616
     569        0.000100       50.189039        5.304897
     570        0.000100       50.166734        5.303885
     571        0.000100       50.207927        5.306319
     572        0.000100       50.188539        5.305659
     573        0.000100       50.239575        5.308406
     574        0.000100       50.232019        5.307837
     575        0.000100       50.297625        5.310548
     576        0.000100       50.299157        5.309882
     577        0.000100       50.370571        5.312566
     578        0.000100       50.371785        5.311842
     579        0.000100       50.439157        5.314418
     580        0.000100       50.426950        5.313486
     581        0.000100       50.478011        5.315882
     582        0.000100       50.452392        5.314899
     583        0.000100       50.500092        5.317490
     584        0.000100       50.476498        5.316887
     585        0.000100       50.533820        5.319782
     586        0.000100       50.522131        5.319221
     587        0.000100       50.594088        5.322050
     588        0.000100       50.592557        5.321349
     589        0.000100       50.670315        5.324194
     590        0.000100       50.669792        5.323454
     591        0.000100       50.743488        5.326185
     592        0.000100       50.730522        5.325295
     593        0.000100       50.786071        5.327769
     594        0.000100       50.758671        5.326817
     595        0.000100       50.808623        5.329361
     596        0.000100       50.783182        5.328662
     597        0.000100       50.841378        5.331580
     598        0.000100       50.827335        5.331052
     599        0.000100       50.900017        5.333920
     600        0.000100       50.896910        5.333230
     601        0.000100       50.976582        5.336089
     602        0.000100       50.975115        5.335485
     603        0.000100       51.053512        5.338297
     604        0.000100       51.042428        5.337494
     605        0.000100       51.105606        5.340089
     606        0.000100       51.077727        5.339111
     607        0.000100       51.132172        5.341649
     608        0.000100       51.102095        5.340724
     609        0.000100       51.162253        5.343562
     610        0.000100       51.140143        5.342925
     611        0.000100       51.214369        5.345917
     612        0.000100       51.204590        5.345240
     613        0.000100       51.289110        5.348192
     614        0.000100       51.283792        5.347561
     615        0.000100       51.370611        5.350544
     616        0.000100       51.361278        5.349790
     617        0.000100       51.437175        5.352572
     618        0.000100       51.410354        5.351586
     619        0.000100       51.470526        5.354136
     620        0.000100       51.436107        5.353081
     621        0.000050       51.496729        5.355752
     622        0.000050       51.575593        5.361739
     623        0.000050       51.597325        5.362436
     624        0.000050       51.606811        5.362938
     625        0.000050       51.617028        5.363413
     626        0.000050       51.627140        5.363854
     627        0.000050       51.638244        5.364291
     628        0.000050       51.649721        5.364722
     629        0.000050       51.661515        5.365152
     630        0.000050       51.673505        5.365583
     631        0.000050       51.685690        5.366015
     632        0.000050       51.698062        5.366451
     633        0.000050       51.710595        5.366888
     634        0.000050       51.723269        5.367332
     635        0.000050       51.736070        5.367785
     636        0.000050       51.748978        5.368246
     637        0.000050       51.762005        5.368706
     638        0.000050       51.775106        5.369169
     639        0.000050       51.788256        5.369638
     640        0.000050       51.801510        5.370108
     641        0.000050       51.814822        5.370586
     642        0.000050       51.828201        5.371066
     643        0.000050       51.841634        5.371551
     644        0.000050       51.855131        5.372036
     645        0.000050       51.868685        5.372523
     646        0.000050       51.882301        5.373011
     647        0.000050       51.895950        5.373502
     648        0.000050       51.909672        5.373993
     649        0.000050       51.923441        5.374484
     650        0.000050       51.937279        5.374981
     651        0.000050       51.951151        5.375480
     652        0.000050       51.965061        5.375980
     653        0.000050       51.979034        5.376479
     654        0.000050       51.993039        5.376981
     655        0.000050       52.007132        5.377481
     656        0.000050       52.021225        5.377985
     657        0.000050       52.035380        5.378485
     658        0.000050       52.049684        5.378999
     659        0.000050       52.063488        5.379472
     660        0.000050       52.079045        5.380053
     661        0.000050       52.091877        5.380447
     662        0.000050       52.103373        5.380949
     663        0.000050       52.133464        5.381839
     664        0.000050       52.106335        5.381325
     665        0.000050       52.198616        5.383819
     666        0.000050       52.115510        5.381964
     667        0.000050       52.217499        5.384501
     668        0.000050       52.156047        5.383198
     669        0.000050       52.242011        5.385358
     670        0.000050       52.194215        5.384387
     671        0.000050       52.266234        5.386215
     672        0.000050       52.234895        5.385658
     673        0.000050       52.289149        5.387084
     674        0.000050       52.272381        5.386859
     675        0.000050       52.311709        5.387957
     676        0.000050       52.304429        5.387980
     677        0.000050       52.332564        5.388825
     678        0.000050       52.330966        5.389024
     679        0.000050       52.352008        5.389692
     680        0.000050       52.354884        5.390027
     681        0.000050       52.376765        5.390650
     682        0.000050       52.386285        5.391125
     683        0.000050       52.419657        5.391936
     684        0.000050       52.434422        5.392432
     685        0.000050       52.491569        5.393748
     686        0.000050       52.487634        5.393980
     687        0.000050       52.527797        5.395096
     688        0.000050       52.465172        5.393842
     689        0.000050       52.534873        5.395602
     690        0.000050       52.475572        5.394539
     691        0.000050       52.556433        5.396474
     692        0.000050       52.517172        5.395881
     693        0.000050       52.586870        5.397471
     694        0.000050       52.559953        5.397188
     695        0.000050       52.618330        5.398506
     696        0.000050       52.597719        5.398382
     697        0.000050       52.647115        5.399536
     698        0.000050       52.631538        5.399523
     699        0.000050       52.674654        5.400555
     700        0.000050       52.662344        5.400607
     701        0.000050       52.703138        5.401598
     702        0.000050       52.690886        5.401639
     703        0.000050       52.734274        5.402704
     704        0.000050       52.717601        5.402627
     705        0.000050       52.769368        5.403892
     706        0.000050       52.742453        5.403567
     707        0.000050       52.808621        5.405159
     708        0.000050       52.766953        5.404490
     709        0.000050       52.847371        5.406420
     710        0.000050       52.796473        5.405530
     711        0.000050       52.879207        5.407505
     712        0.000050       52.831035        5.406679
     713        0.000050       52.905917        5.408484
     714        0.000050       52.864515        5.407798
     715        0.000050       52.930043        5.409406
     716        0.000050       52.895041        5.408872
     717        0.000050       52.952225        5.410290
     718        0.000050       52.923816        5.409914
     719        0.000050       52.975667        5.411202
     720        0.000050       52.953609        5.410990
     721        0.000050       53.005797        5.412255
     722        0.000050       52.988618        5.412136
     723        0.000050       53.046573        5.413494
     724        0.000050       53.031858        5.413439
     725        0.000050       53.100573        5.415022
     726        0.000050       53.083264        5.414923
     727        0.000050       53.149277        5.416480
     728        0.000050       53.102918        5.415756
     729        0.000050       53.153470        5.416896
     730        0.000050       53.100827        5.416034
     731        0.000050       53.157056        5.417325
     732        0.000050       53.119802        5.416848
     733        0.000050       53.189150        5.418423
     734        0.000050       53.167495        5.418250
     735        0.000050       53.235241        5.419780
     736        0.000050       53.213263        5.419637
     737        0.000050       53.273404        5.421036
     738        0.000050       53.248707        5.420795
     739        0.000050       53.304152        5.422084
     740        0.000050       53.277193        5.421774
     741        0.000050       53.332011        5.423048
     742        0.000050       53.302966        5.422680
     743        0.000050       53.360705        5.424027
     744        0.000050       53.328859        5.423605
     745        0.000050       53.391952        5.425079
     746        0.000050       53.356804        5.424582
     747        0.000050       53.425758        5.426200
     748        0.000050       53.388312        5.425653
     749        0.000050       53.460883        5.427374
     750        0.000050       53.423347        5.426818
     751        0.000050       53.495976        5.428549
     752        0.000050       53.459676        5.428003
     753        0.000050       53.529651        5.429683
     754        0.000050       53.494013        5.429135
     755        0.000050       53.559668        5.430725
     756        0.000050       53.523965        5.430160
     757        0.000050       53.584770        5.431642
     758        0.000050       53.549394        5.431083
     759        0.000050       53.606154        5.432452
     760        0.000050       53.572201        5.431954
     761        0.000050       53.628286        5.433297
     762        0.000050       53.598014        5.432903
     763        0.000050       53.659722        5.434353
     764        0.000050       53.634936        5.434098
     765        0.000050       53.705198        5.435778
     766        0.000050       53.685335        5.435677
     767        0.000050       53.764516        5.437518
     768        0.000050       53.744967        5.437412
     769        0.000050       53.810296        5.438961
     770        0.000050       53.764345        5.438221
     771        0.000050       53.811778        5.439284
     772        0.000050       53.767454        5.438559
     773        0.000050       53.821827        5.439776
     774        0.000050       53.787749        5.439316
     775        0.000050       53.850476        5.440777
     776        0.000050       53.824650        5.440509
     777        0.000050       53.890801        5.442094
     778        0.000050       53.866088        5.441880
     779        0.000050       53.931232        5.443433
     780        0.000050       53.904260        5.443145
     781        0.000050       53.967986        5.444650
     782        0.000050       53.937600        5.444272
     783        0.000050       54.000337        5.445745
     784        0.000050       53.966376        5.445274
     785        0.000050       54.029185        5.446745
     786        0.000050       53.992494        5.446203
     787        0.000050       54.056363        5.447701
     788        0.000050       54.018428        5.447125
     789        0.000050       54.083793        5.448670
     790        0.000050       54.046705        5.448111
     791        0.000050       54.113621        5.449714
     792        0.000050       54.079101        5.449212
     793        0.000050       54.147524        5.450867
     794        0.000050       54.115995        5.450436
     795        0.000050       54.185605        5.452130
     796        0.000050       54.156700        5.451754
     797        0.000050       54.226535        5.453444
     798        0.000050       54.198962        5.453091
     799        0.000050       54.266078        5.454699
     800        0.000050       54.235879        5.454282
     801        0.000050       54.296353        5.455719
     802        0.000050       54.259950        5.455160
     803        0.000050       54.314488        5.456446
     804        0.000050       54.271885        5.455740
     805        0.000050       54.323935        5.456940
     806        0.000050       54.279729        5.456209
     807        0.000050       54.339958        5.457622
     808        0.000050       54.312226        5.457305
     809        0.000050       54.387652        5.459095
     810        0.000050       54.369359        5.459120
     811        0.000050       54.445540        5.460981
     812        0.000050       54.424496        5.460853
     813        0.000050       54.491171        5.462438
     814        0.000050       54.458025        5.461999
     815        0.000050       54.513008        5.463290
     816        0.000050       54.475731        5.462734
     817        0.000050       54.531212        5.464025
     818        0.000050       54.496783        5.463533
     819        0.000050       54.555495        5.464904
     820        0.000050       54.523571        5.464482
     821        0.000050       54.585397        5.465943
     822        0.000025       54.555158        5.465575
     823        0.000025       54.507261        5.462872
     824        0.000025       54.508893        5.463168
     825        0.000025       54.514420        5.463444
     826        0.000025       54.519608        5.463675
     827        0.000025       54.525560        5.463903
     828        0.000025       54.531852        5.464134
     829        0.000025       54.538405        5.464367
     830        0.000025       54.545130        5.464599
     831        0.000025       54.552038        5.464834
     832        0.000025       54.559028        5.465070
     833        0.000025       54.566107        5.465310
     834        0.000025       54.573267        5.465550
     835        0.000025       54.580487        5.465796
     836        0.000025       54.587743        5.466042
     837        0.000025       54.595056        5.466290
     838        0.000025       54.602421        5.466540
     839        0.000025       54.609806        5.466789
     840        0.000025       54.617241        5.467038
     841        0.000025       54.624707        5.467291
     842        0.000025       54.632199        5.467543
     843        0.000025       54.639711        5.467800
     844        0.000025       54.647267        5.468055
     845        0.000025       54.654848        5.468310
     846        0.000025       54.662453        5.468566
     847        0.000025       54.670057        5.468824
     848        0.000025       54.677721        5.469083
     849        0.000025       54.685364        5.469347
     850        0.000025       54.693080        5.469611
     851        0.000025       54.700727        5.469873
     852        0.000025       54.708503        5.470137
     853        0.000025       54.716148        5.470400
     854        0.000025       54.724027        5.470669
     855        0.000025       54.731569        5.470931
     856        0.000025       54.739731        5.471203
     857        0.000025       54.746862        5.471456
     858        0.000025       54.755884        5.471745
     859        0.000025       54.761435        5.471972
     860        0.000025       54.773742        5.472317
     861        0.000025       54.772458        5.472422
     862        0.000025       54.799630        5.473043
     863        0.000025       54.771766        5.472608
     864        0.000025       54.825835        5.473801
     865        0.000025       54.792620        5.473255
     866        0.000025       54.827201        5.474029
     867        0.000025       54.818711        5.474009
     868        0.000025       54.837340        5.474460
     869        0.000025       54.837717        5.474599
     870        0.000025       54.851392        5.474970
     871        0.000025       54.854465        5.475148
     872        0.000025       54.866602        5.475500
     873        0.000025       54.870222        5.475674
     874        0.000025       54.881875        5.476027
     875        0.000025       54.885710        5.476200
     876        0.000025       54.896801        5.476534
     877        0.000025       54.900680        5.476719
     878        0.000025       54.912017        5.477055
     879        0.000025       54.914607        5.477210
     880        0.000025       54.927524        5.477577
     881        0.000025       54.928365        5.477709
     882        0.000025       54.943921        5.478106
     883        0.000025       54.939271        5.478142
     884        0.000025       54.965201        5.478775
     885        0.000025       54.950373        5.478589
     886        0.000025       54.983755        5.479325
     887        0.000025       54.964914        5.479158
     888        0.000025       55.010636        5.480212
     889        0.000025       54.986257        5.479755
     890        0.000025       55.026387        5.480803
     891        0.000025       55.021277        5.480790
     892        0.000025       55.046587        5.481451
     893        0.000025       55.043024        5.481473
     894        0.000025       55.056485        5.481823
     895        0.000025       55.047537        5.481662
     896        0.000025       55.054399        5.481841
     897        0.000025       55.044325        5.481637
     898        0.000025       55.055008        5.481914
     899        0.000025       55.054520        5.482006
     900        0.000025       55.079287        5.482697
     901        0.000025       55.081110        5.482908
     902        0.000025       55.107684        5.483619
     903        0.000025       55.101141        5.483624
     904        0.000025       55.129982        5.484336
     905        0.000025       55.114888        5.484135
     906        0.000025       55.148184        5.484929
     907        0.000025       55.128301        5.484611
     908        0.000025       55.162487        5.485427
     909        0.000025       55.144068        5.485127
     910        0.000025       55.174791        5.485879
     911        0.000025       55.160906        5.485669
     912        0.000025       55.187417        5.486337
     913        0.000025       55.177567        5.486212
     914        0.000025       55.201169        5.486824
     915        0.000025       55.193925        5.486757
     916        0.000025       55.216092        5.487335
     917        0.000025       55.210067        5.487300
     918        0.000025       55.232081        5.487872
     919        0.000025       55.226059        5.487849
     920        0.000025       55.249028        5.488432
     921        0.000025       55.241838        5.488392
     922        0.000025       55.266620        5.489008
     923        0.000025       55.257556        5.488935
     924        0.000025       55.284385        5.489584
     925        0.000025       55.273082        5.489470
     926        0.000025       55.301623        5.490149
     927        0.000025       55.288907        5.490004
     928        0.000025       55.317068        5.490669
     929        0.000025       55.304842        5.490529
     930        0.000025       55.331023        5.491152
     931        0.000025       55.319814        5.491020
     932        0.000025       55.343936        5.491606
     933        0.000025       55.333526        5.491479
     934        0.000025       55.355839        5.492029
     935        0.000025       55.346104        5.491909
     936        0.000025       55.367215        5.492433
     937        0.000025       55.357770        5.492323
     938        0.000025       55.379291        5.492854
     939        0.000025       55.369837        5.492778
     940        0.000025       55.393830        5.493372
     941        0.000025       55.385263        5.493339
     942        0.000025       55.413576        5.494051
     943        0.000025       55.407189        5.494081
     944        0.000025       55.441320        5.494948
     945        0.000025       55.440345        5.495107
     946        0.000025       55.481238        5.496150
     947        0.000025       55.477184        5.496200
     948        0.000025       55.497147        5.496696
     949        0.000025       55.471094        5.496106
     950        0.000025       55.488955        5.496504
     951        0.000025       55.472914        5.496199
     952        0.000025       55.498046        5.496825
     953        0.000025       55.488129        5.496699
     954        0.000025       55.515218        5.497399
     955        0.000025       55.506642        5.497318
     956        0.000025       55.533558        5.498013
     957        0.000025       55.524284        5.497917
     958        0.000025       55.551160        5.498604
     959        0.000025       55.540696        5.498477
     960        0.000025       55.568111        5.499176
     961        0.000025       55.556428        5.499017
     962        0.000025       55.584558        5.499728
     963        0.000025       55.571952        5.499547
     964        0.000025       55.600515        5.500267
     965        0.000025       55.587497        5.500074
     966        0.000025       55.615966        5.500791
     967        0.000025       55.603179        5.500606
     968        0.000025       55.631102        5.501313
     969        0.000025       55.618955        5.501135
     970        0.000025       55.646168        5.501829
     971        0.000025       55.634779        5.501672
     972        0.000025       55.661386        5.502350
     973        0.000025       55.650626        5.502206
     974        0.000025       55.676860        5.502879
     975        0.000025       55.666610        5.502748
     976        0.000025       55.692514        5.503413
     977        0.000025       55.683035        5.503304
     978        0.000025       55.708244        5.503946
     979        0.000025       55.699795        5.503876
     980        0.000025       55.724481        5.504490
     981        0.000025       55.716602        5.504452
     982        0.000025       55.741392        5.505053
     983        0.000025       55.732923        5.505008
     984        0.000025       55.758836        5.505635
     985        0.000025       55.748784        5.505539
     986        0.000025       55.775692        5.506204
     987        0.000025       55.764589        5.506061
     988        0.000025       55.791233        5.506729
     989        0.000025       55.779891        5.506573
     990        0.000025       55.805533        5.507215
     991        0.000025       55.793827        5.507046
     992        0.000025       55.818611        5.507666
     993        0.000025       55.806295        5.507473
     994        0.000025       55.829757        5.508057
     995        0.000025       55.817139        5.507871
     996        0.000025       55.839799        5.508430
     997        0.000025       55.826384        5.508241
     998        0.000025       55.848396        5.508792
     999        0.000025       55.837161        5.508667
    1000        0.000025       55.861325        5.509273
    1001        0.000025       55.854133        5.509282
    1002        0.000025       55.885557        5.510118
    1003        0.000025       55.886349        5.510287
    1004        0.000025       55.927729        5.511353
    1005        0.000025       55.934785        5.511668
    1006        0.000025       55.961377        5.512393
    1007        0.000025       55.935538        5.511812
    1008        0.000025       55.952160        5.512192
    1009        0.000025       55.936177        5.511873
    1010        0.000025       55.962182        5.512528
    1011        0.000025       55.950736        5.512348
    1012        0.000025       55.978197        5.513052
    1013        0.000025       55.967101        5.512888
    1014        0.000025       55.994513        5.513598
    1015        0.000025       55.983222        5.513429
    1016        0.000025       56.010614        5.514140
    1017        0.000025       55.999140        5.513965
    1018        0.000025       56.026626        5.514681
    1019        0.000025       56.015032        5.514503
    1020        0.000025       56.042618        5.515221
    1021        0.000025       56.030961        5.515040
    1022        0.000025       56.058598        5.515759
    1023        0.000013       56.046938        5.515580
    1024        0.000013       56.015574        5.514934
    1025        0.000013       56.020593        5.515141
    1026        0.000013       56.031438        5.515511
    1027        0.000013       56.039410        5.515802
    1028        0.000013       56.045540        5.516025
    1029        0.000013       56.050852        5.516218
    1030        0.000013       56.055724        5.516389
    1031        0.000013       56.060292        5.516551
    1032        0.000013       56.064648        5.516702
    1033        0.000013       56.068857        5.516846
    1034        0.000013       56.072960        5.516988
    1035        0.000013       56.076984        5.517126
    1036        0.000013       56.080957        5.517261
    1037        0.000013       56.084872        5.517391
    1038        0.000013       56.088769        5.517521
    1039        0.000013       56.092633        5.517655
    1040        0.000013       56.096495        5.517784
    1041        0.000013       56.100310        5.517912
    1042        0.000013       56.104123        5.518038
    1043        0.000013       56.107923        5.518167
    1044        0.000013       56.111713        5.518293
    1045        0.000013       56.115506        5.518422
    1046        0.000013       56.119280        5.518548
    1047        0.000013       56.123069        5.518676
    1048        0.000013       56.126844        5.518803
    1049        0.000013       56.130642        5.518934
    1050        0.000013       56.134419        5.519057
    1051        0.000013       56.138217        5.519188
    1052        0.000013       56.141999        5.519314
    1053        0.000013       56.145811        5.519444
    1054        0.000013       56.149582        5.519572
    1055        0.000013       56.153418        5.519701
    1056        0.000013       56.157162        5.519827
    1057        0.000013       56.161065        5.519960
    1058        0.000013       56.164695        5.520083
    1059        0.000013       56.168849        5.520221
    1060        0.000013       56.172008        5.520339
    1061        0.000013       56.177165        5.520494
    1062        0.000013       56.178257        5.520570
    1063        0.000013       56.188030        5.520813
    1064        0.000013       56.179139        5.520693
    1065        0.000013       56.205241        5.521274
    1066        0.000013       56.182656        5.520859
    1067        0.000013       56.207830        5.521429
    1068        0.000013       56.197651        5.521269
    1069        0.000013       56.210459        5.521584
    1070        0.000013       56.208729        5.521600
    1071        0.000013       56.216288        5.521804
    1072        0.000013       56.218097        5.521896
    1073        0.000013       56.222917        5.522040
    1074        0.000013       56.227019        5.522187
    1075        0.000013       56.230424        5.522293
    1076        0.000013       56.234972        5.522452
    1077        0.000013       56.238693        5.522567
    1078        0.000013       56.242712        5.522714
    1079        0.000013       56.247001        5.522841
    1080        0.000013       56.250353        5.522982
    1081        0.000013       56.255484        5.523144
    1082        0.000013       56.257601        5.523265
    1083        0.000013       56.264454        5.523464
    1084        0.000013       56.264000        5.523534
    1085        0.000013       56.274470        5.523805
    1086        0.000013       56.268938        5.523773
    1087        0.000013       56.285828        5.524179
    1088        0.000013       56.273728        5.524005
    1089        0.000013       56.294645        5.524499
    1090        0.000013       56.282896        5.524335
    1091        0.000013       56.300056        5.524745
    1092        0.000013       56.293057        5.524683
    1093        0.000013       56.306390        5.525018
    1094        0.000013       56.303349        5.525029
    1095        0.000013       56.312160        5.525268
    1096        0.000013       56.313352        5.525397
    1097        0.000013       56.321932        5.525605
    1098        0.000013       56.321255        5.525679
    1099        0.000013       56.329774        5.525931
    1100        0.000013       56.333391        5.526087
    1101        0.000013       56.339558        5.526238
    1102        0.000013       56.340761        5.526377
    1103        0.000013       56.350983        5.526629
    1104        0.000013       56.348742        5.526657
    1105        0.000013       56.360559        5.526951
    1106        0.000013       56.354890        5.526913
    1107        0.000013       56.368894        5.527242
    1108        0.000013       56.359101        5.527106
    1109        0.000013       56.373606        5.527453
    1110        0.000013       56.362083        5.527277
    1111        0.000013       56.373777        5.527569
    1112        0.000013       56.363735        5.527438
    1113        0.000013       56.375875        5.527764
    1114        0.000013       56.374940        5.527843
    1115        0.000013       56.392103        5.528296
    1116        0.000013       56.394739        5.528459
    1117        0.000013       56.409390        5.528844
    1118        0.000013       56.408760        5.528903
    1119        0.000013       56.418333        5.529151
    1120        0.000013       56.413820        5.529116
    1121        0.000013       56.422707        5.529344
    1122        0.000013       56.418089        5.529316
    1123        0.000013       56.429244        5.529602
    1124        0.000013       56.424171        5.529566
    1125        0.000013       56.437554        5.529903
    1126        0.000013       56.431297        5.529845
    1127        0.000013       56.446211        5.530217
    1128        0.000013       56.439248        5.530146
    1129        0.000013       56.454462        5.530522
    1130        0.000013       56.447899        5.530456
    1131        0.000013       56.462281        5.530820
    1132        0.000013       56.456849        5.530778
    1133        0.000013       56.469983        5.531115
    1134        0.000013       56.465707        5.531098
    1135        0.000013       56.477739        5.531408
    1136        0.000013       56.474316        5.531413
    1137        0.000013       56.485538        5.531700
    1138        0.000013       56.482687        5.531717
    1139        0.000013       56.493302        5.531990
    1140        0.000013       56.490821        5.532021
    1141        0.000013       56.501266        5.532283
    1142        0.000013       56.498347        5.532311
    1143        0.000013       56.509673        5.532589
    1144        0.000013       56.505585        5.532593
    1145        0.000013       56.518019        5.532896
    1146        0.000013       56.513022        5.532878
    1147        0.000013       56.526190        5.533198
    1148        0.000013       56.520791        5.533171
    1149        0.000013       56.534223        5.533503
    1150        0.000013       56.528997        5.533475
    1151        0.000013       56.542234        5.533806
    1152        0.000013       56.537658        5.533792
    1153        0.000013       56.550395        5.534110
    1154        0.000013       56.546672        5.534116
    1155        0.000013       56.559018        5.534423
    1156        0.000013       56.555838        5.534446
    1157        0.000013       56.568180        5.534748
    1158        0.000013       56.565343        5.534781
    1159        0.000013       56.577620        5.535078
    1160        0.000013       56.574955        5.535123
    1161        0.000013       56.587463        5.535414
    1162        0.000013       56.584195        5.535442
    1163        0.000013       56.596594        5.535732
    1164        0.000013       56.592635        5.535738
    1165        0.000013       56.604425        5.536004
    1166        0.000013       56.598793        5.535967
    1167        0.000013       56.609765        5.536218
    1168        0.000013       56.602557        5.536132
    1169        0.000013       56.611450        5.536355
    1170        0.000013       56.602486        5.536238
    1171        0.000013       56.610377        5.536472
    1172        0.000013       56.605437        5.536456
    1173        0.000013       56.622912        5.536916
    1174        0.000013       56.624993        5.537058
    1175        0.000013       56.642765        5.537521
    1176        0.000013       56.641217        5.537570
    1177        0.000013       56.654434        5.537903
    1178        0.000013       56.648780        5.537845
    1179        0.000013       56.660070        5.538127
    1180        0.000013       56.653882        5.538061
    1181        0.000013       56.666062        5.538365
    1182        0.000013       56.660414        5.538316
    1183        0.000013       56.673446        5.538643
    1184        0.000013       56.668047        5.538600
    1185        0.000013       56.681458        5.538936
    1186        0.000013       56.676175        5.538897
    1187        0.000013       56.689626        5.539237
    1188        0.000013       56.684505        5.539201
    1189        0.000013       56.697826        5.539540
    1190        0.000013       56.692898        5.539506
    1191        0.000013       56.706015        5.539838
    1192        0.000013       56.701263        5.539811
    1193        0.000013       56.714211        5.540139
    1194        0.000013       56.709570        5.540112
    1195        0.000013       56.722375        5.540438
    1196        0.000013       56.717756        5.540411
    1197        0.000013       56.730490        5.540735
    1198        0.000013       56.725903        5.540709
    1199        0.000013       56.738444        5.541024
    1200        0.000013       56.734095        5.541007
    1201        0.000013       56.746157        5.541311
    1202        0.000013       56.742323        5.541310
    1203        0.000013       56.753975        5.541594
    1204        0.000013       56.750233        5.541607
    1205        0.000013       56.762052        5.541891
    1206        0.000013       56.758144        5.541897
    1207        0.000013       56.770140        5.542186
    1208        0.000013       56.766134        5.542192
    1209        0.000013       56.778433        5.542489
    1210        0.000013       56.774185        5.542485
    1211        0.000013       56.786862        5.542797
    1212        0.000013       56.782507        5.542787
    1213        0.000013       56.795353        5.543105
    1214        0.000013       56.791160        5.543099
    1215        0.000013       56.804037        5.543414
    1216        0.000013       56.799972        5.543410
    1217        0.000013       56.813043        5.543733
    1218        0.000013       56.809069        5.543730
    1219        0.000013       56.822035        5.544044
    1220        0.000013       56.818380        5.544060
    1221        0.000013       56.831247        5.544359
    1222        0.000013       56.827436        5.544372
    1223        0.000013       56.839802        5.544662
    1224        0.000006       56.836350        5.544684
    1225        0.000006       56.830778        5.544646
    1226        0.000006       56.830019        5.544653
    1227        0.000006       56.837956        5.544904
    1228        0.000006       56.843977        5.545113
    1229        0.000006       56.847406        5.545245
    1230        0.000006       56.850089        5.545347
    1231        0.000006       56.852602        5.545445
    1232        0.000006       56.855049        5.545539
    1233        0.000006       56.857438        5.545630
    1234        0.000006       56.859771        5.545721
    1235        0.000006       56.862059        5.545808
    1236        0.000006       56.864310        5.545893
    1237        0.000006       56.866529        5.545976
    1238        0.000006       56.868719        5.546058
    1239        0.000006       56.870887        5.546138
    1240        0.000006       56.873030        5.546217
    1241        0.000006       56.875163        5.546299
    1242        0.000006       56.877285        5.546378
    1243        0.000006       56.879385        5.546454
    1244        0.000006       56.881490        5.546534
    1245        0.000006       56.883578        5.546612
    1246        0.000006       56.885664        5.546689
    1247        0.000006       56.887735        5.546766
    1248        0.000006       56.889807        5.546842
    1249        0.000006       56.891868        5.546917
    1250        0.000006       56.893925        5.546995
    1251        0.000006       56.895974        5.547069
    1252        0.000006       56.898021        5.547144
    1253        0.000006       56.900064        5.547219
    1254        0.000006       56.902110        5.547293
    1255        0.000006       56.904139        5.547371
    1256        0.000006       56.906175        5.547445
    1257        0.000006       56.908195        5.547520
    1258        0.000006       56.910237        5.547595
    1259        0.000006       56.912238        5.547670
    1260        0.000006       56.914310        5.547744
    1261        0.000006       56.916239        5.547817
    1262        0.000006       56.918446        5.547894
    1263        0.000006       56.920075        5.547960
    1264        0.000006       56.922926        5.548050
    1265        0.000006       56.923066        5.548090
    1266        0.000006       56.929318        5.548245
    1267        0.000006       56.922626        5.548143
    1268        0.000006       56.937054        5.548476
    1269        0.000006       56.927282        5.548300
    1270        0.000006       56.937404        5.548547
    1271        0.000006       56.934377        5.548514
    1272        0.000006       56.939590        5.548652
    1273        0.000006       56.939510        5.548686
    1274        0.000006       56.943012        5.548788
    1275        0.000006       56.943951        5.548841
    1276        0.000006       56.946810        5.548930
    1277        0.000006       56.948157        5.548992
    1278        0.000006       56.950728        5.549074
    1279        0.000006       56.952313        5.549142
    1280        0.000006       56.954626        5.549219
    1281        0.000006       56.956528        5.549295
    1282        0.000006       56.958556        5.549361
    1283        0.000006       56.960597        5.549446
    1284        0.000006       56.962762        5.549513
    1285        0.000006       56.964528        5.549593
    1286        0.000006       56.967222        5.549671
    1287        0.000006       56.967992        5.549731
    1288        0.000006       56.972396        5.549839
    1289        0.000006       56.970527        5.549847
    1290        0.000006       56.978430        5.550035
    1291        0.000006       56.972736        5.549952
    1292        0.000006       56.983216        5.550199
    1293        0.000006       56.977218        5.550108
    1294        0.000006       56.985884        5.550318
    1295        0.000006       56.982491        5.550281
    1296        0.000006       56.988507        5.550437
    1297        0.000006       56.987348        5.550447
    1298        0.000006       56.991708        5.550561
    1299        0.000006       56.991089        5.550588
    1300        0.000006       56.994994        5.550703
    1301        0.000006       56.996023        5.550756
    1302        0.000006       56.998031        5.550804
    1303        0.000006       56.997810        5.550865
    1304        0.000006       57.003563        5.551019
    1305        0.000006       57.002676        5.551009
    1306        0.000006       57.006551        5.551136
    1307        0.000006       57.007557        5.551212
    1308        0.000006       57.012734        5.551334
    1309        0.000006       57.011926        5.551368
    1310        0.000006       57.019804        5.551563
    1311        0.000006       57.017344        5.551548
    1312        0.000006       57.026688        5.551775
    1313        0.000006       57.023203        5.551733
    1314        0.000006       57.030822        5.551919
    1315        0.000006       57.026384        5.551843
    1316        0.000006       57.030948        5.551957
    1317        0.000006       57.026480        5.551883
    1318        0.000006       57.029450        5.551967
    1319        0.000006       57.026753        5.551942
    1320        0.000006       57.032267        5.552102
    1321        0.000006       57.033280        5.552164
    1322        0.000006       57.039877        5.552347
    1323        0.000006       57.040069        5.552392
    1324        0.000006       57.045649        5.552539
    1325        0.000006       57.044568        5.552554
    1326        0.000006       57.050130        5.552698
    1327        0.000006       57.048018        5.552687
    1328        0.000006       57.054305        5.552847
    1329        0.000006       57.051213        5.552814
    1330        0.000006       57.058359        5.552993
    1331        0.000006       57.054677        5.552949
    1332        0.000006       57.062143        5.553135
    1333        0.000006       57.058594        5.553092
    1334        0.000006       57.065706        5.553273
    1335        0.000006       57.062828        5.553243
    1336        0.000006       57.069278        5.553410
    1337        0.000006       57.067152        5.553397
    1338        0.000006       57.073012        5.553551
    1339        0.000006       57.071473        5.553555
    1340        0.000006       57.076929        5.553698
    1341        0.000006       57.075767        5.553708
    1342        0.000006       57.080959        5.553845
    1343        0.000006       57.080042        5.553864
    1344        0.000006       57.085133        5.553997
    1345        0.000006       57.084060        5.554013
    1346        0.000006       57.089530        5.554148
    1347        0.000006       57.087801        5.554152
    1348        0.000006       57.093837        5.554300
    1349        0.000006       57.091478        5.554289
    1350        0.000006       57.097871        5.554447
    1351        0.000006       57.095091        5.554426
    1352        0.000006       57.101540        5.554584
    1353        0.000006       57.098669        5.554559
    1354        0.000006       57.104868        5.554715
    1355        0.000006       57.102203        5.554695
    1356        0.000006       57.107951        5.554839
    1357        0.000006       57.105660        5.554826
    1358        0.000006       57.111043        5.554961
    1359        0.000006       57.109069        5.554959
    1360        0.000006       57.114410        5.555097
    1361        0.000006       57.112790        5.555104
    1362        0.000006       57.118386        5.555248
    1363        0.000006       57.117237        5.555271
    1364        0.000006       57.123570        5.555433
    1365        0.000006       57.122916        5.555471
    1366        0.000006       57.130381        5.555658
    1367        0.000006       57.130678        5.555709
    1368        0.000006       57.139456        5.555926
    1369        0.000006       57.139048        5.555952
    1370        0.000006       57.144287        5.556081
    1371        0.000006       57.138359        5.555959
    1372        0.000006       57.141908        5.556045
    1373        0.000006       57.137459        5.555973
    1374        0.000006       57.143192        5.556124
    1375        0.000006       57.141076        5.556114
    1376        0.000006       57.148040        5.556297
    1377        0.000006       57.146601        5.556304
    1378        0.000006       57.153276        5.556476
    1379        0.000006       57.151527        5.556475
    1380        0.000006       57.157821        5.556642
    1381        0.000006       57.155777        5.556629
    1382        0.000006       57.161980        5.556789
    1383        0.000006       57.159713        5.556773
    1384        0.000006       57.166016        5.556937
    1385        0.000006       57.163540        5.556916
    1386        0.000006       57.169984        5.557082
    1387        0.000006       57.167364        5.557057
    1388        0.000006       57.173888        5.557223
    1389        0.000006       57.171248        5.557199
    1390        0.000006       57.177758        5.557368
    1391        0.000006       57.175188        5.557343
    1392        0.000006       57.181616        5.557510
    1393        0.000006       57.179206        5.557488
    1394        0.000006       57.185501        5.557652
    1395        0.000006       57.183274        5.557638
    1396        0.000006       57.189439        5.557796
    1397        0.000006       57.187394        5.557786
    1398        0.000006       57.193397        5.557940
    1399        0.000006       57.191608        5.557936
    1400        0.000006       57.197378        5.558084
    1401        0.000006       57.195809        5.558089
    1402        0.000006       57.201497        5.558231
    1403        0.000006       57.199884        5.558239
    1404        0.000006       57.205630        5.558378
    1405        0.000006       57.203891        5.558382
    1406        0.000006       57.209739        5.558526
    1407        0.000006       57.207705        5.558521
    1408        0.000006       57.213743        5.558669
    1409        0.000006       57.211407        5.558655
    1410        0.000006       57.217472        5.558809
    1411        0.000006       57.215007        5.558788
    1412        0.000006       57.220918        5.558938
    1413        0.000006       57.218446        5.558920
    1414        0.000006       57.224176        5.559063
    1415        0.000006       57.221681        5.559047
    1416        0.000006       57.227305        5.559188
    1417        0.000006       57.224923        5.559176
    1418        0.000006       57.230439        5.559314
    1419        0.000006       57.228307        5.559314
    1420        0.000006       57.234103        5.559459
    1421        0.000006       57.232440        5.559467
    1422        0.000006       57.238743        5.559628
    1423        0.000006       57.237989        5.559663
    1424        0.000006       57.245328        5.559850
    1425        0.000003       57.245807        5.559903
    1426        0.000003       57.250251        5.560027
    1427        0.000003       57.250386        5.560039
    1428        0.000003       57.250102        5.560046
    1429        0.000003       57.250277        5.560064
    1430        0.000003       57.250934        5.560094
    1431        0.000003       57.251829        5.560131
    1432        0.000003       57.252812        5.560170
    1433        0.000003       57.253823        5.560207
    1434        0.000003       57.254844        5.560247
    1435        0.000003       57.255865        5.560286
    1436        0.000003       57.256890        5.560325
    1437        0.000003       57.257916        5.560362
    1438        0.000003       57.258945        5.560399
    1439        0.000003       57.259973        5.560440
    1440        0.000003       57.261007        5.560477
    1441        0.000003       57.262036        5.560518
    1442        0.000003       57.263063        5.560553
    1443        0.000003       57.264093        5.560593
    1444        0.000003       57.265120        5.560631
    1445        0.000003       57.266144        5.560669
    1446        0.000003       57.267167        5.560706
    1447        0.000003       57.268190        5.560746
    1448        0.000003       57.269206        5.560781
    1449        0.000003       57.270228        5.560818
    1450        0.000003       57.271231        5.560856
    1451        0.000003       57.272254        5.560894
    1452        0.000003       57.273259        5.560931
    1453        0.000003       57.274275        5.560966
