       0        0.000100     7617.346966       83.819359
       1        0.000100     7418.984537       82.617477
       2        0.000100     7177.318546       81.125961
       3        0.000100     6881.719857       79.261925
       4        0.000100     6528.323780       76.973244
       5        0.000100     6117.869399       74.224113
       6        0.000100     5659.402673       71.023506
       7        0.000100     5167.272293       67.414764
       8        0.000100     4656.020317       63.447281
       9        0.000100     4139.086535       59.186066
      10        0.000100     3629.630707       54.733280
      11        0.000100     3140.670754       50.192215
      12        0.000100     2684.545818       45.715496
      13        0.000100     2272.022413       41.429657
      14        0.000100     1911.287618       37.470459
      15        0.000100     1607.086929       33.966614
      16        0.000100     1360.233500       30.999531
      17        0.000100     1167.665698       28.565630
      18        0.000100     1023.101991       26.630276
      19        0.000100      918.179954       25.129930
      20        0.000100      843.809715       24.018328
      21        0.000100      791.429758       23.195723
      22        0.000100      753.859942       22.581650
      23        0.000100      725.654162       22.116917
      24        0.000100      703.031150       21.743372
      25        0.000100      683.559837       21.417603
      26        0.000100      665.780231       21.119341
      27        0.000100      648.868434       20.834486
      28        0.000100      632.385420       20.556326
      29        0.000100      616.107691       20.280842
      30        0.000100      599.928643       20.004396
      31        0.000100      583.804626       19.725805
      32        0.000100      567.723349       19.445223
      33        0.000100      551.690031       19.161871
      34        0.000100      535.719659       18.875118
      35        0.000100      519.832085       18.585461
      36        0.000100      504.049093       18.293009
      37        0.000100      488.393023       17.997517
      38        0.000100      472.887511       17.699770
      39        0.000100      457.554599       17.399841
      40        0.000100      442.409953       17.097382
      41        0.000100      427.461513       16.793499
      42        0.000100      412.696597       16.488455
      43        0.000100      398.047094       16.180912
      44        0.000100      383.282851       15.864169
      45        0.000100      367.637085       15.521640
      46        0.000100      349.876493       15.121441
      47        0.000100      332.062582       14.709997
      48        0.000100      316.483783       14.338166
      49        0.000100      302.483900       13.992374
      50        0.000100      289.576639       13.664684
      51        0.000100      277.575393       13.352664
      52        0.000100      266.372044       13.054663
      53        0.000100      255.898913       12.771110
      54        0.000100      246.111697       12.502011
      55        0.000100      236.972245       12.247004
      56        0.000100      228.446124       12.004399
      57        0.000100      220.498994       11.774498
      58        0.000100      213.097339       11.556092
      59        0.000100      206.208085       11.349193
      60        0.000100      199.797953       11.153892
      61        0.000100      193.833152       10.968408
      62        0.000100      188.278991       10.791686
      63        0.000100      183.098203       10.624221
      64        0.000100      178.245625       10.465040
      65        0.000100      173.649650       10.311289
      66        0.000100      169.183823       10.159145
      67        0.000100      164.781666       10.005590
      68        0.000100      160.659699        9.858254
      69        0.000100      156.862303        9.722730
      70        0.000100      153.222022        9.593774
      71        0.000100      149.928725        9.477933
      72        0.000100      147.020045        9.376822
      73        0.000100      144.372866        9.286043
      74        0.000100      141.918604        9.201691
      75        0.000100      139.617157        9.122406
      76        0.000100      137.444121        9.047644
      77        0.000100      135.383946        8.977279
      78        0.000100      133.424414        8.910909
      79        0.000100      131.555373        8.847687
      80        0.000100      129.768911        8.786528
      81        0.000100      128.058770        8.727492
      82        0.000100      126.418940        8.670918
      83        0.000100      124.844063        8.616680
      84        0.000100      123.329565        8.564394
      85        0.000100      121.871150        8.513828
      86        0.000100      120.464790        8.464988
      87        0.000100      119.107068        8.417762
      88        0.000100      117.794825        8.371802
      89        0.000100      116.525355        8.326905
      90        0.000100      115.296025        8.283152
      91        0.000100      114.104326        8.240450
      92        0.000100      112.948057        8.198647
      93        0.000100      111.825114        8.157757
      94        0.000100      110.733552        8.117776
      95        0.000100      109.671643        8.078702
      96        0.000100      108.637911        8.040450
      97        0.000100      107.630877        8.002894
      98        0.000100      106.649079        7.966285
      99        0.000100      105.691113        7.930500
     100        0.000100      104.755769        7.895605
     101        0.000100      103.841942        7.861281
     102        0.000100      102.948582        7.827368
     103        0.000100      102.074719        7.793812
     104        0.000100      101.219474        7.760738
     105        0.000100      100.382076        7.728269
     106        0.000100       99.561838        7.696226
     107        0.000100       98.757988        7.664581
     108        0.000100       97.969883        7.633530
     109        0.000100       97.196966        7.603364
     110        0.000100       96.438647        7.573587
     111        0.000100       95.694346        7.544188
     112        0.000100       94.963521        7.515045
     113        0.000100       94.245779        7.486254
     114        0.000100       93.540717        7.457909
     115        0.000100       92.847853        7.429790
     116        0.000100       92.166689        7.401906
     117        0.000100       91.496893        7.374240
     118        0.000100       90.838008        7.346966
     119        0.000100       90.189671        7.320160
     120        0.000100       89.551701        7.293602
     121        0.000100       88.923915        7.267252
     122        0.000100       88.306193        7.241107
     123        0.000100       87.698128        7.215230
     124        0.000100       87.099789        7.189599
     125        0.000100       86.511795        7.164111
     126        0.000100       85.929284        7.138283
     127        0.000100       85.350992        7.111683
     128        0.000100       84.773148        7.084977
     129        0.000100       84.200717        7.058828
     130        0.000100       83.635424        7.033051
     131        0.000100       83.079287        7.007905
     132        0.000100       82.532622        6.983134
     133        0.000100       81.995012        6.958687
     134        0.000100       81.466904        6.934908
     135        0.000100       80.947544        6.911433
     136        0.000100       80.436377        6.888139
     137        0.000100       79.932696        6.865207
     138        0.000100       79.436284        6.842571
     139        0.000100       78.946685        6.820248
     140        0.000100       78.463347        6.798132
     141        0.000100       77.983847        6.776002
     142        0.000100       77.512155        6.754390
     143        0.000100       77.061492        6.733842
     144        0.000100       76.600452        6.712641
     145        0.000100       76.138057        6.691484
     146        0.000100       75.680549        6.670483
     147        0.000100       75.227838        6.649648
     148        0.000100       74.781403        6.629046
     149        0.000100       74.339610        6.608461
     150        0.000100       73.902733        6.588078
     151        0.000100       73.470697        6.568027
     152        0.000100       73.043448        6.548227
     153        0.000100       72.620691        6.528565
     154        0.000100       72.201943        6.508975
     155        0.000100       71.786225        6.489583
     156        0.000100       71.371092        6.470016
     157        0.000100       70.949664        6.450073
     158        0.000100       70.525475        6.430079
     159        0.000100       70.111215        6.410462
     160        0.000100       69.708760        6.391226
     161        0.000100       69.316244        6.372471
     162        0.000100       68.932427        6.354126
     163        0.000100       68.555354        6.336036
     164        0.000100       68.182495        6.318287
     165        0.000100       67.807597        6.300844
     166        0.000100       67.449750        6.284347
     167        0.000100       67.093428        6.267273
     168        0.000100       66.735733        6.249467
     169        0.000100       66.375242        6.231475
     170        0.000100       66.017180        6.213519
     171        0.000100       65.665631        6.195834
     172        0.000100       65.320151        6.178372
     173        0.000100       64.977477        6.160868
     174        0.000100       64.626790        6.142605
     175        0.000100       64.275874        6.124114
     176        0.000100       63.936346        6.106369
     177        0.000100       63.606669        6.089489
     178        0.000100       63.285858        6.073243
     179        0.000100       62.968443        6.057025
     180        0.000100       62.657338        6.041094
     181        0.000100       62.350669        6.025439
     182        0.000100       62.047851        6.009902
     183        0.000100       61.749111        5.994339
     184        0.000100       61.449149        5.978341
     185        0.000100       61.148294        5.962210
     186        0.000100       60.848370        5.946805
     187        0.000100       60.549639        5.931783
     188        0.000100       60.250667        5.916474
     189        0.000100       59.957432        5.901293
     190        0.000100       59.673628        5.886980
     191        0.000100       59.396071        5.873183
     192        0.000100       59.125799        5.859828
     193        0.000100       58.860494        5.846574
     194        0.000100       58.602841        5.833820
     195        0.000100       58.351617        5.821334
     196        0.000100       58.107375        5.809187
     197        0.000100       57.868128        5.797131
     198        0.000100       57.634274        5.785276
     199        0.000100       57.404071        5.773502
     200        0.000100       57.178522        5.761819
     201        0.000100       56.955779        5.750258
     202        0.000100       56.736632        5.738714
     203        0.000100       56.518439        5.727017
     204        0.000100       56.303557        5.715353
     205        0.000100       56.087363        5.703704
     206        0.000100       55.875462        5.692172
     207        0.000100       55.665580        5.680754
     208        0.000100       55.469837        5.670077
     209        0.000100       55.274166        5.659690
     210        0.000100       55.088568        5.649766
     211        0.000100       54.899347        5.639855
     212        0.000100       54.712397        5.629828
     213        0.000100       54.511155        5.618862
     214        0.000100       54.314755        5.608006
     215        0.000100       54.131467        5.598454
     216        0.000100       53.964373        5.589719
     217        0.000100       53.801349        5.581379
     218        0.000100       53.648771        5.573543
     219        0.000100       53.495689        5.565852
     220        0.000100       53.352815        5.558448
     221        0.000100       53.207315        5.551116
     222        0.000100       53.073078        5.544060
     223        0.000100       52.934804        5.537017
     224        0.000100       52.808209        5.530249
     225        0.000100       52.676580        5.523516
     226        0.000100       52.555559        5.516889
     227        0.000100       52.426667        5.510110
     228        0.000100       52.312806        5.503689
     229        0.000100       52.194366        5.497432
     230        0.000100       52.090096        5.491487
     231        0.000100       51.978528        5.485524
     232        0.000100       51.880766        5.479776
     233        0.000100       51.775076        5.474013
     234        0.000100       51.683003        5.468413
     235        0.000100       51.583183        5.462749
     236        0.000100       51.496512        5.457282
     237        0.000100       51.402559        5.451832
     238        0.000100       51.321227        5.446629
     239        0.000100       51.233101        5.441398
     240        0.000100       51.157041        5.436335
     241        0.000100       51.074425        5.431305
     242        0.000100       51.003729        5.426572
     243        0.000100       50.926024        5.421872
     244        0.000100       50.860811        5.417407
     245        0.000100       50.787430        5.412996
     246        0.000100       50.727842        5.408743
     247        0.000100       50.658651        5.404484
     248        0.000100       50.604398        5.400449
     249        0.000100       50.538467        5.396320
     250        0.000100       50.488979        5.392468
     251        0.000100       50.424161        5.388445
     252        0.000100       50.376708        5.384651
     253        0.000100       50.312681        5.380703
     254        0.000100       50.267093        5.377038
     255        0.000100       50.206505        5.373229
     256        0.000100       50.164341        5.369660
     257        0.000100       50.108812        5.366037
     258        0.000100       50.070113        5.362616
     259        0.000100       50.018399        5.359205
     260        0.000100       49.985113        5.356116
     261        0.000100       49.939878        5.353151
     262        0.000100       49.911063        5.350399
     263        0.000100       49.869043        5.347664
     264        0.000100       49.848534        5.345240
     265        0.000100       49.811975        5.342714
     266        0.000100       49.790855        5.340329
     267        0.000100       49.758320        5.337990
     268        0.000100       49.743511        5.335732
     269        0.000100       49.709058        5.333411
     270        0.000100       49.697591        5.331307
     271        0.000100       49.668277        5.329143
     272        0.000100       49.657547        5.327095
     273        0.000100       49.630660        5.325107
     274        0.000100       49.624457        5.323273
     275        0.000100       49.598405        5.321353
     276        0.000100       49.593899        5.319632
     277        0.000100       49.572169        5.317891
     278        0.000100       49.569559        5.316258
     279        0.000100       49.546212        5.314595
     280        0.000100       49.549513        5.313173
     281        0.000100       49.529135        5.311616
     282        0.000100       49.530779        5.310312
     283        0.000100       49.513006        5.309007
     284        0.000100       49.519892        5.307841
     285        0.000100       49.500310        5.306545
     286        0.000100       49.509176        5.305478
     287        0.000100       49.493576        5.304326
     288        0.000100       49.502541        5.303294
     289        0.000100       49.488204        5.302233
     290        0.000100       49.500372        5.301351
     291        0.000100       49.486652        5.300384
     292        0.000100       49.500286        5.299593
     293        0.000100       49.489002        5.298670
     294        0.000100       49.504457        5.297970
     295        0.000100       49.493486        5.297156
     296        0.000100       49.511956        5.296545
     297        0.000100       49.502666        5.295779
     298        0.000100       49.521833        5.295221
     299        0.000100       49.514283        5.294520
     300        0.000100       49.535945        5.294008
     301        0.000100       49.528773        5.293353
     302        0.000100       49.552466        5.292947
     303        0.000100       49.546584        5.292410
     304        0.000100       49.572759        5.292070
     305        0.000100       49.566556        5.291589
     306        0.000100       49.595079        5.291353
     307        0.000100       49.591864        5.290944
     308        0.000100       49.618821        5.290718
     309        0.000100       49.618311        5.290426
     310        0.000100       49.648744        5.290286
     311        0.000100       49.646813        5.289937
     312        0.000100       49.678787        5.289835
     313        0.000100       49.679398        5.289561
     314        0.000100       49.714032        5.289541
     315        0.000100       49.712380        5.289339
     316        0.000100       49.749286        5.289483
     317        0.000100       49.753012        5.289432
     318        0.000100       49.786710        5.289503
     319        0.000100       49.791760        5.289530
     320        0.000100       49.830561        5.289694
     321        0.000100       49.834345        5.289659
     322        0.000100       49.873130        5.289824
     323        0.000100       49.881348        5.289895
     324        0.000100       49.919418        5.290020
     325        0.000100       49.927266        5.290148
     326        0.000100       49.967847        5.290393
     327        0.000100       49.982327        5.290638
     328        0.000100       50.014546        5.290776
     329        0.000100       50.038311        5.291219
     330        0.000100       50.064417        5.291238
     331        0.000100       50.088700        5.291686
     332        0.000100       50.115252        5.291776
     333        0.000100       50.153134        5.292507
     334        0.000100       50.180092        5.292642
     335        0.000100       50.221552        5.293410
     336        0.000100       50.235415        5.293314
     337        0.000100       50.243606        5.293521
     338        0.000100       50.251573        5.293267
     339        0.000100       50.284890        5.293987
     340        0.000100       50.390606        5.295589
     341        0.000100       50.480659        5.297308
     342        0.000100       50.464460        5.297005
     343        0.000100       50.322425        5.294603
     344        0.000100       50.415255        5.295828
     345        0.000100       50.540707        5.298004
     346        0.000100       50.583586        5.298717
     347        0.000100       50.511349        5.297590
     348        0.000100       50.560583        5.298206
     349        0.000100       50.610969        5.299049
     350        0.000100       50.683564        5.300173
     351        0.000100       50.658198        5.299832
     352        0.000100       50.694628        5.300247
     353        0.000100       50.716339        5.300675
     354        0.000100       50.798710        5.301899
     355        0.000100       50.800526        5.302058
     356        0.000100       50.835180        5.302515
     357        0.000100       50.831511        5.302554
     358        0.000100       50.910353        5.303663
     359        0.000100       50.942112        5.304326
     360        0.000100       51.000929        5.305222
     361        0.000100       50.978960        5.305126
     362        0.000100       51.011698        5.305585
     363        0.000100       51.033214        5.306036
     364        0.000100       51.147064        5.307726
     365        0.000100       51.196651        5.308727
     366        0.000100       51.221486        5.309277
     367        0.000100       51.135874        5.308256
     368        0.000100       51.172998        5.308716
     369        0.000100       51.287381        5.310349
     370        0.000100       51.438651        5.312718
     371        0.000100       51.365969        5.311990
     372        0.000100       51.323461        5.311351
     373        0.000100       51.364185        5.311772
     374        0.000100       51.524233        5.313898
     375        0.000100       51.519510        5.313968
     376        0.000100       51.501504        5.313670
     377        0.000100       51.494995        5.313534
     378        0.000100       51.618361        5.315165
     379        0.000100       51.652422        5.315892
     380        0.000100       51.673273        5.316445
     381        0.000100       51.637845        5.316294
     382        0.000100       51.722039        5.317598
     383        0.000100       51.778383        5.318758
     384        0.000100       51.849842        5.320125
     385        0.000100       51.801658        5.319906
     386        0.000100       51.833430        5.320548
     387        0.000100       51.877091        5.321456
     388        0.000100       52.006184        5.323471
     389        0.000100       52.009199        5.323913
     390        0.000100       52.005272        5.324199
     391        0.000100       51.959266        5.323822
     392        0.000100       52.077553        5.325473
     393        0.000100       52.180596        5.327119
     394        0.000100       52.247784        5.328389
     395        0.000100       52.139512        5.327352
     396        0.000100       52.156653        5.327659
     397        0.000100       52.251973        5.329058
     398        0.000100       52.411252        5.331372
     399        0.000100       52.359740        5.331184
     400        0.000100       52.329470        5.331054
     401        0.000100       52.346176        5.331377
     402        0.000100       52.516601        5.333826
     403        0.000100       52.534714        5.334497
     404        0.000100       52.523105        5.334806
     405        0.000100       52.482928        5.334525
     406        0.000100       52.618493        5.336517
     407        0.000100       52.680595        5.337640
     408        0.000100       52.716768        5.338642
     409        0.000100       52.644770        5.338068
     410        0.000100       52.724240        5.339386
     411        0.000100       52.802113        5.340616
     412        0.000100       52.905068        5.342474
     413        0.000100       52.838998        5.342081
     414        0.000100       52.852420        5.342689
     415        0.000100       52.893612        5.343407
     416        0.000100       53.057710        5.345975
     417        0.000100       53.056426        5.346400
     418        0.000100       53.038501        5.346833
     419        0.000100       52.992754        5.346464
     420        0.000100       53.152150        5.348915
     421        0.000100       53.235023        5.350241
     422        0.000100       53.266973        5.351503
     423        0.000100       53.156148        5.350427
     424        0.000100       53.241144        5.351990
     425        0.000100       53.350717        5.353467
     426        0.000100       53.464688        5.355790
     427        0.000100       53.361904        5.354899
     428        0.000100       53.380409        5.355844
     429        0.000100       53.451570        5.356751
     430        0.000100       53.615885        5.359652
     431        0.000100       53.564788        5.359326
     432        0.000100       53.558334        5.360219
     433        0.000100       53.567195        5.360346
     434        0.000100       53.741694        5.363280
     435        0.000100       53.757206        5.363749
     436        0.000100       53.758421        5.364868
     437        0.000100       53.702246        5.364241
     438        0.000100       53.856140        5.366909
     439        0.000100       53.927131        5.368027
     440        0.000100       53.966614        5.369619
     441        0.000100       53.872678        5.368795
     442        0.000100       53.965734        5.370724
     443        0.000100       54.060102        5.372067
     444        0.000100       54.171587        5.374462
     445        0.000100       54.080306        5.373907
     446        0.000100       54.097844        5.374924
     447        0.000100       54.167928        5.375982
     448        0.000100       54.342193        5.378987
     449        0.000100       54.302051        5.379127
     450        0.000100       54.279484        5.379817
     451        0.000100       54.280880        5.380125
     452        0.000100       54.476705        5.383249
     453        0.000100       54.505950        5.384197
     454        0.000100       54.491671        5.385085
     455        0.000100       54.428814        5.384782
     456        0.000100       54.595537        5.387425
     457        0.000100       54.676460        5.389009
     458        0.000100       54.706768        5.390382
     459        0.000100       54.606945        5.389842
     460        0.000100       54.720903        5.391849
     461        0.000100       54.821289        5.393581
     462        0.000100       54.912211        5.395687
     463        0.000100       54.805513        5.395219
     464        0.000100       54.863518        5.396637
     465        0.000100       54.952753        5.398246
     466        0.000100       55.100311        5.400938
     467        0.000100       55.020462        5.400887
     468        0.000100       55.031501        5.401897
     469        0.000100       55.080390        5.403017
     470        0.000100       55.268169        5.406098
     471        0.000100       55.240398        5.406657
     472        0.000100       55.225636        5.407550
     473        0.000100       55.213656        5.407909
     474        0.000100       55.411557        5.410993
     475        0.000100       55.443176        5.412199
     476        0.000100       55.435458        5.413281
     477        0.000100       55.365487        5.413083
     478        0.000100       55.537654        5.415679
     479        0.000100       55.617857        5.417381
     480        0.000100       55.648648        5.418934
     481        0.000100       55.545524        5.418574
     482        0.000100       55.670480        5.420602
     483        0.000100       55.779692        5.422600
     484        0.000100       55.862158        5.424686
     485        0.000100       55.753826        5.424577
     486        0.000100       55.825770        5.425989
     487        0.000100       55.937019        5.428043
     488        0.000100       56.063634        5.430381
     489        0.000100       55.972219        5.430697
     490        0.000100       55.989928        5.431309
     491        0.000100       56.079713        5.433282
     492        0.000100       56.223228        5.435102
     493        0.000100       56.176032        5.436363
     494        0.000100       56.127967        5.435393
     495        0.000100       56.193825        5.437586
     496        0.000100       56.345598        5.438851
     497        0.000100       56.346023        5.440726
     498        0.000100       56.307946        5.440542
     499        0.000100       56.325322        5.442062
     500        0.000100       56.518035        5.444357
     501        0.000100       56.565305        5.446837
     502        0.000100       56.551896        5.447423
     503        0.000100       56.522767        5.448610
     504        0.000100       56.712033        5.450916
     505        0.000100       56.785162        5.453600
     506        0.000100       56.779038        5.454209
     507        0.000100       56.698341        5.454623
     508        0.000100       56.840623        5.456094
     509        0.000100       56.926819        5.458181
     510        0.000100       56.936407        5.458749
     511        0.000100       56.835883        5.458889
     512        0.000100       56.943794        5.460044
     513        0.000100       57.055636        5.462520
     514        0.000050       57.108442        5.463770
     515        0.000050       57.208630        5.473681
     516        0.000050       57.215870        5.474738
     517        0.000050       57.249803        5.475678
     518        0.000050       57.269920        5.476450
     519        0.000050       57.288909        5.477132
     520        0.000050       57.307537        5.477808
     521        0.000050       57.325596        5.478453
     522        0.000050       57.344112        5.479114
     523        0.000050       57.362578        5.479761
     524        0.000050       57.381491        5.480418
     525        0.000050       57.400509        5.481075
     526        0.000050       57.419834        5.481737
     527        0.000050       57.439335        5.482403
     528        0.000050       57.459031        5.483080
     529        0.000050       57.478846        5.483753
     530        0.000050       57.498820        5.484434
     531        0.000050       57.518911        5.485117
     532        0.000050       57.539090        5.485799
     533        0.000050       57.559360        5.486481
     534        0.000050       57.579685        5.487165
     535        0.000050       57.600084        5.487851
     536        0.000050       57.620532        5.488543
     537        0.000050       57.641023        5.489235
     538        0.000050       57.661548        5.489927
     539        0.000050       57.682110        5.490617
     540        0.000050       57.702672        5.491310
     541        0.000050       57.723289        5.492003
     542        0.000050       57.743900        5.492701
     543        0.000050       57.764482        5.493400
     544        0.000050       57.785045        5.494100
     545        0.000050       57.805694        5.494797
     546        0.000050       57.826167        5.495490
     547        0.000050       57.846603        5.496187
     548        0.000050       57.867251        5.496898
     549        0.000050       57.888046        5.497561
     550        0.000050       57.909359        5.498383
     551        0.000050       57.925199        5.498691
     552        0.000050       57.956149        5.500139
     553        0.000050       57.965529        5.499964
     554        0.000050       57.985153        5.501366
     555        0.000050       58.029817        5.501600
     556        0.000050       58.000611        5.502454
     557        0.000050       58.074350        5.503036
     558        0.000050       58.054501        5.503813
     559        0.000050       58.102988        5.504447
     560        0.000050       58.104377        5.505191
     561        0.000050       58.133288        5.505776
     562        0.000050       58.150379        5.506585
     563        0.000050       58.176863        5.507206
     564        0.000050       58.195152        5.508005
     565        0.000050       58.213813        5.508568
     566        0.000050       58.233810        5.509353
     567        0.000050       58.258369        5.509980
     568        0.000050       58.281890        5.510815
     569        0.000050       58.300614        5.511407
     570        0.000050       58.314988        5.512148
     571        0.000050       58.339065        5.512816
     572        0.000050       58.358258        5.513477
     573        0.000050       58.393165        5.514511
     574        0.000050       58.387893        5.514645
     575        0.000050       58.426789        5.515948
     576        0.000050       58.409476        5.515862
     577        0.000050       58.479466        5.517092
     578        0.000050       58.459222        5.517505
     579        0.000050       58.517165        5.518363
     580        0.000050       58.476899        5.518634
     581        0.000050       58.533424        5.519522
     582        0.000050       58.544348        5.520177
     583        0.000050       58.610391        5.521388
     584        0.000050       58.603099        5.521826
     585        0.000050       58.612072        5.522555
     586        0.000050       58.605302        5.522828
     587        0.000050       58.683144        5.524494
     588        0.000050       58.735641        5.525388
     589        0.000050       58.766850        5.526829
     590        0.000050       58.706213        5.526398
     591        0.000050       58.721647        5.527286
     592        0.000050       58.773289        5.527743
     593        0.000050       58.860160        5.529310
     594        0.000050       58.812096        5.529140
     595        0.000050       58.795738        5.529450
     596        0.000050       58.794095        5.529768
     597        0.000050       58.906241        5.531271
     598        0.000050       58.894115        5.531849
     599        0.000050       58.910110        5.532466
     600        0.000050       58.883405        5.532744
     601        0.000050       58.976472        5.534050
     602        0.000050       58.999221        5.534956
     603        0.000050       59.030136        5.535872
     604        0.000050       59.007151        5.536252
     605        0.000050       59.062972        5.537368
     606        0.000050       59.095830        5.538281
     607        0.000050       59.136922        5.539373
     608        0.000050       59.112516        5.539616
     609        0.000050       59.140741        5.540411
     610        0.000050       59.158954        5.540923
     611        0.000050       59.217537        5.542057
     612        0.000050       59.195935        5.542228
     613        0.000050       59.216735        5.542911
     614        0.000050       59.205650        5.543117
     615        0.000050       59.284336        5.544348
     616        0.000050       59.277680        5.544821
     617        0.000050       59.310997        5.545645
     618        0.000050       59.272967        5.545715
     619        0.000050       59.344291        5.546854
     620        0.000050       59.365965        5.547563
     621        0.000050       59.422076        5.548727
     622        0.000050       59.382622        5.548831
     623        0.000050       59.415367        5.549723
     624        0.000050       59.440084        5.550323
     625        0.000050       59.528160        5.552027
     626        0.000050       59.517678        5.552392
     627        0.000050       59.522349        5.553274
     628        0.000050       59.504487        5.553404
     629        0.000050       59.596015        5.554939
     630        0.000050       59.624540        5.555749
     631        0.000050       59.645406        5.556600
     632        0.000050       59.586238        5.556457
     633        0.000050       59.640949        5.557301
     634        0.000050       59.680254        5.558112
     635        0.000050       59.742796        5.559172
     636        0.000050       59.684419        5.559136
     637        0.000050       59.702315        5.559561
     638        0.000050       59.723629        5.560224
     639        0.000050       59.813393        5.561520
     640        0.000050       59.792197        5.561985
     641        0.000050       59.799241        5.562506
     642        0.000050       59.791105        5.562811
     643        0.000050       59.887437        5.564338
     644        0.000050       59.903475        5.564988
     645        0.000050       59.930251        5.566052
     646        0.000050       59.896636        5.566152
     647        0.000050       59.974893        5.567612
     648        0.000050       60.009762        5.568539
     649        0.000050       60.062991        5.569938
     650        0.000050       60.016053        5.570034
     651        0.000050       60.055218        5.571014
     652        0.000050       60.077919        5.571638
     653        0.000050       60.156302        5.573071
     654        0.000050       60.121029        5.573156
     655        0.000050       60.130444        5.573729
     656        0.000050       60.121812        5.573845
     657        0.000050       60.209954        5.575119
     658        0.000050       60.214010        5.575652
     659        0.000050       60.226107        5.576238
     660        0.000050       60.187756        5.576330
     661        0.000050       60.259520        5.577352
     662        0.000050       60.300284        5.578371
     663        0.000050       60.349785        5.579396
     664        0.000050       60.302618        5.579561
     665        0.000050       60.335897        5.580276
     666        0.000050       60.374287        5.581225
     667        0.000050       60.469167        5.582771
     668        0.000050       60.448205        5.583368
     669        0.000050       60.455750        5.583988
     670        0.000050       60.452385        5.584576
     671        0.000050       60.556692        5.586085
     672        0.000050       60.581241        5.587378
     673        0.000050       60.588143        5.587720
     674        0.000050       60.554229        5.588742
     675        0.000050       60.607797        5.588736
     676        0.000050       60.668995        5.590883
     677        0.000050       60.702256        5.590999
     678        0.000050       60.654265        5.591573
     679        0.000050       60.671150        5.591646
     680        0.000050       60.708070        5.592714
     681        0.000050       60.789643        5.593782
     682        0.000050       60.761545        5.594375
     683        0.000050       60.760672        5.594640
     684        0.000050       60.759026        5.595233
     685        0.000050       60.856330        5.596579
     686        0.000050       60.871988        5.597535
     687        0.000050       60.881983        5.598108
     688        0.000050       60.846572        5.598368
     689        0.000050       60.920726        5.599356
     690        0.000050       60.971600        5.600720
     691        0.000050       61.019385        5.601656
     692        0.000050       60.975785        5.602243
     693        0.000050       61.005467        5.602790
     694        0.000050       61.051081        5.604228
     695        0.000050       61.137822        5.605543
     696        0.000050       61.117605        5.606521
     697        0.000050       61.113346        5.606721
     698        0.000050       61.113802        5.607630
     699        0.000050       61.207691        5.608615
     700        0.000050       61.228361        5.609957
     701        0.000050       61.227349        5.609931
     702        0.000050       61.182590        5.610365
     703        0.000050       61.244817        5.610702
     704        0.000050       61.291537        5.612042
     705        0.000050       61.331655        5.612725
     706        0.000050       61.276884        5.612978
     707        0.000050       61.298287        5.613338
     708        0.000050       61.341493        5.614432
     709        0.000050       61.426773        5.615715
     710        0.000050       61.406365        5.616330
     711        0.000050       61.403407        5.616590
     712        0.000050       61.413237        5.617336
     713        0.000050       61.515474        5.618598
     714        0.000050       61.543238        5.620058
     715        0.000025       61.550509        5.620567
     716        0.000025       61.618203        5.623186
     717        0.000025       61.615769        5.623466
     718        0.000025       61.626933        5.623720
     719        0.000025       61.637932        5.624000
     720        0.000025       61.649340        5.624307
     721        0.000025       61.660400        5.624604
     722        0.000025       61.671353        5.624904
     723        0.000025       61.682070        5.625196
     724        0.000025       61.692626        5.625488
     725        0.000025       61.703039        5.625777
     726        0.000025       61.713302        5.626066
     727        0.000025       61.723440        5.626357
     728        0.000025       61.733394        5.626647
     729        0.000025       61.743262        5.626938
     730        0.000025       61.753002        5.627230
     731        0.000025       61.762666        5.627522
     732        0.000025       61.772208        5.627813
     733        0.000025       61.781711        5.628108
     734        0.000025       61.791109        5.628403
     735        0.000025       61.800441        5.628701
     736        0.000025       61.809732        5.628999
     737        0.000025       61.819012        5.629298
     738        0.000025       61.828252        5.629594
     739        0.000025       61.837441        5.629896
     740        0.000025       61.846644        5.630198
     741        0.000025       61.855888        5.630504
     742        0.000025       61.865121        5.630813
     743        0.000025       61.874396        5.631123
     744        0.000025       61.883646        5.631433
     745        0.000025       61.892979        5.631744
     746        0.000025       61.902241        5.632060
     747        0.000025       61.911651        5.632376
     748        0.000025       61.920983        5.632696
     749        0.000025       61.930552        5.633023
     750        0.000025       61.939856        5.633353
     751        0.000025       61.949715        5.633688
     752        0.000025       61.958573        5.634024
     753        0.000025       61.969342        5.634362
     754        0.000025       61.976542        5.634697
     755        0.000025       61.991265        5.635050
     756        0.000025       61.990497        5.635365
     757        0.000025       62.021857        5.635766
     758        0.000025       61.995006        5.636015
     759        0.000025       62.046712        5.636468
     760        0.000025       62.023765        5.636745
     761        0.000025       62.056428        5.637146
     762        0.000025       62.052620        5.637510
     763        0.000025       62.068760        5.637768
     764        0.000025       62.077469        5.638364
     765        0.000025       62.081924        5.638336
     766        0.000025       62.100503        5.639107
     767        0.000025       62.106269        5.639149
     768        0.000025       62.121153        5.639716
     769        0.000025       62.130303        5.639967
     770        0.000025       62.137728        5.640356
     771        0.000025       62.145542        5.640649
     772        0.000025       62.150352        5.640977
     773        0.000025       62.163454        5.641335
     774        0.000025       62.174710        5.641738
     775        0.000025       62.199028        5.642222
     776        0.000025       62.212897        5.642688
     777        0.000025       62.235505        5.643142
     778        0.000025       62.220756        5.643365
     779        0.000025       62.222506        5.643491
     780        0.000025       62.188702        5.643589
     781        0.000025       62.233116        5.643962
     782        0.000025       62.257479        5.644801
     783        0.000025       62.317533        5.645436
     784        0.000025       62.297505        5.645813
     785        0.000025       62.291464        5.645977
     786        0.000025       62.268784        5.645793
     787        0.000025       62.325662        5.646873
     788        0.000025       62.332806        5.646978
     789        0.000025       62.352232        5.647534
     790        0.000025       62.339968        5.647757
     791        0.000025       62.347525        5.647958
     792        0.000025       62.361470        5.648441
     793        0.000025       62.390002        5.648921
     794        0.000025       62.393901        5.649335
     795        0.000025       62.406103        5.649666
     796        0.000025       62.397338        5.649917
     797        0.000025       62.424899        5.650354
     798        0.000025       62.428377        5.650787
     799        0.000025       62.464765        5.651296
     800        0.000025       62.452362        5.651656
     801        0.000025       62.475698        5.651978
     802        0.000025       62.461538        5.652310
     803        0.000025       62.496261        5.652764
     804        0.000025       62.501264        5.653260
     805        0.000025       62.534635        5.653823
     806        0.000025       62.525006        5.654049
     807        0.000025       62.538371        5.654489
     808        0.000025       62.526855        5.654671
     809        0.000025       62.544577        5.654880
     810        0.000025       62.568655        5.655724
     811        0.000025       62.586823        5.655736
     812        0.000025       62.594547        5.656427
     813        0.000025       62.591507        5.656451
     814        0.000025       62.568049        5.656538
     815        0.000025       62.589631        5.656866
     816        0.000025       62.604202        5.657322
     817        0.000025       62.659186        5.658056
     818        0.000025       62.658178        5.658510
     819        0.000025       62.665806        5.658748
     820        0.000025       62.635867        5.658857
     821        0.000025       62.669443        5.659273
     822        0.000025       62.692472        5.659952
     823        0.000025       62.740651        5.660674
     824        0.000025       62.731049        5.661126
     825        0.000025       62.734068        5.661334
     826        0.000025       62.724241        5.661624
     827        0.000025       62.759576        5.662083
     828        0.000025       62.775761        5.662661
     829        0.000025       62.797353        5.663027
     830        0.000025       62.780260        5.663263
     831        0.000025       62.786186        5.663403
     832        0.000025       62.785612        5.663762
     833        0.000025       62.820752        5.664201
     834        0.000025       62.827825        5.664727
     835        0.000025       62.844849        5.665008
     836        0.000025       62.826866        5.665288
     837        0.000025       62.842036        5.665465
     838        0.000025       62.847260        5.665982
     839        0.000025       62.888217        5.666447
     840        0.000025       62.897516        5.667089
     841        0.000025       62.913717        5.667354
     842        0.000025       62.897180        5.667699
     843        0.000025       62.910424        5.667883
     844        0.000025       62.922344        5.668487
     845        0.000025       62.966011        5.669029
     846        0.000025       62.980921        5.669767
     847        0.000025       62.991901        5.669995
     848        0.000025       62.970052        5.670317
     849        0.000025       62.978045        5.670393
     850        0.000025       62.991690        5.671020
     851        0.000025       63.036723        5.671517
     852        0.000025       63.045982        5.672170
     853        0.000025       63.050373        5.672321
     854        0.000025       63.023870        5.672516
     855        0.000025       63.040266        5.672687
     856        0.000025       63.055571        5.673268
     857        0.000025       63.098899        5.673797
     858        0.000025       63.095219        5.674268
     859        0.000025       63.098300        5.674392
     860        0.000025       63.080415        5.674632
     861        0.000025       63.108666        5.674931
     862        0.000025       63.129439        5.675605
     863        0.000025       63.164467        5.676063
     864        0.000025       63.158168        5.676536
     865        0.000025       63.162418        5.676669
     866        0.000025       63.157288        5.677071
     867        0.000025       63.194045        5.677529
     868        0.000025       63.215663        5.678270
     869        0.000025       63.246922        5.678772
     870        0.000025       63.233389        5.679194
     871        0.000025       63.238754        5.679339
     872        0.000025       63.234144        5.679766
     873        0.000025       63.271865        5.680153
     874        0.000025       63.289304        5.680889
     875        0.000025       63.309687        5.681131
     876        0.000025       63.290541        5.681485
     877        0.000025       63.288689        5.681439
     878        0.000025       63.287655        5.681881
     879        0.000025       63.326234        5.682263
     880        0.000025       63.344495        5.682950
     881        0.000025       63.363559        5.683255
     882        0.000025       63.342440        5.683522
     883        0.000025       63.347953        5.683628
     884        0.000025       63.354242        5.684103
     885        0.000025       63.401857        5.684684
     886        0.000025       63.419582        5.685383
     887        0.000025       63.436597        5.685740
     888        0.000025       63.415250        5.686022
     889        0.000025       63.428703        5.686238
     890        0.000025       63.441931        5.686836
     891        0.000025       63.489493        5.687428
     892        0.000025       63.497326        5.688087
     893        0.000025       63.505834        5.688301
     894        0.000025       63.483384        5.688565
     895        0.000025       63.502485        5.688787
     896        0.000025       63.517994        5.689384
     897        0.000025       63.558610        5.689916
     898        0.000025       63.556221        5.690410
     899        0.000025       63.558256        5.690537
     900        0.000025       63.539912        5.690787
     901        0.000025       63.564198        5.691040
     902        0.000025       63.584149        5.691709
     903        0.000025       63.619858        5.692147
     904        0.000025       63.614335        5.692642
     905        0.000025       63.614815        5.692699
     906        0.000025       63.603021        5.693033
     907        0.000025       63.635759        5.693390
     908        0.000025       63.659024        5.694098
     909        0.000025       63.696919        5.694653
     910        0.000025       63.685259        5.695041
     911        0.000025       63.690881        5.695268
     912        0.000025       63.680906        5.695557
     913        0.000025       63.724392        5.696146
     914        0.000025       63.745306        5.696825
     915        0.000025       63.779104        5.697418
     916        0.000013       63.759548        5.697734
     917        0.000013       63.703646        5.693062
     918        0.000013       63.695930        5.692973
     919        0.000013       63.700684        5.693213
     920        0.000013       63.707886        5.693475
     921        0.000013       63.713946        5.693718
     922        0.000013       63.719609        5.693946
     923        0.000013       63.724884        5.694161
     924        0.000013       63.729905        5.694370
     925        0.000013       63.734710        5.694571
     926        0.000013       63.739405        5.694770
     927        0.000013       63.744011        5.694965
     928        0.000013       63.748575        5.695155
     929        0.000013       63.753128        5.695342
     930        0.000013       63.757668        5.695534
     931        0.000013       63.762207        5.695716
     932        0.000013       63.766773        5.695905
     933        0.000013       63.771360        5.696091
     934        0.000013       63.775959        5.696276
     935        0.000013       63.780627        5.696463
     936        0.000013       63.785294        5.696649
     937        0.000013       63.789985        5.696834
     938        0.000013       63.794682        5.697017
     939        0.000013       63.799423        5.697203
     940        0.000013       63.804162        5.697387
     941        0.000013       63.808928        5.697572
     942        0.000013       63.813695        5.697757
     943        0.000013       63.818476        5.697941
     944        0.000013       63.823286        5.698126
     945        0.000013       63.828120        5.698311
     946        0.000013       63.832956        5.698494
     947        0.000013       63.837810        5.698679
     948        0.000013       63.842670        5.698861
     949        0.000013       63.847528        5.699045
     950        0.000013       63.852415        5.699228
     951        0.000013       63.857276        5.699409
     952        0.000013       63.862204        5.699592
     953        0.000013       63.867030        5.699776
     954        0.000013       63.872140        5.699960
     955        0.000013       63.876742        5.700145
     956        0.000013       63.882459        5.700333
     957        0.000013       63.885740        5.700510
     958        0.000013       63.894284        5.700704
     959        0.000013       63.891090        5.700865
     960        0.000013       63.913217        5.701115
     961        0.000013       63.894369        5.701194
     962        0.000013       63.920112        5.701456
     963        0.000013       63.912148        5.701609
     964        0.000013       63.925746        5.701830
     965        0.000013       63.924990        5.701977
     966        0.000013       63.933540        5.702171
     967        0.000013       63.937310        5.702390
     968        0.000013       63.941948        5.702499
     969        0.000013       63.948837        5.702788
     970        0.000013       63.951966        5.702873
     971        0.000013       63.958693        5.703139
     972        0.000013       63.962773        5.703267
     973        0.000013       63.968630        5.703505
     974        0.000013       63.973470        5.703646
     975        0.000013       63.978679        5.703878
     976        0.000013       63.984303        5.704031
     977        0.000013       63.988640        5.704253
     978        0.000013       63.995502        5.704414
     979        0.000013       63.998123        5.704633
     980        0.000013       64.007557        5.704803
     981        0.000013       64.006480        5.705009
     982        0.000013       64.021042        5.705192
     983        0.000013       64.014223        5.705385
     984        0.000013       64.033312        5.705588
     985        0.000013       64.025254        5.705758
     986        0.000013       64.042552        5.705992
     987        0.000013       64.037316        5.706114
     988        0.000013       64.052970        5.706424
     989        0.000013       64.047680        5.706446
     990        0.000013       64.063810        5.706835
     991        0.000013       64.059897        5.706860
     992        0.000013       64.072366        5.707161
     993        0.000013       64.072741        5.707300
     994        0.000013       64.082040        5.707514
     995        0.000013       64.084378        5.707715
     996        0.000013       64.092672        5.707886
     997        0.000013       64.095739        5.708131
     998        0.000013       64.103625        5.708250
     999        0.000013       64.107009        5.708560
    1000        0.000013       64.115402        5.708629
    1001        0.000013       64.116655        5.708945
    1002        0.000013       64.128783        5.709057
    1003        0.000013       64.126109        5.709308
    1004        0.000013       64.140729        5.709469
    1005        0.000013       64.137616        5.709695
    1006        0.000013       64.150747        5.709857
    1007        0.000013       64.150072        5.710097
    1008        0.000013       64.160614        5.710236
    1009        0.000013       64.162170        5.710495
    1010        0.000013       64.171023        5.710623
    1011        0.000013       64.173343        5.710875
    1012        0.000013       64.182416        5.711027
    1013        0.000013       64.183977        5.711245
    1014        0.000013       64.194526        5.711443
    1015        0.000013       64.194497        5.711619
    1016        0.000013       64.207170        5.711864
    1017        0.000013       64.205017        5.711996
    1018        0.000013       64.220294        5.712292
    1019        0.000013       64.216425        5.712405
    1020        0.000013       64.232459        5.712686
    1021        0.000013       64.229826        5.712880
    1022        0.000013       64.242353        5.713015
    1023        0.000013       64.244692        5.713383
    1024        0.000013       64.252743        5.713391
    1025        0.000013       64.254204        5.713713
    1026        0.000013       64.265980        5.713870
    1027        0.000013       64.263255        5.714026
    1028        0.000013       64.276251        5.714259
    1029        0.000013       64.274253        5.714400
    1030        0.000013       64.286360        5.714624
    1031        0.000013       64.285308        5.714775
    1032        0.000013       64.296510        5.714965
    1033        0.000013       64.296960        5.715178
    1034        0.000013       64.307264        5.715331
    1035        0.000013       64.307768        5.715561
    1036        0.000013       64.319807        5.715742
    1037        0.000013       64.319335        5.715953
    1038        0.000013       64.335641        5.716228
    1039        0.000013       64.333896        5.716393
    1040        0.000013       64.354061        5.716763
    1041        0.000013       64.350199        5.716880
    1042        0.000013       64.368448        5.717234
    1043        0.000013       64.361365        5.717319
    1044        0.000013       64.373017        5.717554
    1045        0.000013       64.364966        5.717628
    1046        0.000013       64.375146        5.717807
    1047        0.000013       64.372641        5.717931
    1048        0.000013       64.390080        5.718173
    1049        0.000013       64.398881        5.718422
    1050        0.000013       64.420139        5.718728
    1051        0.000013       64.414109        5.718874
    1052        0.000013       64.409636        5.718939
    1053        0.000013       64.395676        5.718985
    1054        0.000013       64.410561        5.719194
    1055        0.000013       64.422826        5.719516
    1056        0.000013       64.446449        5.719846
    1057        0.000013       64.446211        5.720097
    1058        0.000013       64.453968        5.720265
    1059        0.000013       64.449294        5.720447
    1060        0.000013       64.463055        5.720637
    1061        0.000013       64.466144        5.720885
    1062        0.000013       64.482244        5.721107
    1063        0.000013       64.481693        5.721325
    1064        0.000013       64.491314        5.721482
    1065        0.000013       64.487914        5.721663
    1066        0.000013       64.498517        5.721811
    1067        0.000013       64.499533        5.722041
    1068        0.000013       64.512763        5.722210
    1069        0.000013       64.513987        5.722454
    1070        0.000013       64.524342        5.722608
    1071        0.000013       64.521979        5.722806
    1072        0.000013       64.532384        5.722975
    1073        0.000013       64.530557        5.723140
    1074        0.000013       64.547472        5.723425
    1075        0.000013       64.545899        5.723556
    1076        0.000013       64.565641        5.723920
    1077        0.000013       64.559063        5.723978
    1078        0.000013       64.574428        5.724299
    1079        0.000013       64.566967        5.724363
    1080        0.000013       64.582162        5.724639
    1081        0.000013       64.581909        5.724810
    1082        0.000013       64.601555        5.725109
    1083        0.000013       64.605355        5.725356
    1084        0.000013       64.619510        5.725586
    1085        0.000013       64.614943        5.725780
    1086        0.000013       64.617370        5.725837
    1087        0.000013       64.612062        5.726031
    1088        0.000013       64.621342        5.726111
    1089        0.000013       64.630056        5.726441
    1090        0.000013       64.651851        5.726679
    1091        0.000013       64.657020        5.726977
    1092        0.000013       64.663396        5.727132
    1093        0.000013       64.647273        5.727136
    1094        0.000013       64.655526        5.727336
    1095        0.000013       64.651789        5.727398
    1096        0.000013       64.679859        5.727823
    1097        0.000013       64.683308        5.728012
    1098        0.000013       64.699870        5.728337
    1099        0.000013       64.690431        5.728433
    1100        0.000013       64.700307        5.728637
    1101        0.000013       64.698794        5.728797
    1102        0.000013       64.719571        5.729102
    1103        0.000013       64.724805        5.729353
    1104        0.000013       64.741987        5.729653
    1105        0.000013       64.737296        5.729808
    1106        0.000013       64.745870        5.729996
    1107        0.000013       64.740966        5.730124
    1108        0.000013       64.755476        5.730342
    1109        0.000013       64.758176        5.730550
    1110        0.000013       64.774590        5.730788
    1111        0.000013       64.773279        5.730985
    1112        0.000013       64.780373        5.731112
    1113        0.000013       64.773935        5.731265
    1114        0.000013       64.782055        5.731376
    1115        0.000013       64.784231        5.731619
    1116        0.000013       64.801893        5.731853
    1117        0.000006       64.809048        5.732172
    1118        0.000006       64.786026        5.731929
    1119        0.000006       64.791105        5.732040
    1120        0.000006       64.791250        5.732114
    1121        0.000006       64.792037        5.732187
    1122        0.000006       64.792998        5.732259
    1123        0.000006       64.794242        5.732334
    1124        0.000006       64.795722        5.732411
    1125        0.000006       64.797355        5.732490
    1126        0.000006       64.799168        5.732573
    1127        0.000006       64.801089        5.732657
    1128        0.000006       64.803132        5.732746
    1129        0.000006       64.805272        5.732834
    1130        0.000006       64.807499        5.732924
    1131        0.000006       64.809785        5.733018
    1132        0.000006       64.812151        5.733112
    1133        0.000006       64.814585        5.733207
    1134        0.000006       64.817080        5.733302
    1135        0.000006       64.819626        5.733402
    1136        0.000006       64.822223        5.733497
    1137        0.000006       64.824866        5.733600
    1138        0.000006       64.827560        5.733699
    1139        0.000006       64.830270        5.733799
    1140        0.000006       64.833030        5.733901
    1141        0.000006       64.835826        5.734004
    1142        0.000006       64.838652        5.734106
    1143        0.000006       64.841503        5.734210
    1144        0.000006       64.844392        5.734315
    1145        0.000006       64.847285        5.734417
    1146        0.000006       64.850204        5.734524
    1147        0.000006       64.853161        5.734628
    1148        0.000006       64.856132        5.734734
    1149        0.000006       64.859129        5.734841
    1150        0.000006       64.862148        5.734946
    1151        0.000006       64.865152        5.735052
    1152        0.000006       64.868221        5.735161
    1153        0.000006       64.871254        5.735266
    1154        0.000006       64.874375        5.735374
    1155        0.000006       64.877407        5.735479
    1156        0.000006       64.880610        5.735587
    1157        0.000006       64.883565        5.735696
    1158        0.000006       64.886992        5.735803
    1159        0.000006       64.889573        5.735911
    1160        0.000006       64.893823        5.736021
    1161        0.000006       64.894721        5.736124
    1162        0.000006       64.902533        5.736245
    1163        0.000006       64.897485        5.736328
    1164        0.000006       64.911080        5.736467
    1165        0.000006       64.905296        5.736551
    1166        0.000006       64.914466        5.736675
    1167        0.000006       64.914372        5.736780
    1168        0.000006       64.918640        5.736866
    1169        0.000006       64.922568        5.737025
    1170        0.000006       64.924396        5.737075
    1171        0.000006       64.928812        5.737230
    1172        0.000006       64.931381        5.737306
    1173        0.000006       64.934911        5.737438
    1174        0.000006       64.938055        5.737532
    1175        0.000006       64.941288        5.737651
    1176        0.000006       64.944664        5.737749
    1177        0.000006       64.947699        5.737869
    1178        0.000006       64.951346        5.737969
    1179        0.000006       64.954011        5.738085
    1180        0.000006       64.958246        5.738190
    1181        0.000006       64.960133        5.738300
    1182        0.000006       64.965599        5.738413
    1183        0.000006       64.965710        5.738516
    1184        0.000006       64.973684        5.738639
    1185        0.000006       64.970779        5.738724
    1186        0.000006       64.981596        5.738870
    1187        0.000006       64.977274        5.738938
    1188        0.000006       64.987459        5.739088
    1189        0.000006       64.985628        5.739172
    1190        0.000006       64.991790        5.739272
    1191        0.000006       64.995093        5.739442
    1192        0.000006       64.996417        5.739444
    1193        0.000006       65.001187        5.739643
    1194        0.000006       65.004651        5.739710
    1195        0.000006       65.006568        5.739825
    1196        0.000006       65.011627        5.739940
    1197        0.000006       65.013107        5.740040
    1198        0.000006       65.018308        5.740157
    1199        0.000006       65.019673        5.740262
    1200        0.000006       65.025312        5.740373
    1201        0.000006       65.026088        5.740481
    1202        0.000006       65.032719        5.740595
    1203        0.000006       65.032331        5.740698
    1204        0.000006       65.040468        5.740822
    1205        0.000006       65.038669        5.740916
    1206        0.000006       65.047940        5.741052
    1207        0.000006       65.045699        5.741135
    1208        0.000006       65.054651        5.741273
    1209        0.000006       65.053237        5.741357
    1210        0.000006       65.060543        5.741482
    1211        0.000006       65.061359        5.741596
    1212        0.000006       65.064980        5.741652
    1213        0.000006       65.068979        5.741842
    1214        0.000006       65.071019        5.741857
    1215        0.000006       65.073125        5.741999
    1216        0.000006       65.078488        5.742101
    1217        0.000006       65.078794        5.742196
    1218        0.000006       65.085094        5.742316
    1219        0.000006       65.085374        5.742414
    1220        0.000006       65.092297        5.742536
    1221        0.000006       65.092450        5.742641
    1222        0.000006       65.100311        5.742765
    1223        0.000006       65.100223        5.742877
    1224        0.000006       65.108791        5.743004
    1225        0.000006       65.108457        5.743115
    1226        0.000006       65.116860        5.743238
    1227        0.000006       65.116426        5.743340
    1228        0.000006       65.123729        5.743453
    1229        0.000006       65.123138        5.743545
    1230        0.000006       65.129145        5.743644
    1231        0.000006       65.128413        5.743730
    1232        0.000006       65.133644        5.743826
    1233        0.000006       65.133113        5.743913
    1234        0.000006       65.138275        5.744016
    1235        0.000006       65.138330        5.744115
    1236        0.000006       65.144218        5.744228
    1237        0.000006       65.145021        5.744347
    1238        0.000006       65.151768        5.744464
    1239        0.000006       65.152968        5.744593
    1240        0.000006       65.160604        5.744712
    1241        0.000006       65.161414        5.744839
    1242        0.000006       65.169245        5.744954
    1243        0.000006       65.169242        5.745059
    1244        0.000006       65.176768        5.745168
    1245        0.000006       65.176182        5.745262
    1246        0.000006       65.183209        5.745369
    1247        0.000006       65.182671        5.745464
    1248        0.000006       65.189209        5.745567
    1249        0.000006       65.188809        5.745668
    1250        0.000006       65.195155        5.745773
    1251        0.000006       65.195071        5.745878
    1252        0.000006       65.201119        5.745978
    1253        0.000006       65.201310        5.746092
    1254        0.000006       65.207729        5.746199
    1255        0.000006       65.207697        5.746305
    1256        0.000006       65.214814        5.746423
    1257        0.000006       65.214100        5.746514
    1258        0.000006       65.222545        5.746658
    1259        0.000006       65.220568        5.746719
    1260        0.000006       65.230343        5.746893
    1261        0.000006       65.227794        5.746939
    1262        0.000006       65.237612        5.747112
    1263        0.000006       65.235644        5.747167
    1264        0.000006       65.244637        5.747324
    1265        0.000006       65.243146        5.747392
    1266        0.000006       65.251547        5.747539
    1267        0.000006       65.250126        5.747604
    1268        0.000006       65.258126        5.747747
    1269        0.000006       65.256756        5.747817
    1270        0.000006       65.264385        5.747956
    1271        0.000006       65.263016        5.748023
    1272        0.000006       65.270076        5.748153
    1273        0.000006       65.269672        5.748245
    1274        0.000006       65.275245        5.748335
    1275        0.000006       65.276530        5.748477
    1276        0.000006       65.280789        5.748524
    1277        0.000006       65.282521        5.748681
    1278        0.000006       65.288042        5.748758
    1279        0.000006       65.288745        5.748885
    1280        0.000006       65.295840        5.748993
    1281        0.000006       65.296283        5.749107
    1282        0.000006       65.304035        5.749230
    1283        0.000006       65.304700        5.749345
    1284        0.000006       65.312302        5.749463
    1285        0.000006       65.312668        5.749571
    1286        0.000006       65.320106        5.749691
    1287        0.000006       65.320346        5.749792
    1288        0.000006       65.326859        5.749890
    1289        0.000006       65.327251        5.750000
