       0        0.000100     3624.917542       59.771408
       1        0.000100     2892.883046       53.324600
       2        0.000100     2061.976140       44.884022
       3        0.000100     1275.659492       35.043060
       4        0.000100      668.061657       24.851595
       5        0.000100      299.103430       15.753355
       6        0.000100      131.430326        9.750026
       7        0.000100       75.226290        7.090878
       8        0.000100       58.752888        6.151639
       9        0.000100       51.476125        5.714620
      10        0.000100       45.793876        5.369059
      11        0.000100       40.560037        5.038416
      12        0.000100       35.699596        4.714087
      13        0.000100       31.237942        4.397036
      14        0.000100       27.192530        4.090544
      15        0.000100       23.566133        3.795998
      16        0.000100       20.348353        3.515734
      17        0.000100       17.518337        3.251566
      18        0.000100       15.047990        3.003790
      19        0.000100       12.905285        2.772052
      20        0.000100       11.057323        2.556065
      21        0.000100        9.472503        2.357249
      22        0.000100        8.121507        2.174658
      23        0.000100        6.977479        2.007532
      24        0.000100        6.015395        1.856265
      25        0.000100        5.211450        1.720961
      26        0.000100        4.542768        1.602977
      27        0.000100        3.987614        1.499577
      28        0.000100        3.525919        1.409389
      29        0.000100        3.139840        1.330305
      30        0.000100        2.814254        1.260153
      31        0.000100        2.536848        1.197144
      32        0.000100        2.297998        1.140929
      33        0.000100        2.090417        1.089311
      34        0.000100        1.908709        1.041358
      35        0.000100        1.748888        0.997212
      36        0.000100        1.607967        0.956350
      37        0.000100        1.483602        0.918801
      38        0.000100        1.373843        0.884194
      39        0.000100        1.276974        0.852432
      40        0.000100        1.191430        0.823085
      41        0.000100        1.115786        0.795989
      42        0.000100        1.048730        0.771022
      43        0.000100        0.989102        0.747982
      44        0.000100        0.936004        0.726651
      45        0.000100        0.888321        0.707199
      46        0.000100        0.845391        0.689205
      47        0.000100        0.806398        0.672215
      48        0.000100        0.770726        0.656282
      49        0.000100        0.734992        0.640130
      50        0.000100        0.701086        0.624053
      51        0.000100        0.672473        0.609983
      52        0.000100        0.646892        0.596979
      53        0.000100        0.622739        0.584387
      54        0.000100        0.598360        0.571212
      55        0.000100        0.577143        0.560009
      56        0.000100        0.557387        0.549292
      57        0.000100        0.539364        0.539180
      58        0.000100        0.522199        0.529296
      59        0.000100        0.505837        0.519938
      60        0.000100        0.491388        0.511490
      61        0.000100        0.478095        0.503540
      62        0.000100        0.464980        0.495637
      63        0.000100        0.453379        0.488385
      64        0.000100        0.442043        0.481265
      65        0.000100        0.431747        0.474735
      66        0.000100        0.421988        0.468466
      67        0.000100        0.413334        0.462652
      68        0.000100        0.405335        0.457177
      69        0.000100        0.397638        0.451967
      70        0.000100        0.390826        0.447152
      71        0.000100        0.384723        0.442727
      72        0.000100        0.379143        0.438626
      73        0.000100        0.373809        0.434693
      74        0.000100        0.369006        0.431097
      75        0.000100        0.364499        0.427676
      76        0.000100        0.360409        0.424497
      77        0.000100        0.356698        0.421675
      78        0.000100        0.353254        0.418957
      79        0.000100        0.350057        0.416477
      80        0.000100        0.346917        0.414131
      81        0.000100        0.344240        0.411992
      82        0.000100        0.341994        0.410208
      83        0.000100        0.339731        0.408248
      84        0.000100        0.337607        0.406496
      85        0.000100        0.335519        0.404632
      86        0.000100        0.333707        0.403077
      87        0.000100        0.331946        0.401370
      88        0.000100        0.330393        0.400018
      89        0.000100        0.328974        0.398486
      90        0.000100        0.327452        0.397217
      91        0.000100        0.326377        0.395955
      92        0.000100        0.325048        0.394785
      93        0.000100        0.323947        0.393483
      94        0.000100        0.323128        0.392520
      95        0.000100        0.321886        0.391321
      96        0.000100        0.321415        0.390494
      97        0.000100        0.320730        0.389435
      98        0.000100        0.320356        0.388656
      99        0.000100        0.319318        0.387677
     100        0.000100        0.319178        0.386884
     101        0.000100        0.317635        0.385993
     102        0.000100        0.317196        0.385370
     103        0.000100        0.316142        0.384478
     104        0.000100        0.316103        0.383826
     105        0.000100        0.315624        0.383093
     106        0.000100        0.315993        0.382626
     107        0.000100        0.315450        0.381826
     108        0.000100        0.315799        0.381408
     109        0.000100        0.314856        0.380678
     110        0.000100        0.315319        0.380231
     111        0.000100        0.314358        0.379478
     112        0.000100        0.314391        0.378968
     113        0.000100        0.313831        0.378362
     114        0.000100        0.313582        0.377835
     115        0.000100        0.312548        0.377205
     116        0.000100        0.313075        0.376729
     117        0.000100        0.312377        0.376208
     118        0.000100        0.312751        0.375817
     119        0.000100        0.312196        0.375250
     120        0.000100        0.312428        0.374847
     121        0.000100        0.311916        0.374406
     122        0.000100        0.312191        0.373980
     123        0.000100        0.311541        0.373470
     124        0.000100        0.312320        0.373180
     125        0.000100        0.311467        0.372600
     126        0.000100        0.312243        0.372433
     127        0.000100        0.311293        0.371820
     128        0.000100        0.311764        0.371638
     129        0.000100        0.310865        0.371069
     130        0.000100        0.311549        0.370909
     131        0.000100        0.310641        0.370370
     132        0.000100        0.311767        0.370369
     133        0.000100        0.311126        0.369833
     134        0.000100        0.311437        0.369681
     135        0.000100        0.310595        0.369240
     136        0.000100        0.310865        0.369143
     137        0.000100        0.310263        0.368755
     138        0.000100        0.311799        0.368725
     139        0.000100        0.311703        0.368438
     140        0.000100        0.312202        0.368329
     141        0.000100        0.311239        0.367853
     142        0.000100        0.311490        0.367731
     143        0.000100        0.310946        0.367420
     144        0.000100        0.312366        0.367420
     145        0.000100        0.311874        0.367000
     146        0.000100        0.312956        0.367121
     147        0.000100        0.312253        0.366783
     148        0.000100        0.312893        0.366748
     149        0.000100        0.312210        0.366451
     150        0.000100        0.313361        0.366404
     151        0.000100        0.313015        0.366096
     152        0.000100        0.314053        0.366131
     153        0.000100        0.313804        0.365903
     154        0.000100        0.314369        0.365799
     155        0.000100        0.313395        0.365313
     156        0.000100        0.314020        0.365286
     157        0.000100        0.313998        0.365002
     158        0.000100        0.314880        0.365116
     159        0.000100        0.315282        0.364891
     160        0.000100        0.316254        0.364990
     161        0.000100        0.315253        0.364404
     162        0.000100        0.316852        0.364575
     163        0.000100        0.316731        0.364214
     164        0.000100        0.316886        0.364317
     165        0.000100        0.316211        0.363883
     166        0.000100        0.316297        0.364006
     167        0.000100        0.315799        0.363910
     168        0.000100        0.318279        0.364083
     169        0.000100        0.318772        0.363864
     170        0.000100        0.319540        0.363822
     171        0.000100        0.319007        0.363703
     172        0.000100        0.319397        0.363664
     173        0.000100        0.318662        0.363466
     174        0.000100        0.320229        0.363566
     175        0.000100        0.320104        0.363231
     176        0.000100        0.320864        0.363234
     177        0.000100        0.320658        0.363055
     178        0.000100        0.321489        0.363167
     179        0.000100        0.320976        0.362918
     180        0.000100        0.322808        0.363069
     181        0.000100        0.322854        0.362808
     182        0.000100        0.323456        0.362972
     183        0.000100        0.322573        0.362637
     184        0.000100        0.323670        0.363034
     185        0.000100        0.322980        0.362809
     186        0.000100        0.324882        0.362805
     187        0.000100        0.324998        0.362473
     188        0.000100        0.325918        0.362730
     189        0.000100        0.324961        0.362475
     190        0.000100        0.325411        0.362528
     191        0.000100        0.324312        0.362120
     192        0.000100        0.326331        0.362447
     193        0.000100        0.326883        0.362357
     194        0.000100        0.327954        0.362512
     195        0.000100        0.327302        0.362351
     196        0.000100        0.327755        0.362193
     197        0.000100        0.326852        0.362067
     198        0.000100        0.328386        0.362164
     199        0.000100        0.328559        0.362259
     200        0.000100        0.330091        0.362543
     201        0.000100        0.329374        0.362033
     202        0.000100        0.330244        0.362054
     203        0.000100        0.329666        0.362028
     204        0.000100        0.330348        0.361945
     205        0.000100        0.330015        0.361912
     206        0.000100        0.331005        0.361997
     207        0.000100        0.331081        0.361934
     208        0.000100        0.332283        0.361888
     209        0.000100        0.331721        0.361710
     210        0.000100        0.333040        0.361930
     211        0.000100        0.332783        0.361806
     212        0.000100        0.333154        0.361700
     213        0.000100        0.332735        0.361641
     214        0.000100        0.334948        0.361917
     215        0.000100        0.333889        0.361776
     216        0.000100        0.335651        0.361948
     217        0.000100        0.334759        0.361662
     218        0.000100        0.335304        0.361840
     219        0.000100        0.334677        0.361470
     220        0.000100        0.335580        0.361735
     221        0.000100        0.334946        0.361565
     222        0.000100        0.336128        0.361492
     223        0.000100        0.336255        0.361341
     224        0.000100        0.337250        0.361784
     225        0.000100        0.336609        0.361542
     226        0.000100        0.338134        0.361843
     227        0.000100        0.336493        0.361503
     228        0.000100        0.338295        0.361714
     229        0.000100        0.338617        0.361540
     230        0.000100        0.338909        0.361682
     231        0.000100        0.337114        0.361352
     232        0.000100        0.337025        0.361389
     233        0.000100        0.336308        0.361126
     234        0.000100        0.338870        0.361347
     235        0.000100        0.339662        0.361464
     236        0.000100        0.339360        0.361488
     237        0.000100        0.338061        0.360984
     238        0.000100        0.337854        0.361170
     239        0.000100        0.336986        0.361095
     240        0.000100        0.338818        0.361318
     241        0.000100        0.338849        0.361117
     242        0.000100        0.339950        0.361027
     243        0.000100        0.339729        0.360911
     244        0.000100        0.339243        0.361062
     245        0.000100        0.337331        0.360992
     246        0.000100        0.338428        0.361085
     247        0.000100        0.338654        0.360877
     248        0.000100        0.339612        0.361036
     249        0.000100        0.339153        0.360984
     250        0.000100        0.339842        0.360959
     251        0.000100        0.337605        0.360864
     252        0.000100        0.338157        0.360820
     253        0.000100        0.338709        0.360825
     254        0.000100        0.340102        0.360861
     255        0.000100        0.339888        0.361094
     256        0.000100        0.339976        0.360967
     257        0.000100        0.337584        0.360672
     258        0.000100        0.338630        0.360906
     259        0.000100        0.339096        0.360857
     260        0.000100        0.340430        0.361092
     261        0.000100        0.339674        0.360924
     262        0.000100        0.339539        0.360923
     263        0.000100        0.338402        0.360774
     264        0.000100        0.339648        0.360900
     265        0.000100        0.339483        0.360685
     266        0.000100        0.340831        0.360834
     267        0.000100        0.339715        0.360919
     268        0.000100        0.339466        0.360747
     269        0.000100        0.339032        0.360623
     270        0.000100        0.340102        0.360739
     271        0.000100        0.338573        0.360540
     272        0.000100        0.340059        0.360634
     273        0.000100        0.338549        0.360495
     274        0.000100        0.340017        0.360727
     275        0.000100        0.339306        0.360560
     276        0.000100        0.339281        0.360559
     277        0.000100        0.337662        0.360341
     278        0.000100        0.339868        0.360728
     279        0.000100        0.339698        0.360738
     280        0.000100        0.340722        0.360873
     281        0.000100        0.338775        0.360481
     282        0.000100        0.339354        0.360749
     283        0.000100        0.339029        0.360744
     284        0.000100        0.341187        0.361090
     285        0.000100        0.340367        0.360788
     286        0.000100        0.340382        0.360777
     287        0.000100        0.339697        0.360883
     288        0.000100        0.340654        0.361018
     289        0.000100        0.340485        0.360859
     290        0.000100        0.340094        0.360828
     291        0.000100        0.339428        0.360690
     292        0.000100        0.341579        0.361009
     293        0.000100        0.341797        0.360991
     294        0.000100        0.341135        0.360892
     295        0.000100        0.339298        0.360758
     296        0.000100        0.342036        0.360936
     297        0.000100        0.341938        0.360873
     298        0.000100        0.341326        0.360835
     299        0.000100        0.339885        0.360564
     300        0.000100        0.341197        0.360883
     301        0.000100        0.340692        0.360874
     302        0.000100        0.340457        0.360657
     303        0.000100        0.340169        0.360666
     304        0.000100        0.341500        0.360844
     305        0.000100        0.341677        0.360770
     306        0.000100        0.341797        0.360873
     307        0.000100        0.339032        0.360620
     308        0.000100        0.340454        0.360927
     309        0.000100        0.342868        0.361055
     310        0.000100        0.344141        0.361228
     311        0.000100        0.342596        0.361132
     312        0.000100        0.340980        0.361173
     313        0.000100        0.340484        0.361277
     314        0.000100        0.342769        0.361431
     315        0.000100        0.341705        0.361323
     316        0.000100        0.342691        0.361379
     317        0.000100        0.342592        0.361389
     318        0.000100        0.343762        0.361674
     319        0.000100        0.343074        0.361515
     320        0.000100        0.342165        0.361353
     321        0.000100        0.340582        0.361270
     322        0.000100        0.343440        0.361546
     323        0.000100        0.343852        0.361458
     324        0.000100        0.343609        0.361483
     325        0.000100        0.342483        0.361199
     326        0.000100        0.344192        0.361420
     327        0.000100        0.343467        0.361444
     328        0.000100        0.343503        0.361374
     329        0.000100        0.343753        0.361144
     330        0.000100        0.345715        0.361509
     331        0.000100        0.344821        0.361341
     332        0.000100        0.346381        0.361554
     333        0.000100        0.344089        0.361485
     334        0.000100        0.344355        0.361452
     335        0.000100        0.346762        0.361817
     336        0.000100        0.348144        0.361820
     337        0.000100        0.347930        0.361745
     338        0.000100        0.346967        0.361870
     339        0.000100        0.343995        0.361670
     340        0.000100        0.344782        0.361784
     341        0.000100        0.345763        0.361879
     342        0.000100        0.350087        0.362222
     343        0.000100        0.348761        0.361862
     344        0.000100        0.348662        0.362010
     345        0.000100        0.348614        0.361854
     346        0.000100        0.350267        0.362153
     347        0.000100        0.350598        0.362061
     348        0.000100        0.350501        0.361966
     349        0.000100        0.350937        0.361787
     350        0.000100        0.351291        0.362266
     351        0.000100        0.351685        0.361763
     352        0.000100        0.350851        0.361897
     353        0.000100        0.350249        0.361571
     354        0.000100        0.351473        0.361808
     355        0.000100        0.352636        0.361753
     356        0.000100        0.353363        0.362030
     357        0.000100        0.351333        0.361556
     358        0.000100        0.351698        0.361852
     359        0.000100        0.353002        0.361646
     360        0.000100        0.354021        0.361971
     361        0.000100        0.354059        0.361642
     362        0.000100        0.353867        0.362071
     363        0.000100        0.353374        0.361591
     364        0.000100        0.354551        0.362219
     365        0.000100        0.355758        0.361955
     366        0.000100        0.354048        0.362146
     367        0.000100        0.353785        0.361900
     368        0.000100        0.355030        0.362338
     369        0.000100        0.356056        0.362171
     370        0.000100        0.356652        0.362406
     371        0.000100        0.356514        0.362195
     372        0.000100        0.355640        0.362251
     373        0.000100        0.357035        0.362422
     374        0.000100        0.357407        0.362457
     375        0.000100        0.358144        0.362387
     376        0.000100        0.357169        0.362453
     377        0.000100        0.357887        0.362430
     378        0.000100        0.359414        0.362715
     379        0.000100        0.359044        0.362369
     380        0.000100        0.358646        0.362640
     381        0.000100        0.359509        0.362354
     382        0.000100        0.359590        0.362858
     383        0.000100        0.361106        0.362695
     384        0.000100        0.361120        0.362884
     385        0.000100        0.360789        0.362661
     386        0.000100        0.360415        0.362782
     387        0.000100        0.362275        0.362785
     388        0.000100        0.362093        0.363084
     389        0.000100        0.362159        0.362762
     390        0.000100        0.361771        0.362894
     391        0.000100        0.362869        0.363006
     392        0.000100        0.364111        0.363266
     393        0.000100        0.364484        0.363094
     394        0.000100        0.363029        0.363262
     395        0.000100        0.363886        0.363018
     396        0.000100        0.363409        0.363359
     397        0.000100        0.365001        0.363390
     398        0.000100        0.365649        0.363514
     399        0.000100        0.365985        0.363440
     400        0.000100        0.365899        0.363692
     401        0.000100        0.366889        0.363480
     402        0.000100        0.366715        0.363881
     403        0.000100        0.368416        0.363779
     404        0.000100        0.367831        0.363922
     405        0.000100        0.367528        0.363683
     406        0.000100        0.367878        0.364006
     407        0.000100        0.368704        0.363769
     408        0.000100        0.368437        0.363983
     409        0.000100        0.370434        0.363929
     410        0.000100        0.369641        0.364119
     411        0.000100        0.369568        0.363818
     412        0.000100        0.369826        0.364100
     413        0.000100        0.371625        0.364038
     414        0.000100        0.372864        0.364244
     415        0.000100        0.373258        0.363965
     416        0.000100        0.372300        0.364304
     417        0.000100        0.373697        0.364265
     418        0.000100        0.373784        0.364582
     419        0.000100        0.374803        0.364443
     420        0.000100        0.375300        0.364677
     421        0.000100        0.374713        0.364288
     422        0.000100        0.376371        0.364830
     423        0.000100        0.377153        0.364791
     424        0.000100        0.378410        0.365031
     425        0.000100        0.376405        0.364796
     426        0.000100        0.379919        0.365191
     427        0.000100        0.378938        0.365000
     428        0.000100        0.380641        0.365245
     429        0.000100        0.380270        0.365127
     430        0.000100        0.382234        0.365321
     431        0.000100        0.382486        0.365185
     432        0.000100        0.383450        0.365293
     433        0.000100        0.382760        0.365101
     434        0.000100        0.386041        0.365360
     435        0.000100        0.384594        0.365140
     436        0.000100        0.385892        0.365363
     437        0.000100        0.385848        0.365193
     438        0.000100        0.386187        0.365300
     439        0.000100        0.385982        0.365121
     440        0.000100        0.388493        0.365311
     441        0.000100        0.388315        0.365341
     442        0.000100        0.391164        0.365506
     443        0.000100        0.389532        0.365328
     444        0.000100        0.391127        0.365580
     445        0.000100        0.391254        0.365412
     446        0.000100        0.393302        0.365657
     447        0.000100        0.391963        0.365433
     448        0.000100        0.395142        0.365703
     449        0.000100        0.394296        0.365812
     450        0.000100        0.396498        0.365943
     451        0.000100        0.396000        0.365847
     452        0.000100        0.396905        0.365835
     453        0.000100        0.396038        0.365780
     454        0.000100        0.399329        0.366313
     455        0.000100        0.398243        0.366113
     456        0.000100        0.400162        0.366424
     457        0.000100        0.398300        0.365992
     458        0.000100        0.400830        0.366364
     459        0.000100        0.401440        0.366497
     460        0.000100        0.402341        0.366521
     461        0.000100        0.400582        0.366320
     462        0.000100        0.402833        0.366601
     463        0.000100        0.402912        0.366609
     464        0.000100        0.404133        0.366690
     465        0.000100        0.403485        0.366579
     466        0.000100        0.405216        0.366772
     467        0.000100        0.403907        0.366719
     468        0.000100        0.406136        0.366918
     469        0.000100        0.405885        0.366872
     470        0.000100        0.406804        0.366959
     471        0.000100        0.405463        0.366622
     472        0.000100        0.406944        0.366963
     473        0.000100        0.408516        0.367272
     474        0.000100        0.409853        0.367229
     475        0.000100        0.408292        0.366938
     476        0.000100        0.409339        0.367146
     477        0.000100        0.409019        0.367059
     478        0.000100        0.411710        0.367377
     479        0.000100        0.410810        0.367288
     480        0.000100        0.412651        0.367377
     481        0.000100        0.411191        0.367198
     482        0.000100        0.413074        0.367584
     483        0.000100        0.413335        0.367617
     484        0.000100        0.414258        0.367638
     485        0.000100        0.412945        0.367382
     486        0.000100        0.415154        0.367781
     487        0.000100        0.415008        0.367678
     488        0.000100        0.416244        0.367806
     489        0.000100        0.415232        0.367672
     490        0.000100        0.417590        0.367892
     491        0.000100        0.418087        0.368037
     492        0.000100        0.419090        0.368046
     493        0.000100        0.417906        0.368040
     494        0.000100        0.419407        0.368169
     495        0.000100        0.419657        0.368274
     496        0.000100        0.420910        0.368326
     497        0.000100        0.420412        0.368259
     498        0.000100        0.421909        0.368487
     499        0.000100        0.422358        0.368468
     500        0.000100        0.423449        0.368888
     501        0.000100        0.422598        0.368700
     502        0.000100        0.424366        0.368688
     503        0.000100        0.424069        0.368684
     504        0.000100        0.426713        0.369009
     505        0.000100        0.426019        0.369012
     506        0.000100        0.426394        0.368856
     507        0.000100        0.425995        0.368913
     508        0.000100        0.429043        0.369118
     509        0.000100        0.428951        0.369348
     510        0.000100        0.429960        0.369194
     511        0.000100        0.428700        0.369144
     512        0.000100        0.429702        0.369171
     513        0.000100        0.431613        0.369285
     514        0.000100        0.432401        0.369460
     515        0.000100        0.432221        0.369268
     516        0.000100        0.432681        0.369225
     517        0.000100        0.432608        0.369296
     518        0.000100        0.436409        0.369681
     519        0.000100        0.435636        0.369671
     520        0.000100        0.435450        0.369538
     521        0.000100        0.434995        0.369396
     522        0.000100        0.435977        0.369555
     523        0.000100        0.439359        0.369789
     524        0.000100        0.438070        0.369739
     525        0.000100        0.438591        0.369603
     526        0.000100        0.437592        0.369785
     527        0.000100        0.441284        0.369845
     528        0.000100        0.441743        0.370063
     529        0.000100        0.441309        0.369826
     530        0.000100        0.441307        0.369995
     531        0.000100        0.441230        0.369840
     532        0.000100        0.442568        0.370142
     533        0.000100        0.446032        0.370326
     534        0.000100        0.443406        0.370339
     535        0.000100        0.444588        0.370273
     536        0.000100        0.445092        0.370480
     537        0.000100        0.446422        0.370417
     538        0.000100        0.445499        0.370477
     539        0.000100        0.446761        0.370373
     540        0.000100        0.445889        0.370597
     541        0.000100        0.449098        0.370794
     542        0.000100        0.447737        0.370844
     543        0.000100        0.448163        0.370649
     544        0.000100        0.447661        0.370851
     545        0.000100        0.449670        0.371030
     546        0.000100        0.448962        0.371228
     547        0.000100        0.448685        0.370737
     548        0.000100        0.448984        0.371075
     549        0.000100        0.450599        0.371056
     550        0.000100        0.450810        0.371637
     551        0.000100        0.449509        0.370920
     552        0.000100        0.450515        0.371336
     553        0.000100        0.452587        0.371374
     554        0.000100        0.453054        0.371685
     555        0.000100        0.452558        0.371217
     556        0.000100        0.452094        0.371496
     557        0.000100        0.452662        0.371247
     558        0.000100        0.453758        0.371803
     559        0.000100        0.454436        0.371666
     560        0.000100        0.453821        0.371806
     561        0.000100        0.452882        0.371399
     562        0.000100        0.454799        0.371925
     563        0.000100        0.456233        0.371893
     564        0.000100        0.455469        0.371991
     565        0.000100        0.456135        0.371609
     566        0.000100        0.455458        0.372042
     567        0.000100        0.457277        0.372139
     568        0.000100        0.456201        0.372091
     569        0.000100        0.457293        0.371973
     570        0.000100        0.456979        0.372216
     571        0.000100        0.459125        0.372249
     572        0.000100        0.457531        0.372306
     573        0.000100        0.458225        0.372080
     574        0.000100        0.459923        0.372623
     575        0.000100        0.460798        0.372527
     576        0.000100        0.460107        0.372629
     577        0.000100        0.460455        0.372401
     578        0.000050        0.459910        0.372735
     579        0.000050        0.461763        0.373240
     580        0.000050        0.461946        0.373093
     581        0.000050        0.462417        0.372970
     582        0.000050        0.462770        0.372919
     583        0.000050        0.463145        0.372837
     584        0.000050        0.463313        0.372825
     585        0.000050        0.463539        0.372806
     586        0.000050        0.464059        0.372823
     587        0.000050        0.464316        0.372943
     588        0.000050        0.464342        0.372875
     589        0.000050        0.464407        0.372903
     590        0.000050        0.465456        0.372972
     591        0.000050        0.464778        0.372975
     592        0.000050        0.465251        0.372882
     593        0.000050        0.465694        0.373127
     594        0.000050        0.466039        0.373034
     595        0.000050        0.465763        0.373120
     596        0.000050        0.465678        0.373061
     597        0.000050        0.466316        0.373217
     598        0.000050        0.467051        0.373184
     599        0.000050        0.466633        0.373251
     600        0.000050        0.466457        0.373066
     601        0.000050        0.466188        0.373222
     602        0.000050        0.466658        0.373168
     603        0.000050        0.467798        0.373442
     604        0.000050        0.467617        0.373260
     605        0.000050        0.467159        0.373323
     606        0.000050        0.467618        0.373206
     607        0.000050        0.468348        0.373448
     608        0.000050        0.469084        0.373421
     609        0.000050        0.468691        0.373452
     610        0.000050        0.469726        0.373420
     611        0.000050        0.469262        0.373454
     612        0.000050        0.470861        0.373504
     613        0.000050        0.470839        0.373674
     614        0.000050        0.470896        0.373478
     615        0.000050        0.470660        0.373533
     616        0.000050        0.471998        0.373611
     617        0.000050        0.471909        0.373704
     618        0.000050        0.472358        0.373617
     619        0.000050        0.472182        0.373663
     620        0.000050        0.472929        0.373690
     621        0.000050        0.473522        0.373851
     622        0.000050        0.474177        0.373694
     623        0.000050        0.474173        0.373917
     624        0.000050        0.473726        0.373690
     625        0.000050        0.474553        0.373984
     626        0.000050        0.476406        0.373959
     627        0.000050        0.475577        0.373979
     628        0.000050        0.475890        0.373957
     629        0.000050        0.475727        0.374011
     630        0.000050        0.477127        0.374052
     631        0.000050        0.477606        0.374227
     632        0.000050        0.477582        0.374028
     633        0.000050        0.477322        0.374187
     634        0.000050        0.477728        0.374059
     635        0.000050        0.478494        0.374326
     636        0.000050        0.478763        0.374221
     637        0.000050        0.478401        0.374247
     638        0.000050        0.478786        0.374200
     639        0.000050        0.479311        0.374427
     640        0.000050        0.480153        0.374370
     641        0.000050        0.480111        0.374501
     642        0.000050        0.480271        0.374349
     643        0.000050        0.479906        0.374456
     644        0.000050        0.481547        0.374548
     645        0.000050        0.481606        0.374623
     646        0.000050        0.482419        0.374634
     647        0.000050        0.481944        0.374644
     648        0.000050        0.482884        0.374670
     649        0.000050        0.483040        0.374875
     650        0.000050        0.482694        0.374736
     651        0.000050        0.482687        0.374830
     652        0.000050        0.483362        0.374732
     653        0.000050        0.483433        0.374866
     654        0.000050        0.484573        0.374955
     655        0.000050        0.484677        0.374974
     656        0.000050        0.484659        0.374925
     657        0.000050        0.484322        0.375066
     658        0.000050        0.485807        0.375059
     659        0.000050        0.486126        0.375253
     660        0.000050        0.486354        0.375024
     661        0.000050        0.485675        0.375125
     662        0.000050        0.486532        0.375190
     663        0.000050        0.487263        0.375320
     664        0.000050        0.487718        0.375390
     665        0.000050        0.487238        0.375310
     666        0.000050        0.487848        0.375256
     667        0.000050        0.488558        0.375458
     668        0.000050        0.488800        0.375436
     669        0.000050        0.488878        0.375509
     670        0.000050        0.489304        0.375475
     671        0.000050        0.488902        0.375434
     672        0.000050        0.490323        0.375537
     673        0.000050        0.491166        0.375735
     674        0.000050        0.490979        0.375597
     675        0.000050        0.490635        0.375626
     676        0.000050        0.491439        0.375724
     677        0.000050        0.491826        0.375886
     678        0.000050        0.492389        0.375752
     679        0.000050        0.492149        0.375883
     680        0.000050        0.493218        0.375775
     681        0.000050        0.492765        0.375922
     682        0.000050        0.494112        0.375944
     683        0.000050        0.494292        0.376054
     684        0.000050        0.494312        0.375938
     685        0.000050        0.494277        0.376050
     686        0.000050        0.494920        0.376054
     687        0.000050        0.495596        0.376237
     688        0.000050        0.495898        0.376157
     689        0.000050        0.496020        0.376192
     690        0.000050        0.496316        0.376233
     691        0.000050        0.497460        0.376510
     692        0.000050        0.497749        0.376362
     693        0.000050        0.497322        0.376409
     694        0.000050        0.498105        0.376431
     695        0.000050        0.498475        0.376496
     696        0.000050        0.499259        0.376492
     697        0.000050        0.499042        0.376512
     698        0.000050        0.499486        0.376523
     699        0.000050        0.499987        0.376631
     700        0.000050        0.500539        0.376627
     701        0.000050        0.501007        0.376759
     702        0.000050        0.500975        0.376708
     703        0.000050        0.501360        0.376780
     704        0.000050        0.502413        0.376802
     705        0.000050        0.503209        0.376989
     706        0.000050        0.502853        0.376893
     707        0.000050        0.502173        0.376882
     708        0.000050        0.503013        0.376942
     709        0.000050        0.503338        0.377104
     710        0.000050        0.503915        0.377045
     711        0.000050        0.504424        0.377162
     712        0.000050        0.505079        0.377148
     713        0.000050        0.503732        0.377157
     714        0.000050        0.505005        0.377185
     715        0.000050        0.505766        0.377410
     716        0.000050        0.506477        0.377324
     717        0.000050        0.505482        0.377318
     718        0.000050        0.505158        0.377278
     719        0.000050        0.505762        0.377485
     720        0.000050        0.508290        0.377590
     721        0.000050        0.507791        0.377630
     722        0.000050        0.506582        0.377496
     723        0.000050        0.507336        0.377603
     724        0.000050        0.509493        0.377783
     725        0.000050        0.509911        0.377907
     726        0.000050        0.508753        0.377836
     727        0.000050        0.507280        0.377842
     728        0.000050        0.508982        0.377844
     729        0.000050        0.511245        0.378057
     730        0.000050        0.510747        0.378028
     731        0.000050        0.509555        0.378070
     732        0.000050        0.509109        0.377993
     733        0.000050        0.511671        0.378192
     734        0.000050        0.512568        0.378162
     735        0.000050        0.511558        0.378352
     736        0.000050        0.510459        0.378180
     737        0.000050        0.511567        0.378317
     738        0.000050        0.514696        0.378452
     739        0.000050        0.513925        0.378483
     740        0.000050        0.512385        0.378372
     741        0.000050        0.513015        0.378562
     742        0.000050        0.514910        0.378636
     743        0.000050        0.516354        0.378716
     744        0.000050        0.515183        0.378602
     745        0.000050        0.513292        0.378663
     746        0.000050        0.514940        0.378821
     747        0.000050        0.517034        0.378932
     748        0.000050        0.517181        0.378837
     749        0.000050        0.515141        0.378774
     750        0.000050        0.514480        0.378784
     751        0.000050        0.517031        0.378991
     752        0.000050        0.519669        0.379207
     753        0.000050        0.518376        0.379131
     754        0.000050        0.516913        0.379088
     755        0.000050        0.516999        0.379150
     756        0.000050        0.518856        0.379115
     757        0.000050        0.519658        0.379375
     758        0.000050        0.518910        0.379263
     759        0.000050        0.517914        0.379403
     760        0.000050        0.520195        0.379472
     761        0.000050        0.521277        0.379600
     762        0.000050        0.522100        0.379580
     763        0.000050        0.519669        0.379426
     764        0.000050        0.518576        0.379437
     765        0.000050        0.520736        0.379588
     766        0.000050        0.523151        0.379718
     767        0.000050        0.522478        0.379839
     768        0.000050        0.521187        0.379693
     769        0.000050        0.522231        0.379805
     770        0.000050        0.523493        0.379768
     771        0.000050        0.524016        0.379906
     772        0.000050        0.522789        0.379918
     773        0.000050        0.521598        0.379988
     774        0.000050        0.523599        0.379900
     775        0.000050        0.525355        0.380135
     776        0.000050        0.525047        0.380059
     777        0.000050        0.524810        0.380281
     778        0.000050        0.524834        0.380114
     779        0.000050        0.526374        0.380251
     780        0.000050        0.526700        0.380100
     781        0.000050        0.524955        0.380208
     782        0.000050        0.525170        0.380221
     783        0.000050        0.527260        0.380487
     784        0.000050        0.529700        0.380527
     785        0.000050        0.527463        0.380523
     786        0.000050        0.526924        0.380415
     787        0.000050        0.527399        0.380472
     788        0.000050        0.528611        0.380491
     789        0.000050        0.529607        0.380617
     790        0.000050        0.528989        0.380584
     791        0.000050        0.527158        0.380633
     792        0.000050        0.529497        0.380672
     793        0.000050        0.531494        0.380868
     794        0.000050        0.532180        0.380830
     795        0.000050        0.530198        0.380810
     796        0.000050        0.529224        0.380703
     797        0.000050        0.532085        0.380975
     798        0.000050        0.532873        0.380769
     799        0.000050        0.530945        0.380840
     800        0.000050        0.531368        0.380870
     801        0.000050        0.531888        0.381030
     802        0.000050        0.534405        0.381081
     803        0.000050        0.534642        0.381293
     804        0.000050        0.533304        0.381014
     805        0.000050        0.531488        0.381054
     806        0.000050        0.533981        0.381210
     807        0.000050        0.535899        0.381420
     808        0.000050        0.535062        0.381308
     809        0.000050        0.534284        0.381433
     810        0.000050        0.534882        0.381368
     811        0.000050        0.536591        0.381438
     812        0.000050        0.536640        0.381503
     813        0.000050        0.536052        0.381605
     814        0.000050        0.535679        0.381613
     815        0.000050        0.537931        0.381783
     816        0.000050        0.539635        0.381724
     817        0.000050        0.537984        0.381775
     818        0.000050        0.536887        0.381790
     819        0.000050        0.539134        0.382088
     820        0.000050        0.540212        0.381954
     821        0.000050        0.539768        0.382001
     822        0.000050        0.539090        0.381963
     823        0.000050        0.538469        0.382025
     824        0.000050        0.540723        0.382138
     825        0.000050        0.542893        0.382420
     826        0.000050        0.542219        0.382217
     827        0.000050        0.540136        0.382325
     828        0.000050        0.542367        0.382327
     829        0.000050        0.543505        0.382478
     830        0.000050        0.543821        0.382406
     831        0.000050        0.542591        0.382524
     832        0.000050        0.543476        0.382560
     833        0.000050        0.545216        0.382693
     834        0.000050        0.546441        0.382741
     835        0.000050        0.544840        0.382775
     836        0.000050        0.545121        0.382649
     837        0.000050        0.546592        0.382828
     838        0.000050        0.547840        0.382818
     839        0.000050        0.547092        0.382937
     840        0.000050        0.547007        0.382977
     841        0.000050        0.547858        0.383067
     842        0.000050        0.550664        0.382955
     843        0.000050        0.549912        0.383166
     844        0.000050        0.548965        0.382964
     845        0.000050        0.547939        0.382987
     846        0.000050        0.551258        0.383133
     847        0.000050        0.552822        0.383398
     848        0.000050        0.551143        0.383307
     849        0.000050        0.550315        0.383473
     850        0.000050        0.552898        0.383514
     851        0.000050        0.554317        0.383534
     852        0.000050        0.554061        0.383384
     853        0.000050        0.551785        0.383380
     854        0.000050        0.552975        0.383526
     855        0.000050        0.555275        0.383669
     856        0.000050        0.556768        0.383711
     857        0.000050        0.555535        0.383791
     858        0.000050        0.555530        0.383648
     859        0.000050        0.555955        0.383677
     860        0.000050        0.559182        0.383910
     861        0.000050        0.557619        0.384086
     862        0.000050        0.556799        0.383832
     863        0.000050        0.557065        0.384071
     864        0.000050        0.559758        0.384010
     865        0.000050        0.560637        0.384082
     866        0.000050        0.559132        0.383997
     867        0.000050        0.558596        0.384251
     868        0.000050        0.561038        0.384221
     869        0.000050        0.562452        0.384293
     870        0.000050        0.562489        0.384206
     871        0.000050        0.561068        0.384436
     872        0.000050        0.561693        0.384315
     873        0.000050        0.564027        0.384429
     874        0.000050        0.565685        0.384456
     875        0.000050        0.563166        0.384479
     876        0.000050        0.563614        0.384492
     877        0.000050        0.565129        0.384578
     878        0.000050        0.566160        0.384597
     879        0.000025        0.566086        0.384775
     880        0.000025        0.564455        0.384819
     881        0.000025        0.565071        0.384820
     882        0.000025        0.565644        0.384860
     883        0.000025        0.565995        0.384857
     884        0.000025        0.566385        0.384927
     885        0.000025        0.566617        0.384915
     886        0.000025        0.567050        0.385013
     887        0.000025        0.567293        0.385007
     888        0.000025        0.567460        0.385034
     889        0.000025        0.567673        0.385015
     890        0.000025        0.568109        0.385072
     891        0.000025        0.568345        0.385081
     892        0.000025        0.568550        0.385081
     893        0.000025        0.568439        0.385054
     894        0.000025        0.568966        0.385136
     895        0.000025        0.568236        0.385060
     896        0.000025        0.568581        0.385045
     897        0.000025        0.569155        0.385112
     898        0.000025        0.569818        0.385230
     899        0.000025        0.569897        0.385242
     900        0.000025        0.569801        0.385230
     901        0.000025        0.569224        0.385124
     902        0.000025        0.569894        0.385178
     903        0.000025        0.569906        0.385205
     904        0.000025        0.570350        0.385297
     905        0.000025        0.569883        0.385221
     906        0.000025        0.570611        0.385302
     907        0.000025        0.570591        0.385312
     908        0.000025        0.570991        0.385319
     909        0.000025        0.570338        0.385321
     910        0.000025        0.570564        0.385342
     911        0.000025        0.570653        0.385296
     912        0.000025        0.571733        0.385461
     913        0.000025        0.570964        0.385422
     914        0.000025        0.571113        0.385488
     915        0.000025        0.570850        0.385435
     916        0.000025        0.571580        0.385450
     917        0.000025        0.572398        0.385466
     918        0.000025        0.571632        0.385442
     919        0.000025        0.570344        0.385440
     920        0.000025        0.570857        0.385542
     921        0.000025        0.572194        0.385612
     922        0.000025        0.572858        0.385653
     923        0.000025        0.572028        0.385559
     924        0.000025        0.571132        0.385543
     925        0.000025        0.571229        0.385572
     926        0.000025        0.572456        0.385664
     927        0.000025        0.573005        0.385715
     928        0.000025        0.572824        0.385767
     929        0.000025        0.571782        0.385648
     930        0.000025        0.571416        0.385702
     931        0.000025        0.572129        0.385656
     932        0.000025        0.573233        0.385702
     933        0.000025        0.572944        0.385736
     934        0.000025        0.572278        0.385785
     935        0.000025        0.572177        0.385770
     936        0.000025        0.573297        0.385834
     937        0.000025        0.573838        0.385841
     938        0.000025        0.573522        0.385833
     939        0.000025        0.572286        0.385844
     940        0.000025        0.572235        0.385837
     941        0.000025        0.573121        0.385877
     942        0.000025        0.574254        0.385990
     943        0.000025        0.574238        0.385992
     944        0.000025        0.573296        0.385994
     945        0.000025        0.572567        0.385900
     946        0.000025        0.573552        0.385999
     947        0.000025        0.574472        0.385984
     948        0.000025        0.574484        0.386017
     949        0.000025        0.574017        0.386083
     950        0.000025        0.573712        0.386116
     951        0.000025        0.574329        0.386125
     952        0.000025        0.575286        0.386171
     953        0.000025        0.575264        0.386124
     954        0.000025        0.573812        0.386135
     955        0.000025        0.573937        0.386072
     956        0.000025        0.575456        0.386232
     957        0.000025        0.575429        0.386156
     958        0.000025        0.575310        0.386294
     959        0.000025        0.574922        0.386207
     960        0.000025        0.575504        0.386248
     961        0.000025        0.575653        0.386247
     962        0.000025        0.576243        0.386326
     963        0.000025        0.575934        0.386269
     964        0.000025        0.575125        0.386329
     965        0.000025        0.575108        0.386338
     966        0.000025        0.576772        0.386377
     967        0.000025        0.576634        0.386369
     968        0.000025        0.576090        0.386416
     969        0.000025        0.576315        0.386385
     970        0.000025        0.576862        0.386440
     971        0.000025        0.577426        0.386432
     972        0.000025        0.577689        0.386515
     973        0.000025        0.577326        0.386417
     974        0.000025        0.577040        0.386490
     975        0.000025        0.577719        0.386508
     976        0.000025        0.578993        0.386580
     977        0.000025        0.577975        0.386455
     978        0.000025        0.577645        0.386560
     979        0.000025        0.578191        0.386523
     980        0.000025        0.579056        0.386638
     981        0.000025        0.579897        0.386686
     982        0.000025        0.579225        0.386678
     983        0.000025        0.578263        0.386583
     984        0.000025        0.578645        0.386653
     985        0.000025        0.580045        0.386674
     986        0.000025        0.581380        0.386751
     987        0.000025        0.580693        0.386691
     988        0.000025        0.580186        0.386833
     989        0.000025        0.580768        0.386808
     990        0.000025        0.581708        0.386816
     991        0.000025        0.581540        0.386813
     992        0.000025        0.581404        0.386882
     993        0.000025        0.580839        0.386796
     994        0.000025        0.581618        0.386905
     995        0.000025        0.582713        0.386918
     996        0.000025        0.584024        0.387034
     997        0.000025        0.583173        0.386983
     998        0.000025        0.582841        0.387116
     999        0.000025        0.582649        0.386956
    1000        0.000025        0.584088        0.387030
    1001        0.000025        0.584536        0.387021
    1002        0.000025        0.584034        0.387132
    1003        0.000025        0.583642        0.387086
    1004        0.000025        0.584991        0.387239
    1005        0.000025        0.585809        0.387215
    1006        0.000025        0.585590        0.387221
    1007        0.000025        0.585166        0.387226
    1008        0.000025        0.585972        0.387224
    1009        0.000025        0.586152        0.387238
    1010        0.000025        0.586071        0.387332
    1011        0.000025        0.586245        0.387283
    1012        0.000025        0.587422        0.387443
    1013        0.000025        0.588656        0.387446
    1014        0.000025        0.588853        0.387527
    1015        0.000025        0.587468        0.387439
    1016        0.000025        0.587127        0.387413
    1017        0.000025        0.588390        0.387501
    1018        0.000025        0.589777        0.387560
    1019        0.000025        0.589881        0.387581
    1020        0.000025        0.589421        0.387631
    1021        0.000025        0.589792        0.387609
    1022        0.000025        0.590315        0.387595
    1023        0.000025        0.590998        0.387630
    1024        0.000025        0.591256        0.387663
    1025        0.000025        0.590927        0.387699
    1026        0.000025        0.590765        0.387750
    1027        0.000025        0.591630        0.387759
    1028        0.000025        0.593411        0.387798
    1029        0.000025        0.593102        0.387789
    1030        0.000025        0.592664        0.387852
    1031        0.000025        0.592256        0.387793
    1032        0.000025        0.593395        0.387843
    1033        0.000025        0.594149        0.387866
    1034        0.000025        0.594088        0.387977
    1035        0.000025        0.594540        0.387988
    1036        0.000025        0.594752        0.388036
    1037        0.000025        0.595544        0.387989
    1038        0.000025        0.595956        0.388022
    1039        0.000025        0.595418        0.388011
    1040        0.000025        0.594786        0.388005
    1041        0.000025        0.596364        0.388084
    1042        0.000025        0.597460        0.388214
    1043        0.000025        0.597247        0.388169
    1044        0.000025        0.597238        0.388195
    1045        0.000025        0.597660        0.388218
    1046        0.000025        0.598548        0.388271
    1047        0.000025        0.599130        0.388229
    1048        0.000025        0.599274        0.388294
    1049        0.000025        0.598473        0.388239
    1050        0.000025        0.598648        0.388306
    1051        0.000025        0.600063        0.388326
    1052        0.000025        0.601228        0.388364
    1053        0.000025        0.600709        0.388392
    1054        0.000025        0.600320        0.388402
    1055        0.000025        0.600790        0.388395
    1056        0.000025        0.602020        0.388464
    1057        0.000025        0.602600        0.388454
    1058        0.000025        0.602653        0.388535
    1059        0.000025        0.601829        0.388456
    1060        0.000025        0.602248        0.388533
    1061        0.000025        0.603192        0.388495
    1062        0.000025        0.604593        0.388578
    1063        0.000025        0.604037        0.388516
    1064        0.000025        0.603522        0.388588
    1065        0.000025        0.603629        0.388577
    1066        0.000025        0.605098        0.388678
    1067        0.000025        0.605789        0.388633
    1068        0.000025        0.605967        0.388754
    1069        0.000025        0.605209        0.388678
    1070        0.000025        0.605213        0.388679
    1071        0.000025        0.606539        0.388719
    1072        0.000025        0.607608        0.388844
    1073        0.000025        0.607060        0.388819
    1074        0.000025        0.607597        0.388871
    1075        0.000025        0.608515        0.388865
    1076        0.000025        0.608281        0.388923
    1077        0.000025        0.607967        0.388897
    1078        0.000025        0.608866        0.388925
    1079        0.000025        0.609373        0.388902
    1080        0.000025        0.609374        0.389026
    1081        0.000025        0.609354        0.389017
    1082        0.000025        0.610931        0.389082
    1083        0.000025        0.610822        0.389072
    1084        0.000025        0.610523        0.389160
    1085        0.000025        0.610511        0.389047
    1086        0.000025        0.612095        0.389161
    1087        0.000025        0.611954        0.389196
    1088        0.000025        0.611614        0.389230
    1089        0.000025        0.612604        0.389254
    1090        0.000025        0.613778        0.389311
    1091        0.000025        0.613329        0.389300
    1092        0.000025        0.613486        0.389365
    1093        0.000025        0.613989        0.389290
    1094        0.000025        0.614625        0.389399
    1095        0.000025        0.613572        0.389353
    1096        0.000025        0.613848        0.389386
    1097        0.000025        0.615261        0.389475
    1098        0.000025        0.616490        0.389612
    1099        0.000025        0.615536        0.389515
    1100        0.000025        0.615648        0.389542
    1101        0.000025        0.616539        0.389573
    1102        0.000025        0.617017        0.389632
    1103        0.000025        0.616762        0.389647
    1104        0.000025        0.617523        0.389731
    1105        0.000025        0.618478        0.389708
    1106        0.000025        0.619015        0.389737
    1107        0.000025        0.617941        0.389747
    1108        0.000025        0.618600        0.389767
    1109        0.000025        0.619687        0.389761
    1110        0.000025        0.619675        0.389861
    1111        0.000025        0.619223        0.389871
    1112        0.000025        0.620548        0.389927
    1113        0.000025        0.621290        0.389938
    1114        0.000025        0.621268        0.389932
    1115        0.000025        0.620894        0.389921
    1116        0.000025        0.621636        0.390009
    1117        0.000025        0.622865        0.389994
    1118        0.000025        0.623030        0.390104
    1119        0.000025        0.622620        0.390118
    1120        0.000025        0.623559        0.390132
    1121        0.000025        0.624924        0.390149
    1122        0.000025        0.624594        0.390200
    1123        0.000025        0.624365        0.390167
    1124        0.000025        0.625478        0.390189
    1125        0.000025        0.625754        0.390229
    1126        0.000025        0.625526        0.390293
    1127        0.000025        0.626340        0.390330
    1128        0.000025        0.627751        0.390417
    1129        0.000025        0.627537        0.390422
    1130        0.000025        0.626635        0.390390
    1131        0.000025        0.627309        0.390362
    1132        0.000025        0.629033        0.390437
    1133        0.000025        0.628834        0.390464
    1134        0.000025        0.628562        0.390472
    1135        0.000025        0.629614        0.390528
    1136        0.000025        0.630793        0.390556
    1137        0.000025        0.630341        0.390570
