       0        0.000100     3854.317792       61.638680
       1        0.000100     3294.697877       56.940521
       2        0.000100     2592.449007       50.418831
       3        0.000100     1809.913822       41.957569
       4        0.000100     1074.899226       32.001991
       5        0.000100      528.461682       21.780041
       6        0.000100      224.288378       13.226344
       7        0.000100      104.662726        8.504550
       8        0.000100       70.346432        6.826486
       9        0.000100       59.600852        6.219417
      10        0.000100       53.362932        5.853387
      11        0.000100       47.903188        5.526027
      12        0.000100       42.773976        5.206084
      13        0.000100       38.002406        4.896269
      14        0.000100       33.535315        4.584416
      15        0.000100       29.447027        4.281959
      16        0.000100       25.729255        3.990534
      17        0.000100       22.371660        3.708307
      18        0.000100       19.375980        3.442484
      19        0.000100       16.728563        3.188503
      20        0.000100       14.383705        2.946151
      21        0.000100       12.357605        2.729722
      22        0.000100       10.549495        2.507764
      23        0.000100        9.032851        2.315116
      24        0.000100        7.712624        2.131166
      25        0.000100        6.594802        1.959924
      26        0.000100        5.659911        1.809700
      27        0.000100        4.874345        1.673278
      28        0.000100        4.206626        1.546383
      29        0.000100        3.669427        1.443612
      30        0.000100        3.245867        1.363143
      31        0.000100        2.893702        1.290312
      32        0.000100        2.538491        1.197198
      33        0.000100        2.284495        1.138058
      34        0.000100        2.065024        1.082910
      35        0.000100        1.880310        1.034160
      36        0.000100        1.712687        0.983441
      37        0.000100        1.575133        0.946138
      38        0.000100        1.449628        0.903864
      39        0.000100        1.346556        0.874382
      40        0.000100        1.267691        0.852628
      41        0.000100        1.172657        0.815917
      42        0.000100        1.099494        0.786312
      43        0.000100        1.037951        0.766779
      44        0.000100        0.981017        0.744279
      45        0.000100        0.933284        0.723400
      46        0.000100        0.886364        0.706328
      47        0.000100        0.866488        0.706806
      48        0.000100        0.810050        0.676202
      49        0.000100        0.777023        0.662042
      50        0.000100        0.750294        0.648900
      51        0.000100        0.719462        0.636927
      52        0.000100        0.699075        0.631944
      53        0.000100        0.669384        0.615215
      54        0.000100        0.653203        0.610886
      55        0.000100        0.635782        0.604235
      56        0.000100        0.608489        0.588652
      57        0.000100        0.590198        0.579819
      58        0.000100        0.598640        0.590991
      59        0.000100        0.547721        0.555995
      60        0.000100        0.529443        0.545091
      61        0.000100        0.512211        0.539016
      62        0.000100        0.503057        0.535247
      63        0.000100        0.486494        0.525203
      64        0.000100        0.469142        0.513089
      65        0.000100        0.459902        0.506481
      66        0.000100        0.447465        0.500045
      67        0.000100        0.444369        0.504016
      68        0.000100        0.425614        0.487644
      69        0.000100        0.420530        0.488463
      70        0.000100        0.416552        0.487087
      71        0.000100        0.399526        0.472410
      72        0.000100        0.390831        0.468614
      73        0.000100        0.388146        0.468809
      74        0.000100        0.378476        0.461605
      75        0.000100        0.371971        0.454848
      76        0.000100        0.370391        0.452663
      77        0.000100        0.376817        0.463691
      78        0.000100        0.357968        0.446212
      79        0.000100        0.361203        0.451211
      80        0.000100        0.351789        0.443342
      81        0.000100        0.345679        0.436429
      82        0.000100        0.342284        0.433512
      83        0.000100        0.335472        0.431830
      84        0.000100        0.334058        0.428220
      85        0.000100        0.333803        0.426738
      86        0.000100        0.331627        0.428233
      87        0.000100        0.325417        0.420470
      88        0.000100        0.321521        0.419012
      89        0.000100        0.322473        0.420351
      90        0.000100        0.317051        0.415244
      91        0.000100        0.321866        0.420667
      92        0.000100        0.329026        0.426771
      93        0.000100        0.312838        0.409578
      94        0.000100        0.312629        0.408626
      95        0.000100        0.308011        0.406863
      96        0.000100        0.307496        0.406793
      97        0.000100        0.306318        0.405546
      98        0.000100        0.318466        0.410366
      99        0.000100        0.302106        0.400855
     100        0.000100        0.305452        0.402381
     101        0.000100        0.305309        0.400392
     102        0.000100        0.303747        0.400476
     103        0.000100        0.302556        0.398602
     104        0.000100        0.302920        0.398901
     105        0.000100        0.302081        0.396812
     106        0.000100        0.301441        0.394976
     107        0.000100        0.301914        0.395388
     108        0.000100        0.299507        0.392229
     109        0.000100        0.296741        0.392568
     110        0.000100        0.298306        0.391773
     111        0.000100        0.298460        0.393310
     112        0.000100        0.296215        0.389389
     113        0.000100        0.298149        0.390126
     114        0.000100        0.297123        0.388634
     115        0.000100        0.297474        0.387044
     116        0.000100        0.301702        0.391107
     117        0.000100        0.300216        0.388781
     118        0.000100        0.295882        0.384729
     119        0.000100        0.299398        0.388718
     120        0.000100        0.306503        0.391860
     121        0.000100        0.295270        0.385999
     122        0.000100        0.295458        0.382903
     123        0.000100        0.294565        0.382178
     124        0.000100        0.297621        0.383058
     125        0.000100        0.298527        0.385212
     126        0.000100        0.297884        0.382155
     127        0.000100        0.296470        0.381635
     128        0.000100        0.297246        0.381703
     129        0.000100        0.297932        0.382330
     130        0.000100        0.296392        0.378914
     131        0.000100        0.295021        0.379867
     132        0.000100        0.298865        0.379050
     133        0.000100        0.303681        0.385892
     134        0.000100        0.297603        0.377308
     135        0.000100        0.302083        0.382867
     136        0.000100        0.296315        0.377737
     137        0.000100        0.296188        0.376173
     138        0.000100        0.298835        0.376682
     139        0.000100        0.297298        0.376108
     140        0.000100        0.312979        0.387093
     141        0.000100        0.297382        0.374892
     142        0.000100        0.298049        0.375533
     143        0.000100        0.299166        0.375201
     144        0.000100        0.303614        0.376452
     145        0.000100        0.304679        0.378538
     146        0.000100        0.300929        0.373377
     147        0.000100        0.306111        0.379940
     148        0.000100        0.313179        0.383083
     149        0.000100        0.301207        0.372450
     150        0.000100        0.306496        0.375954
     151        0.000100        0.301471        0.372100
     152        0.000100        0.308135        0.377376
     153        0.000100        0.302326        0.372557
     154        0.000100        0.302051        0.371894
     155        0.000100        0.304381        0.372544
     156        0.000100        0.306682        0.375685
     157        0.000100        0.304669        0.370894
     158        0.000100        0.309517        0.375465
     159        0.000100        0.306018        0.371979
     160        0.000100        0.303532        0.369306
     161        0.000100        0.303929        0.369667
     162        0.000100        0.316738        0.380338
     163        0.000100        0.310461        0.374131
     164        0.000100        0.313107        0.375703
     165        0.000100        0.305829        0.369331
     166        0.000100        0.306569        0.368781
     167        0.000100        0.308073        0.372092
     168        0.000100        0.319096        0.379304
     169        0.000100        0.324009        0.383484
     170        0.000100        0.308729        0.369784
     171        0.000100        0.308118        0.367794
     172        0.000100        0.309065        0.368150
     173        0.000100        0.310479        0.368120
     174        0.000100        0.309148        0.367685
     175        0.000100        0.311367        0.368161
     176        0.000100        0.309082        0.366369
     177        0.000100        0.309820        0.366755
     178        0.000100        0.315601        0.371031
     179        0.000100        0.312961        0.367643
     180        0.000100        0.312729        0.367363
     181        0.000100        0.314267        0.368157
     182        0.000100        0.315351        0.370548
     183        0.000100        0.313048        0.365984
     184        0.000100        0.316147        0.368117
     185        0.000100        0.315092        0.366432
     186        0.000100        0.313398        0.366045
     187        0.000100        0.316076        0.367383
     188        0.000100        0.313852        0.365100
     189        0.000100        0.335719        0.386762
     190        0.000100        0.315932        0.366916
     191        0.000100        0.317355        0.365547
     192        0.000100        0.317875        0.364995
     193        0.000100        0.315659        0.364045
     194        0.000100        0.315661        0.363634
     195        0.000100        0.321714        0.370653
     196        0.000100        0.320502        0.367454
     197        0.000100        0.316633        0.365127
     198        0.000100        0.317316        0.363593
     199        0.000100        0.316838        0.364328
     200        0.000100        0.319438        0.364340
     201        0.000100        0.320239        0.366655
     202        0.000100        0.317116        0.362501
     203        0.000100        0.319292        0.362523
     204        0.000100        0.327922        0.373614
     205        0.000100        0.329451        0.373412
     206        0.000100        0.318752        0.362653
     207        0.000100        0.319276        0.362722
     208        0.000100        0.318537        0.362382
     209        0.000100        0.322207        0.362623
     210        0.000100        0.318774        0.361559
     211        0.000100        0.319681        0.362427
     212        0.000100        0.319204        0.362306
     213        0.000100        0.326531        0.365370
     214        0.000100        0.318888        0.359924
     215        0.000100        0.321556        0.362075
     216        0.000100        0.320838        0.361372
     217        0.000100        0.321864        0.362838
     218        0.000100        0.321803        0.363137
     219        0.000100        0.320663        0.360750
     220        0.000100        0.326759        0.363671
     221        0.000100        0.332980        0.370875
     222        0.000100        0.320666        0.359456
     223        0.000100        0.318522        0.358937
     224        0.000100        0.322663        0.358787
     225        0.000100        0.328454        0.368048
     226        0.000100        0.331176        0.367994
     227        0.000100        0.326023        0.364241
     228        0.000100        0.323891        0.360740
     229        0.000100        0.336434        0.370649
     230        0.000100        0.324711        0.360695
     231        0.000100        0.328201        0.362782
     232        0.000100        0.320804        0.358358
     233        0.000100        0.332344        0.365512
     234        0.000100        0.322718        0.359506
     235        0.000100        0.331202        0.366139
     236        0.000100        0.325294        0.359244
     237        0.000100        0.323991        0.358905
     238        0.000100        0.323321        0.356125
     239        0.000100        0.324012        0.358552
     240        0.000100        0.325461        0.357465
     241        0.000100        0.334338        0.367789
     242        0.000100        0.321512        0.355423
     243        0.000100        0.323831        0.356900
     244        0.000100        0.329561        0.361725
     245        0.000100        0.329471        0.361411
     246        0.000100        0.327324        0.358836
     247        0.000100        0.325126        0.355507
     248        0.000100        0.329290        0.357143
     249        0.000100        0.325390        0.354941
     250        0.000100        0.348179        0.377123
     251        0.000100        0.331290        0.360528
     252        0.000100        0.332515        0.362056
     253        0.000100        0.326349        0.354224
     254        0.000100        0.326269        0.355623
     255        0.000100        0.324540        0.353635
     256        0.000100        0.323639        0.355524
     257        0.000100        0.328493        0.354988
     258        0.000100        0.324211        0.353612
     259        0.000100        0.333648        0.362230
     260        0.000100        0.321848        0.352610
     261        0.000100        0.323122        0.352103
     262        0.000100        0.326152        0.352557
     263        0.000100        0.341935        0.367552
     264        0.000100        0.324378        0.352331
     265        0.000100        0.328284        0.356389
     266        0.000100        0.324229        0.352244
     267        0.000100        0.326989        0.353233
     268        0.000100        0.325679        0.353209
     269        0.000100        0.336261        0.362326
     270        0.000100        0.325847        0.353275
     271        0.000100        0.323959        0.350560
     272        0.000100        0.323312        0.351047
     273        0.000100        0.331136        0.357523
     274        0.000100        0.326086        0.350030
     275        0.000100        0.322481        0.349745
     276        0.000100        0.326947        0.352521
     277        0.000100        0.326058        0.349965
     278        0.000100        0.323685        0.350171
     279        0.000100        0.330025        0.353694
     280        0.000100        0.327608        0.351394
     281        0.000100        0.323842        0.348733
     282        0.000100        0.323140        0.349736
     283        0.000100        0.326283        0.348521
     284        0.000100        0.325856        0.348420
     285        0.000100        0.329828        0.349604
     286        0.000100        0.325937        0.349078
     287        0.000100        0.332852        0.356234
     288        0.000100        0.324427        0.348476
     289        0.000100        0.328427        0.349881
     290        0.000100        0.324286        0.348649
     291        0.000100        0.329052        0.349331
     292        0.000100        0.326117        0.348975
     293        0.000100        0.326606        0.348609
     294        0.000100        0.331768        0.353390
     295        0.000100        0.332624        0.348407
     296        0.000100        0.326057        0.346760
     297        0.000100        0.329590        0.349445
     298        0.000100        0.326821        0.350070
     299        0.000100        0.335615        0.356892
     300        0.000100        0.328996        0.348369
     301        0.000100        0.327390        0.346466
     302        0.000100        0.324820        0.346536
     303        0.000100        0.332474        0.349844
     304        0.000100        0.331278        0.347372
     305        0.000100        0.328469        0.347165
     306        0.000100        0.327302        0.346636
     307        0.000100        0.329748        0.349027
     308        0.000100        0.327059        0.346816
     309        0.000100        0.328542        0.347291
     310        0.000100        0.327592        0.345971
     311        0.000100        0.348132        0.362887
     312        0.000100        0.333783        0.349865
     313        0.000100        0.327724        0.347361
     314        0.000100        0.332949        0.347102
     315        0.000100        0.350291        0.366032
     316        0.000100        0.335722        0.347897
     317        0.000100        0.329203        0.345536
     318        0.000100        0.335520        0.351017
     319        0.000100        0.340123        0.355437
     320        0.000100        0.333144        0.347796
     321        0.000100        0.330716        0.346560
     322        0.000100        0.335948        0.350467
     323        0.000100        0.330933        0.345603
     324        0.000100        0.331873        0.345668
     325        0.000100        0.330896        0.345700
     326        0.000100        0.335964        0.347634
     327        0.000100        0.329072        0.344899
     328        0.000100        0.334909        0.348111
     329        0.000100        0.328431        0.345031
     330        0.000100        0.357821        0.368453
     331        0.000100        0.329308        0.345186
     332        0.000100        0.336775        0.354397
     333        0.000100        0.333613        0.345647
     334        0.000100        0.336460        0.348114
     335        0.000100        0.334169        0.346934
     336        0.000100        0.335137        0.346629
     337        0.000100        0.341000        0.353794
     338        0.000100        0.336068        0.345335
     339        0.000100        0.339367        0.353635
     340        0.000100        0.333552        0.344863
     341        0.000100        0.333545        0.346159
     342        0.000100        0.336649        0.347380
     343        0.000100        0.334570        0.346807
     344        0.000100        0.342930        0.353972
     345        0.000100        0.335943        0.345316
     346        0.000100        0.338570        0.348416
     347        0.000100        0.362233        0.371118
     348        0.000100        0.336800        0.344622
     349        0.000100        0.340224        0.352325
     350        0.000100        0.345864        0.352178
     351        0.000100        0.331997        0.344879
     352        0.000100        0.338893        0.347333
     353        0.000100        0.334912        0.344901
     354        0.000100        0.352328        0.359995
     355        0.000100        0.340491        0.353631
     356        0.000100        0.334556        0.343235
     357        0.000100        0.336838        0.344032
     358        0.000100        0.335020        0.342884
     359        0.000100        0.334571        0.346036
     360        0.000100        0.338001        0.344563
     361        0.000100        0.339465        0.345081
     362        0.000100        0.336738        0.343065
     363        0.000100        0.334930        0.344173
     364        0.000100        0.334993        0.345594
     365        0.000100        0.337402        0.343116
     366        0.000100        0.337478        0.343537
     367        0.000100        0.337255        0.342943
     368        0.000100        0.342225        0.345519
     369        0.000100        0.334935        0.342513
     370        0.000100        0.341993        0.345841
     371        0.000100        0.342068        0.345956
     372        0.000100        0.339492        0.343031
     373        0.000100        0.343363        0.349299
     374        0.000100        0.339104        0.343854
     375        0.000100        0.342906        0.348964
     376        0.000100        0.344599        0.343080
     377        0.000100        0.352038        0.352512
     378        0.000100        0.340002        0.342346
     379        0.000100        0.339664        0.341795
     380        0.000100        0.345102        0.344394
     381        0.000100        0.341138        0.342043
     382        0.000100        0.342538        0.342736
     383        0.000100        0.339041        0.342236
     384        0.000100        0.343352        0.343776
     385        0.000100        0.341260        0.341674
     386        0.000100        0.341854        0.342225
     387        0.000100        0.344163        0.342235
     388        0.000100        0.343577        0.345489
     389        0.000100        0.348016        0.341941
     390        0.000100        0.343324        0.344659
     391        0.000100        0.348531        0.347543
     392        0.000100        0.342255        0.341537
     393        0.000100        0.342462        0.341040
     394        0.000100        0.345214        0.346201
     395        0.000100        0.346201        0.341600
     396        0.000100        0.344732        0.342099
     397        0.000100        0.362972        0.361012
     398        0.000100        0.344006        0.342372
     399        0.000100        0.346371        0.342099
     400        0.000100        0.354182        0.353645
     401        0.000100        0.348951        0.344926
     402        0.000100        0.350663        0.342099
     403        0.000100        0.351073        0.345224
     404        0.000100        0.345525        0.341773
     405        0.000100        0.351142        0.344242
     406        0.000100        0.349376        0.345959
     407        0.000100        0.348360        0.341715
     408        0.000100        0.353976        0.346596
     409        0.000100        0.352586        0.344340
     410        0.000100        0.349083        0.341258
     411        0.000100        0.358272        0.348376
     412        0.000100        0.347867        0.341675
     413        0.000100        0.353144        0.342833
     414        0.000100        0.348044        0.341548
     415        0.000100        0.351562        0.345446
     416        0.000100        0.347773        0.340860
     417        0.000100        0.356743        0.348349
     418        0.000100        0.359287        0.351062
     419        0.000100        0.354204        0.341934
     420        0.000100        0.346917        0.341155
     421        0.000100        0.351506        0.342216
     422        0.000100        0.349572        0.343922
     423        0.000100        0.352263        0.342350
     424        0.000100        0.350063        0.340774
     425        0.000100        0.348111        0.341774
     426        0.000100        0.346923        0.340731
     427        0.000100        0.352407        0.341321
     428        0.000100        0.349790        0.341029
     429        0.000100        0.356406        0.343332
     430        0.000100        0.351537        0.340824
     431        0.000100        0.357452        0.341726
     432        0.000100        0.354666        0.340722
     433        0.000100        0.356812        0.342102
     434        0.000100        0.352692        0.340935
     435        0.000100        0.354403        0.341404
     436        0.000100        0.354396        0.340268
     437        0.000100        0.357600        0.343253
     438        0.000100        0.353537        0.341621
     439        0.000100        0.357220        0.342165
     440        0.000100        0.357257        0.344328
     441        0.000100        0.359737        0.346829
     442        0.000100        0.353739        0.342072
     443        0.000100        0.358840        0.341035
     444        0.000100        0.354966        0.341068
     445        0.000100        0.362642        0.344360
     446        0.000100        0.360753        0.348032
     447        0.000100        0.359773        0.343400
     448        0.000100        0.360042        0.345738
     449        0.000100        0.358635        0.342723
     450        0.000100        0.356724        0.342253
     451        0.000100        0.366027        0.345933
     452        0.000100        0.365381        0.350009
     453        0.000100        0.362054        0.343084
     454        0.000100        0.359057        0.344386
     455        0.000100        0.364858        0.344661
     456        0.000100        0.359139        0.344000
     457        0.000100        0.363820        0.346455
     458        0.000100        0.356703        0.341575
     459        0.000100        0.359251        0.341054
     460        0.000100        0.357423        0.341014
     461        0.000100        0.360759        0.341841
     462        0.000100        0.354801        0.341871
     463        0.000100        0.362868        0.341838
     464        0.000100        0.360062        0.340933
     465        0.000100        0.367300        0.345762
     466        0.000100        0.364350        0.343020
     467        0.000100        0.364566        0.341717
     468        0.000100        0.366208        0.345506
     469        0.000100        0.361638        0.340436
     470        0.000100        0.360241        0.341957
     471        0.000100        0.369769        0.348690
     472        0.000100        0.363777        0.341887
     473        0.000100        0.361204        0.342166
     474        0.000100        0.363893        0.343040
     475        0.000100        0.369128        0.341743
     476        0.000100        0.372881        0.352194
     477        0.000100        0.366850        0.342849
     478        0.000100        0.361102        0.341551
     479        0.000100        0.363709        0.341639
     480        0.000100        0.365627        0.346652
     481        0.000100        0.372843        0.345944
     482        0.000100        0.362037        0.341049
     483        0.000100        0.368026        0.343450
     484        0.000100        0.367466        0.345045
     485        0.000100        0.367416        0.341722
     486        0.000100        0.366629        0.344024
     487        0.000100        0.368320        0.342788
     488        0.000100        0.368370        0.347937
     489        0.000100        0.365913        0.342296
     490        0.000100        0.365807        0.342323
     491        0.000100        0.368353        0.341510
     492        0.000100        0.375089        0.349911
     493        0.000100        0.371138        0.342751
     494        0.000100        0.368676        0.342634
     495        0.000100        0.368193        0.340511
     496        0.000100        0.367786        0.342581
     497        0.000100        0.369613        0.344296
     498        0.000100        0.372485        0.343469
     499        0.000100        0.378489        0.348790
     500        0.000100        0.373813        0.342299
     501        0.000100        0.370482        0.342006
     502        0.000100        0.368283        0.341164
     503        0.000100        0.367717        0.340259
     504        0.000100        0.371878        0.341652
     505        0.000100        0.372812        0.342898
     506        0.000100        0.373084        0.341764
     507        0.000100        0.369032        0.341578
     508        0.000100        0.373780        0.345377
     509        0.000100        0.377714        0.348260
     510        0.000100        0.376075        0.341876
     511        0.000100        0.368279        0.340589
     512        0.000100        0.377314        0.347070
     513        0.000100        0.370451        0.341227
     514        0.000100        0.377658        0.344519
     515        0.000100        0.374727        0.341941
     516        0.000100        0.374886        0.345355
     517        0.000100        0.382368        0.348637
     518        0.000100        0.376818        0.344784
     519        0.000100        0.378017        0.349605
     520        0.000100        0.403162        0.365767
     521        0.000100        0.371227        0.341580
     522        0.000100        0.376409        0.344072
     523        0.000100        0.374611        0.344718
     524        0.000100        0.376076        0.343427
     525        0.000100        0.378569        0.344759
     526        0.000100        0.382312        0.342791
     527        0.000100        0.377528        0.344496
     528        0.000100        0.375183        0.342515
     529        0.000100        0.387618        0.353230
     530        0.000100        0.381694        0.342471
     531        0.000100        0.377078        0.342848
     532        0.000100        0.380728        0.341897
     533        0.000100        0.380514        0.344816
     534        0.000100        0.386836        0.350703
     535        0.000100        0.379320        0.345020
     536        0.000100        0.383268        0.344458
     537        0.000100        0.377581        0.342064
     538        0.000100        0.386623        0.346238
     539        0.000100        0.378162        0.343205
     540        0.000100        0.380362        0.343702
     541        0.000100        0.380544        0.344969
     542        0.000100        0.380067        0.340966
     543        0.000100        0.379919        0.343165
     544        0.000100        0.387536        0.351208
     545        0.000100        0.381729        0.341884
     546        0.000100        0.384821        0.345058
     547        0.000100        0.385631        0.347685
     548        0.000100        0.388909        0.349377
     549        0.000100        0.385101        0.343015
     550        0.000100        0.383806        0.347199
     551        0.000100        0.381711        0.342161
     552        0.000100        0.381911        0.344942
     553        0.000100        0.388189        0.349352
     554        0.000100        0.382019        0.344048
     555        0.000100        0.381094        0.342050
     556        0.000100        0.384049        0.344823
     557        0.000100        0.389468        0.352636
     558        0.000100        0.387161        0.351315
     559        0.000100        0.388273        0.343047
     560        0.000100        0.397518        0.362223
     561        0.000100        0.384337        0.348004
     562        0.000100        0.382125        0.345057
     563        0.000100        0.382391        0.342285
     564        0.000100        0.382870        0.343174
     565        0.000100        0.382821        0.342345
     566        0.000100        0.386652        0.348475
     567        0.000100        0.402501        0.360602
     568        0.000100        0.386809        0.347693
     569        0.000100        0.381905        0.344042
     570        0.000100        0.388857        0.342941
     571        0.000100        0.393120        0.356726
     572        0.000100        0.384565        0.343033
     573        0.000100        0.385167        0.344374
     574        0.000100        0.391857        0.348165
     575        0.000100        0.385912        0.342317
     576        0.000100        0.384717        0.345586
     577        0.000100        0.384090        0.342425
     578        0.000100        0.385571        0.343224
     579        0.000100        0.393261        0.348202
     580        0.000100        0.384998        0.342802
     581        0.000100        0.390570        0.347827
     582        0.000100        0.386324        0.344175
     583        0.000100        0.387622        0.344762
     584        0.000100        0.397005        0.353738
     585        0.000100        0.388398        0.344101
     586        0.000100        0.394529        0.349160
     587        0.000100        0.386199        0.342710
     588        0.000100        0.395292        0.349365
     589        0.000100        0.392479        0.343346
     590        0.000100        0.391366        0.348953
     591        0.000100        0.390798        0.344128
     592        0.000100        0.385083        0.342747
     593        0.000100        0.395892        0.343810
     594        0.000100        0.390245        0.349129
     595        0.000100        0.413316        0.366648
     596        0.000100        0.395973        0.349545
     597        0.000100        0.394782        0.347190
     598        0.000100        0.392702        0.345413
     599        0.000100        0.392148        0.342676
     600        0.000100        0.386704        0.342456
     601        0.000100        0.390974        0.348345
     602        0.000100        0.389864        0.344239
     603        0.000100        0.392636        0.343517
     604        0.000100        0.385423        0.342360
     605        0.000100        0.393241        0.343915
     606        0.000100        0.391688        0.344618
     607        0.000100        0.393121        0.343626
     608        0.000100        0.390794        0.343697
     609        0.000100        0.393466        0.344151
     610        0.000100        0.390707        0.346634
     611        0.000100        0.393517        0.346426
     612        0.000100        0.392853        0.347901
     613        0.000100        0.393480        0.342856
     614        0.000100        0.399957        0.348215
     615        0.000100        0.409163        0.357456
     616        0.000100        0.395543        0.346979
     617        0.000100        0.393454        0.344285
     618        0.000100        0.390354        0.343475
     619        0.000100        0.400648        0.354310
     620        0.000100        0.392045        0.343039
     621        0.000100        0.402831        0.358458
     622        0.000100        0.390913        0.343134
     623        0.000100        0.393394        0.343531
     624        0.000100        0.397636        0.345895
     625        0.000100        0.398318        0.345756
     626        0.000100        0.396240        0.343743
     627        0.000100        0.408850        0.353576
     628        0.000100        0.394309        0.344168
     629        0.000100        0.395308        0.343343
     630        0.000100        0.402121        0.348745
     631        0.000100        0.403705        0.352348
     632        0.000100        0.402457        0.350364
     633        0.000100        0.402050        0.345458
     634        0.000100        0.394953        0.343112
     635        0.000100        0.398558        0.343317
     636        0.000100        0.402531        0.349709
     637        0.000100        0.394430        0.345086
     638        0.000100        0.397603        0.346237
     639        0.000100        0.395418        0.343998
     640        0.000100        0.400347        0.345979
     641        0.000100        0.404701        0.351107
     642        0.000100        0.397791        0.344769
     643        0.000100        0.400054        0.344983
     644        0.000100        0.405039        0.350209
     645        0.000100        0.400375        0.345075
     646        0.000100        0.398811        0.347392
     647        0.000100        0.399264        0.344278
     648        0.000100        0.408808        0.349791
     649        0.000100        0.399587        0.344508
     650        0.000100        0.397712        0.345369
     651        0.000100        0.405440        0.348739
     652        0.000100        0.401435        0.344668
     653        0.000100        0.401292        0.344734
     654        0.000100        0.400754        0.345382
     655        0.000100        0.419317        0.358368
     656        0.000100        0.400043        0.343329
     657        0.000100        0.415293        0.357946
     658        0.000100        0.431604        0.373978
     659        0.000100        0.398116        0.344504
     660        0.000100        0.399461        0.345843
     661        0.000100        0.402248        0.344720
     662        0.000100        0.398581        0.345241
     663        0.000100        0.402792        0.346514
     664        0.000100        0.397954        0.345667
     665        0.000100        0.408916        0.347284
     666        0.000100        0.399993        0.344519
     667        0.000100        0.402074        0.343433
     668        0.000100        0.400055        0.344141
     669        0.000100        0.405452        0.345223
     670        0.000100        0.401691        0.345179
     671        0.000100        0.408954        0.350442
     672        0.000100        0.405588        0.345105
     673        0.000100        0.404794        0.344323
     674        0.000100        0.406124        0.344837
     675        0.000100        0.411531        0.348471
     676        0.000100        0.403198        0.346341
     677        0.000100        0.412180        0.346548
     678        0.000100        0.414791        0.359863
     679        0.000100        0.406324        0.344708
     680        0.000100        0.405695        0.347664
     681        0.000100        0.405644        0.347176
     682        0.000100        0.408085        0.350231
     683        0.000100        0.405428        0.348753
     684        0.000100        0.404566        0.345381
     685        0.000100        0.409160        0.347418
     686        0.000100        0.403356        0.345528
     687        0.000100        0.406278        0.345559
     688        0.000100        0.401744        0.344523
     689        0.000100        0.428752        0.366036
     690        0.000100        0.408415        0.349871
     691        0.000100        0.412977        0.348914
     692        0.000100        0.409650        0.345616
     693        0.000100        0.410244        0.345748
     694        0.000100        0.403814        0.348905
     695        0.000100        0.411600        0.346925
     696        0.000100        0.419562        0.355244
     697        0.000100        0.413244        0.350720
     698        0.000100        0.404524        0.346296
     699        0.000100        0.409883        0.345554
     700        0.000100        0.406987        0.347841
     701        0.000100        0.411359        0.347199
     702        0.000100        0.412976        0.351708
     703        0.000100        0.408261        0.345865
     704        0.000100        0.409423        0.347215
     705        0.000100        0.410958        0.347618
     706        0.000100        0.410227        0.351507
     707        0.000100        0.408676        0.345875
     708        0.000100        0.409146        0.345618
     709        0.000100        0.413328        0.347013
     710        0.000100        0.410102        0.346837
     711        0.000100        0.410268        0.345504
     712        0.000100        0.406345        0.345939
     713        0.000100        0.408573        0.346921
     714        0.000100        0.408701        0.345718
     715        0.000100        0.413741        0.347762
     716        0.000100        0.429873        0.362761
     717        0.000100        0.417329        0.351435
     718        0.000100        0.414950        0.347357
     719        0.000100        0.415405        0.347023
     720        0.000100        0.409421        0.345631
     721        0.000100        0.413722        0.346346
     722        0.000100        0.409331        0.345430
     723        0.000100        0.429339        0.362143
     724        0.000100        0.411145        0.345744
     725        0.000100        0.416433        0.348249
     726        0.000100        0.410059        0.346003
     727        0.000100        0.414334        0.346590
     728        0.000100        0.410163        0.346405
     729        0.000100        0.416764        0.347179
     730        0.000100        0.414173        0.348059
     731        0.000100        0.415812        0.347585
     732        0.000100        0.416830        0.347967
     733        0.000100        0.420020        0.352245
     734        0.000100        0.421360        0.357204
     735        0.000100        0.422961        0.354503
     736        0.000100        0.412015        0.347390
     737        0.000050        0.412320        0.348229
     738        0.000050        0.413470        0.345863
     739        0.000050        0.413350        0.346451
     740        0.000050        0.412799        0.345598
     741        0.000050        0.415579        0.347337
     742        0.000050        0.415919        0.348219
     743        0.000050        0.417427        0.346982
     744        0.000050        0.414825        0.346895
     745        0.000050        0.419344        0.350686
     746        0.000050        0.415189        0.347697
     747        0.000050        0.418443        0.348204
     748        0.000050        0.414149        0.346550
     749        0.000050        0.416425        0.346029
     750        0.000050        0.415427        0.347403
     751        0.000050        0.420187        0.348940
     752        0.000050        0.419182        0.350257
     753        0.000050        0.420130        0.349973
     754        0.000050        0.415279        0.345591
     755        0.000050        0.417219        0.347448
     756        0.000050        0.415791        0.347081
     757        0.000050        0.416160        0.346681
     758        0.000050        0.418715        0.348132
     759        0.000050        0.417176        0.346189
     760        0.000050        0.416350        0.346763
     761        0.000050        0.424416        0.352747
     762        0.000050        0.424667        0.353282
     763        0.000050        0.421339        0.349046
     764        0.000050        0.416441        0.346119
     765        0.000050        0.418314        0.346624
     766        0.000050        0.418449        0.346353
     767        0.000050        0.422380        0.350930
     768        0.000050        0.416044        0.347204
     769        0.000050        0.419819        0.347405
     770        0.000050        0.415737        0.346262
     771        0.000050        0.417130        0.346720
     772        0.000050        0.416431        0.346454
     773        0.000050        0.418362        0.347558
     774        0.000050        0.417234        0.346265
     775        0.000050        0.417687        0.348502
     776        0.000050        0.415949        0.346319
     777        0.000050        0.420085        0.347289
     778        0.000050        0.419965        0.349478
     779        0.000050        0.419386        0.346288
     780        0.000050        0.419561        0.347404
     781        0.000050        0.418886        0.347753
     782        0.000050        0.418514        0.349673
     783        0.000050        0.420518        0.346579
     784        0.000050        0.420393        0.349033
     785        0.000050        0.418334        0.346735
     786        0.000050        0.419012        0.346729
     787        0.000050        0.426029        0.352099
     788        0.000050        0.419895        0.346760
     789        0.000050        0.421297        0.347956
     790        0.000050        0.418665        0.346372
     791        0.000050        0.424039        0.349485
     792        0.000050        0.420447        0.346691
     793        0.000050        0.419428        0.346949
     794        0.000050        0.420822        0.347392
     795        0.000050        0.421330        0.346905
     796        0.000050        0.421526        0.349097
     797        0.000050        0.420088        0.346562
     798        0.000050        0.421052        0.348041
     799        0.000050        0.424034        0.348217
     800        0.000050        0.418140        0.347049
     801        0.000050        0.420434        0.346816
     802        0.000050        0.419291        0.347413
     803        0.000050        0.424877        0.351398
     804        0.000050        0.420673        0.347432
     805        0.000050        0.424487        0.352648
     806        0.000050        0.420116        0.347484
     807        0.000050        0.424234        0.349479
     808        0.000050        0.418542        0.346433
     809        0.000050        0.423955        0.346883
     810        0.000050        0.420506        0.347752
     811        0.000050        0.422885        0.348045
     812        0.000050        0.420769        0.347620
     813        0.000050        0.419824        0.347945
     814        0.000050        0.419815        0.347172
     815        0.000050        0.423568        0.349585
     816        0.000050        0.422797        0.348531
     817        0.000050        0.420356        0.347427
     818        0.000050        0.423732        0.350887
     819        0.000050        0.420116        0.347300
     820        0.000050        0.423912        0.348363
     821        0.000050        0.421340        0.347725
     822        0.000050        0.431192        0.351264
     823        0.000050        0.421808        0.346919
     824        0.000050        0.422528        0.346998
     825        0.000050        0.421340        0.347256
     826        0.000050        0.422238        0.347689
     827        0.000050        0.422267        0.347489
     828        0.000050        0.429265        0.354066
     829        0.000050        0.420903        0.347462
     830        0.000050        0.425088        0.348925
     831        0.000050        0.425185        0.349343
     832        0.000050        0.424721        0.347862
     833        0.000050        0.431308        0.353757
     834        0.000050        0.424560        0.348084
     835        0.000050        0.424890        0.349840
     836        0.000050        0.425832        0.348335
     837        0.000050        0.423285        0.347961
     838        0.000050        0.430556        0.352689
     839        0.000050        0.429985        0.354001
     840        0.000050        0.426538        0.349861
     841        0.000050        0.430939        0.359310
     842        0.000050        0.435021        0.356710
     843        0.000050        0.424111        0.348784
     844        0.000050        0.424175        0.347945
     845        0.000050        0.424909        0.348262
     846        0.000050        0.426357        0.348524
     847        0.000050        0.425419        0.348055
     848        0.000050        0.424507        0.348592
     849        0.000050        0.425683        0.350029
     850        0.000050        0.423661        0.349220
     851        0.000050        0.427244        0.348218
     852        0.000050        0.429132        0.352749
     853        0.000050        0.425681        0.347223
     854        0.000050        0.424809        0.347498
     855        0.000050        0.425330        0.348287
     856        0.000050        0.422834        0.347744
     857        0.000050        0.425528        0.348146
     858        0.000050        0.424061        0.347658
     859        0.000050        0.426933        0.348663
     860        0.000050        0.424393        0.347995
     861        0.000050        0.425012        0.347462
     862        0.000050        0.424237        0.347028
     863        0.000050        0.427750        0.348966
     864        0.000050        0.424367        0.348101
     865        0.000050        0.426322        0.348296
     866        0.000050        0.428997        0.350616
     867        0.000050        0.426797        0.349322
     868        0.000050        0.428928        0.349288
     869        0.000050        0.425606        0.347974
     870        0.000050        0.424399        0.348513
     871        0.000050        0.428284        0.349044
     872        0.000050        0.425089        0.348120
     873        0.000050        0.427296        0.347338
     874        0.000050        0.426752        0.347885
     875        0.000050        0.428769        0.348967
     876        0.000050        0.426584        0.348112
     877        0.000050        0.428236        0.348417
     878        0.000050        0.431400        0.352168
     879        0.000050        0.428944        0.348472
     880        0.000050        0.426326        0.348334
     881        0.000050        0.426850        0.348872
     882        0.000050        0.429857        0.351771
     883        0.000050        0.426788        0.347831
     884        0.000050        0.429491        0.350734
     885        0.000050        0.427161        0.348148
     886        0.000050        0.426922        0.350469
     887        0.000050        0.428320        0.348767
     888        0.000050        0.428565        0.348773
     889        0.000050        0.427783        0.348420
     890        0.000050        0.430632        0.349555
     891        0.000050        0.426435        0.348355
     892        0.000050        0.424741        0.347376
     893        0.000050        0.436377        0.354581
     894        0.000050        0.429015        0.349435
     895        0.000050        0.427541        0.347675
     896        0.000050        0.427133        0.348517
     897        0.000050        0.429700        0.348745
     898        0.000050        0.428481        0.348082
     899        0.000050        0.431191        0.349641
     900        0.000050        0.427982        0.349452
     901        0.000050        0.429436        0.349057
     902        0.000050        0.429800        0.351480
     903        0.000050        0.429048        0.348243
     904        0.000050        0.429418        0.348205
     905        0.000050        0.425063        0.348051
     906        0.000050        0.428351        0.348005
     907        0.000050        0.428209        0.348186
     908        0.000050        0.426418        0.347716
     909        0.000050        0.429671        0.348218
     910        0.000050        0.430111        0.349071
     911        0.000050        0.430295        0.348098
     912        0.000050        0.427354        0.348301
     913        0.000050        0.430476        0.348835
     914        0.000050        0.432141        0.351752
     915        0.000050        0.429388        0.348352
     916        0.000050        0.429993        0.348932
     917        0.000050        0.430494        0.348969
     918        0.000050        0.431748        0.351224
     919        0.000050        0.432589        0.349603
     920        0.000050        0.432100        0.349414
     921        0.000050        0.430881        0.348934
     922        0.000050        0.436255        0.354793
     923        0.000050        0.428869        0.348683
     924        0.000050        0.431617        0.349159
     925        0.000050        0.429171        0.347892
     926        0.000050        0.432504        0.349811
     927        0.000050        0.430873        0.348785
     928        0.000050        0.435073        0.351298
     929        0.000050        0.429034        0.348649
     930        0.000050        0.431717        0.348503
     931        0.000050        0.430436        0.348453
     932        0.000050        0.436185        0.354237
     933        0.000050        0.432639        0.349143
     934        0.000050        0.432800        0.348691
     935        0.000050        0.431366        0.349580
     936        0.000050        0.433046        0.350774
     937        0.000050        0.430447        0.350145
     938        0.000050        0.444105        0.359654
     939        0.000050        0.431759        0.349655
     940        0.000050        0.435287        0.350615
     941        0.000050        0.429458        0.348308
     942        0.000050        0.432988        0.349007
     943        0.000050        0.431623        0.349875
     944        0.000050        0.432773        0.349536
     945        0.000050        0.434425        0.350968
     946        0.000050        0.434571        0.349215
     947        0.000050        0.434846        0.351046
     948        0.000050        0.432549        0.348352
     949        0.000050        0.433386        0.348983
     950        0.000050        0.432676        0.348525
     951        0.000050        0.434273        0.348611
     952        0.000050        0.433301        0.348964
     953        0.000050        0.433978        0.349992
     954        0.000050        0.437502        0.350679
     955        0.000050        0.434922        0.350372
     956        0.000050        0.434951        0.351141
     957        0.000050        0.436190        0.350725
     958        0.000050        0.436482        0.350052
     959        0.000050        0.432900        0.349183
     960        0.000050        0.436516        0.350152
     961        0.000050        0.431233        0.349335
     962        0.000050        0.433810        0.351142
     963        0.000050        0.432188        0.349130
     964        0.000050        0.437423        0.350321
     965        0.000050        0.432829        0.348933
     966        0.000050        0.436314        0.349171
     967        0.000050        0.432683        0.349078
     968        0.000050        0.436682        0.349040
     969        0.000050        0.435910        0.354360
     970        0.000050        0.435509        0.349897
     971        0.000050        0.434106        0.349049
     972        0.000050        0.436518        0.350186
     973        0.000050        0.439226        0.351101
     974        0.000050        0.436444        0.350425
     975        0.000050        0.435663        0.349939
     976        0.000050        0.437594        0.350739
     977        0.000050        0.433837        0.348842
     978        0.000050        0.438020        0.349757
     979        0.000050        0.436512        0.350344
     980        0.000050        0.436807        0.349625
     981        0.000050        0.436388        0.350505
     982        0.000050        0.436645        0.349761
     983        0.000050        0.439730        0.352203
     984        0.000050        0.437617        0.350150
     985        0.000050        0.433441        0.348680
     986        0.000050        0.441829        0.353802
     987        0.000050        0.433231        0.349868
     988        0.000050        0.435702        0.349405
     989        0.000050        0.439477        0.351856
     990        0.000050        0.436434        0.350079
     991        0.000050        0.435351        0.349581
     992        0.000050        0.436285        0.348980
     993        0.000050        0.435530        0.349233
     994        0.000050        0.436561        0.350577
     995        0.000050        0.457314        0.367697
     996        0.000050        0.439985        0.350804
     997        0.000050        0.437051        0.349618
     998        0.000050        0.436873        0.351886
     999        0.000050        0.435173        0.348916
    1000        0.000050        0.435927        0.350448
    1001        0.000050        0.437034        0.349383
    1002        0.000050        0.441841        0.353680
    1003        0.000050        0.440163        0.354069
    1004        0.000050        0.441468        0.351757
    1005        0.000050        0.442117        0.354365
    1006        0.000050        0.440400        0.349726
    1007        0.000050        0.437723        0.352647
    1008        0.000050        0.438674        0.349991
    1009        0.000050        0.437516        0.349966
    1010        0.000050        0.441961        0.354571
    1011        0.000050        0.437432        0.350677
    1012        0.000050        0.442476        0.353146
    1013        0.000050        0.436777        0.349507
    1014        0.000050        0.438674        0.349604
    1015        0.000050        0.435784        0.349309
    1016        0.000050        0.443110        0.353619
    1017        0.000050        0.437584        0.350202
    1018        0.000050        0.446283        0.354629
    1019        0.000050        0.435890        0.349808
    1020        0.000050        0.439854        0.349427
    1021        0.000050        0.442584        0.351528
    1022        0.000050        0.444870        0.354783
    1023        0.000050        0.440725        0.350068
    1024        0.000050        0.443201        0.352173
    1025        0.000050        0.439859        0.350502
    1026        0.000050        0.438467        0.350510
    1027        0.000050        0.440447        0.349702
    1028        0.000050        0.441626        0.351117
    1029        0.000050        0.439495        0.349315
    1030        0.000050        0.440629        0.350262
    1031        0.000050        0.444831        0.352200
    1032        0.000050        0.443810        0.353027
    1033        0.000050        0.444068        0.351538
    1034        0.000050        0.452343        0.358550
    1035        0.000050        0.441434        0.350232
    1036        0.000050        0.441222        0.353160
    1037        0.000050        0.442132        0.351298
    1038        0.000025        0.438477        0.349340
    1039        0.000025        0.439560        0.349428
    1040        0.000025        0.440740        0.349999
    1041        0.000025        0.440721        0.349998
    1042        0.000025        0.441597        0.350161
    1043        0.000025        0.441644        0.349951
    1044        0.000025        0.444338        0.352139
    1045        0.000025        0.440760        0.349878
    1046        0.000025        0.440549        0.349562
    1047        0.000025        0.440727        0.349920
    1048        0.000025        0.440068        0.349673
    1049        0.000025        0.440978        0.349554
    1050        0.000025        0.442850        0.351689
    1051        0.000025        0.439867        0.349542
    1052        0.000025        0.441030        0.350434
    1053        0.000025        0.447061        0.353624
    1054        0.000025        0.441932        0.350308
    1055        0.000025        0.441702        0.349969
    1056        0.000025        0.441897        0.350433
    1057        0.000025        0.439774        0.349713
    1058        0.000025        0.442119        0.350625
    1059        0.000025        0.442277        0.349846
    1060        0.000025        0.441246        0.349891
    1061        0.000025        0.440706        0.350128
    1062        0.000025        0.441732        0.349996
    1063        0.000025        0.441095        0.349733
    1064        0.000025        0.441837        0.350072
    1065        0.000025        0.442268        0.350959
    1066        0.000025        0.440918        0.349599
    1067        0.000025        0.442439        0.350615
    1068        0.000025        0.441958        0.350112
    1069        0.000025        0.442466        0.351227
    1070        0.000025        0.442624        0.351824
    1071        0.000025        0.442782        0.350070
    1072        0.000025        0.444703        0.351446
    1073        0.000025        0.442370        0.350325
    1074        0.000025        0.442040        0.350439
    1075        0.000025        0.444684        0.350806
    1076        0.000025        0.444423        0.351804
    1077        0.000025        0.441499        0.350071
    1078        0.000025        0.445128        0.352846
    1079        0.000025        0.443334        0.350542
    1080        0.000025        0.442948        0.350032
    1081        0.000025        0.444632        0.351408
    1082        0.000025        0.442393        0.350207
    1083        0.000025        0.446187        0.352696
    1084        0.000025        0.443778        0.351057
    1085        0.000025        0.443104        0.350397
    1086        0.000025        0.444054        0.350473
    1087        0.000025        0.441997        0.350084
    1088        0.000025        0.443073        0.352443
    1089        0.000025        0.442104        0.349902
    1090        0.000025        0.443116        0.349955
    1091        0.000025        0.441727        0.350515
    1092        0.000025        0.444128        0.350445
    1093        0.000025        0.442817        0.350642
    1094        0.000025        0.443238        0.350089
    1095        0.000025        0.448000        0.354127
    1096        0.000025        0.444648        0.350306
    1097        0.000025        0.442186        0.350051
    1098        0.000025        0.444884        0.350842
    1099        0.000025        0.442000        0.349958
    1100        0.000025        0.444315        0.349907
    1101        0.000025        0.443382        0.350609
    1102        0.000025        0.444082        0.350739
    1103        0.000025        0.443733        0.350084
    1104        0.000025        0.443889        0.350096
    1105        0.000025        0.444515        0.350899
    1106        0.000025        0.444688        0.351032
    1107        0.000025        0.443503        0.350373
    1108        0.000025        0.444391        0.350356
    1109        0.000025        0.444573        0.350872
    1110        0.000025        0.443437        0.350127
    1111        0.000025        0.442783        0.351178
    1112        0.000025        0.446232        0.351911
    1113        0.000025        0.446494        0.353037
    1114        0.000025        0.444743        0.350506
    1115        0.000025        0.442031        0.349775
    1116        0.000025        0.444087        0.350280
    1117        0.000025        0.444633        0.350806
    1118        0.000025        0.443983        0.350422
    1119        0.000025        0.449671        0.355774
    1120        0.000025        0.445996        0.350676
    1121        0.000025        0.443290        0.350349
