       0        0.000100     3726.983861       60.644058
       1        0.000100     3297.614590       57.003002
       2        0.000100     2812.539430       52.588669
       3        0.000100     2280.667217       47.274162
       4        0.000100     1737.913768       41.141323
       5        0.000100     1231.283330       34.430546
       6        0.000100      802.472146       27.477812
       7        0.000100      479.035292       20.728674
       8        0.000100      265.986188       14.783237
       9        0.000100      146.075713       10.390720
      10        0.000100       88.937244        7.829910
      11        0.000100       65.269284        6.611288
      12        0.000100       55.185263        6.024422
      13        0.000100       49.397638        5.661294
      14        0.000100       44.770119        5.363775
      15        0.000100       40.541748        5.086349
      16        0.000100       36.581485        4.817848
      17        0.000100       32.842808        4.552509
      18        0.000100       29.359591        4.288982
      19        0.000100       26.134204        4.032842
      20        0.000100       23.206260        3.781125
      21        0.000100       20.535340        3.549633
      22        0.000100       18.137855        3.325281
      23        0.000100       15.997454        3.111111
      24        0.000100       14.121427        2.924783
      25        0.000100       12.385144        2.724752
      26        0.000100       10.880812        2.543622
      27        0.000100        9.555064        2.369718
      28        0.000100        8.383916        2.203748
      29        0.000100        7.360155        2.053931
      30        0.000100        6.484782        1.930279
      31        0.000100        5.711275        1.804184
      32        0.000100        5.035064        1.677204
      33        0.000100        4.473860        1.584668
      34        0.000100        3.987342        1.493752
      35        0.000100        3.573690        1.398281
      36        0.000100        3.224681        1.338446
      37        0.000100        2.922464        1.268439
      38        0.000100        2.670636        1.214768
      39        0.000100        2.455088        1.166822
      40        0.000100        2.271978        1.126196
      41        0.000100        2.106301        1.083655
      42        0.000100        1.958468        1.043018
      43        0.000100        1.852806        1.022126
      44        0.000100        1.720772        0.974198
      45        0.000100        1.618756        0.944291
      46        0.000100        1.525151        0.919716
      47        0.000100        1.445472        0.896343
      48        0.000100        1.364162        0.867755
      49        0.000100        1.295109        0.842417
      50        0.000100        1.229588        0.822059
      51        0.000100        1.170268        0.800952
      52        0.000100        1.115269        0.782435
      53        0.000100        1.066291        0.764622
      54        0.000100        1.017838        0.748098
      55        0.000100        0.974936        0.733131
      56        0.000100        0.934294        0.718039
      57        0.000100        0.896557        0.704116
      58        0.000100        0.862988        0.693076
      59        0.000100        0.829840        0.680359
      60        0.000100        0.796400        0.665454
      61        0.000100        0.768537        0.656377
      62        0.000100        0.732933        0.638929
      63        0.000100        0.700441        0.624299
      64        0.000100        0.671318        0.612079
      65        0.000100        0.648226        0.598605
      66        0.000100        0.615517        0.584603
      67        0.000100        0.595602        0.580343
      68        0.000100        0.566298        0.563839
      69        0.000100        0.544486        0.552835
      70        0.000100        0.525384        0.543938
      71        0.000100        0.507206        0.535456
      72        0.000100        0.489461        0.524683
      73        0.000100        0.475042        0.515975
      74        0.000100        0.461019        0.511999
      75        0.000100        0.443739        0.501132
      76        0.000100        0.429979        0.492847
      77        0.000100        0.419795        0.485888
      78        0.000100        0.415387        0.487464
      79        0.000100        0.398617        0.474132
      80        0.000100        0.391656        0.471834
      81        0.000100        0.382057        0.463513
      82        0.000100        0.374715        0.461040
      83        0.000100        0.366320        0.455427
      84        0.000100        0.360606        0.451767
      85        0.000100        0.354341        0.445795
      86        0.000100        0.358373        0.453067
      87        0.000100        0.344840        0.438901
      88        0.000100        0.339777        0.437160
      89        0.000100        0.346498        0.445968
      90        0.000100        0.328292        0.427432
      91        0.000100        0.324176        0.425460
      92        0.000100        0.324333        0.425670
      93        0.000100        0.325354        0.423250
      94        0.000100        0.313385        0.415979
      95        0.000100        0.312265        0.413224
      96        0.000100        0.326210        0.422626
      97        0.000100        0.308464        0.408933
      98        0.000100        0.301023        0.405477
      99        0.000100        0.301262        0.404552
     100        0.000100        0.297156        0.399091
     101        0.000100        0.295757        0.397469
     102        0.000100        0.294969        0.395783
     103        0.000100        0.302050        0.400155
     104        0.000100        0.293433        0.392197
     105        0.000100        0.295787        0.396249
     106        0.000100        0.288608        0.387638
     107        0.000100        0.288035        0.387092
     108        0.000100        0.287778        0.384219
     109        0.000100        0.291519        0.386280
     110        0.000100        0.289002        0.382798
     111        0.000100        0.286481        0.381503
     112        0.000100        0.284903        0.378399
     113        0.000100        0.286456        0.378783
     114        0.000100        0.285788        0.378297
     115        0.000100        0.286002        0.376561
     116        0.000100        0.285684        0.373909
     117        0.000100        0.290074        0.376695
     118        0.000100        0.287081        0.374364
     119        0.000100        0.285418        0.371056
     120        0.000100        0.285281        0.369337
     121        0.000100        0.288386        0.370918
     122        0.000100        0.289871        0.369226
     123        0.000100        0.289647        0.368124
     124        0.000100        0.287579        0.365706
     125        0.000100        0.288916        0.365104
     126        0.000100        0.291954        0.364851
     127        0.000100        0.290850        0.363957
     128        0.000100        0.292482        0.363989
     129        0.000100        0.292067        0.362449
     130        0.000100        0.297724        0.366484
     131        0.000100        0.296790        0.362783
     132        0.000100        0.297028        0.361711
     133        0.000100        0.300466        0.364262
     134        0.000100        0.296561        0.359138
     135        0.000100        0.298104        0.359112
     136        0.000100        0.300794        0.359276
     137        0.000100        0.301648        0.359666
     138        0.000100        0.305075        0.360384
     139        0.000100        0.302695        0.356933
     140        0.000100        0.304394        0.358615
     141        0.000100        0.302976        0.354942
     142        0.000100        0.312903        0.362452
     143        0.000100        0.305060        0.354919
     144        0.000100        0.306031        0.354010
     145        0.000100        0.308201        0.353448
     146        0.000100        0.314355        0.358618
     147        0.000100        0.320910        0.361289
     148        0.000100        0.310539        0.352683
     149        0.000100        0.313405        0.352811
     150        0.000100        0.315484        0.352511
     151        0.000100        0.317919        0.355854
     152        0.000100        0.316245        0.351819
     153        0.000100        0.315059        0.350731
     154        0.000100        0.318884        0.351092
     155        0.000100        0.326017        0.359667
     156        0.000100        0.318350        0.349250
     157        0.000100        0.323116        0.350814
     158        0.000100        0.321768        0.349373
     159        0.000100        0.326203        0.350688
     160        0.000100        0.331889        0.354291
     161        0.000100        0.327425        0.348510
     162        0.000100        0.329451        0.348136
     163        0.000100        0.329248        0.347589
     164        0.000100        0.332934        0.348438
     165        0.000100        0.333556        0.348627
     166        0.000100        0.332127        0.346615
     167        0.000100        0.340728        0.356692
     168        0.000100        0.336347        0.347783
     169        0.000100        0.335969        0.346989
     170        0.000100        0.338605        0.346723
     171        0.000100        0.337793        0.345800
     172        0.000100        0.346333        0.351913
     173        0.000100        0.340979        0.346305
     174        0.000100        0.343736        0.346617
     175        0.000100        0.342846        0.345417
     176        0.000100        0.345673        0.346893
     177        0.000100        0.362431        0.359942
     178        0.000100        0.356740        0.351506
     179        0.000100        0.355782        0.350512
     180        0.000100        0.368568        0.359102
     181        0.000100        0.351223        0.344368
     182        0.000100        0.352947        0.345608
     183        0.000100        0.355165        0.346847
     184        0.000100        0.354048        0.345302
     185        0.000100        0.359698        0.347014
     186        0.000100        0.357016        0.346969
     187        0.000100        0.358440        0.345556
     188        0.000100        0.355138        0.345012
     189        0.000100        0.363510        0.345923
     190        0.000100        0.361741        0.346273
     191        0.000100        0.364240        0.348391
     192        0.000100        0.363763        0.343832
     193        0.000100        0.365347        0.344670
     194        0.000100        0.363718        0.343991
     195        0.000100        0.363401        0.342176
     196        0.000100        0.373774        0.349936
     197        0.000100        0.368155        0.342780
     198        0.000100        0.371543        0.343470
     199        0.000100        0.372008        0.348936
     200        0.000100        0.382350        0.354374
     201        0.000100        0.371901        0.343264
     202        0.000100        0.371895        0.343969
     203        0.000100        0.373050        0.343963
     204        0.000100        0.375395        0.346098
     205        0.000100        0.374308        0.342943
     206        0.000100        0.371550        0.342911
     207        0.000100        0.378110        0.343768
     208        0.000100        0.374620        0.344300
     209        0.000100        0.375995        0.343590
     210        0.000100        0.376521        0.341684
     211        0.000100        0.375016        0.341966
     212        0.000100        0.375856        0.343092
     213        0.000100        0.375647        0.342365
     214        0.000100        0.382797        0.343142
     215        0.000100        0.381201        0.346557
     216        0.000100        0.391947        0.349309
     217        0.000100        0.386929        0.341391
     218        0.000100        0.386440        0.341659
     219        0.000100        0.383677        0.346453
     220        0.000100        0.383646        0.345013
     221        0.000100        0.382853        0.341820
     222        0.000100        0.384284        0.344969
     223        0.000100        0.389617        0.341927
     224        0.000100        0.387759        0.341688
     225        0.000100        0.388364        0.342860
     226        0.000100        0.387472        0.341361
     227        0.000100        0.394167        0.342900
     228        0.000100        0.390700        0.342735
     229        0.000100        0.393944        0.341239
     230        0.000100        0.395916        0.344390
     231        0.000100        0.392546        0.339765
     232        0.000100        0.394834        0.341437
     233        0.000100        0.392280        0.340369
     234        0.000100        0.389527        0.340778
     235        0.000100        0.402753        0.343120
     236        0.000100        0.396093        0.343691
     237        0.000100        0.394696        0.340398
     238        0.000100        0.404490        0.349351
     239        0.000100        0.395778        0.340959
     240        0.000100        0.396749        0.340288
     241        0.000100        0.406739        0.347530
     242        0.000100        0.400114        0.340885
     243        0.000100        0.397208        0.341882
     244        0.000100        0.401143        0.340759
     245        0.000100        0.394642        0.339368
     246        0.000100        0.403028        0.344230
     247        0.000100        0.400654        0.340484
     248        0.000100        0.406393        0.341849
     249        0.000100        0.405205        0.344645
     250        0.000100        0.397676        0.342733
     251        0.000100        0.407556        0.341083
     252        0.000100        0.407750        0.341936
     253        0.000100        0.402816        0.339473
     254        0.000100        0.407495        0.341571
     255        0.000100        0.412594        0.341688
     256        0.000100        0.403084        0.340028
     257        0.000100        0.410474        0.340625
     258        0.000100        0.408029        0.343995
     259        0.000100        0.412363        0.343979
     260        0.000100        0.416147        0.345038
     261        0.000100        0.411318        0.341452
     262        0.000100        0.418455        0.343556
     263        0.000100        0.410166        0.341233
     264        0.000100        0.425562        0.352719
     265        0.000100        0.415132        0.340710
     266        0.000100        0.419709        0.340959
     267        0.000100        0.412184        0.340172
     268        0.000100        0.414000        0.343182
     269        0.000100        0.417364        0.340597
     270        0.000100        0.411125        0.340420
     271        0.000100        0.414856        0.340230
     272        0.000100        0.418643        0.347717
     273        0.000100        0.423456        0.346074
     274        0.000100        0.424732        0.345399
     275        0.000100        0.427200        0.345833
     276        0.000100        0.421559        0.344498
     277        0.000100        0.423002        0.342588
     278        0.000100        0.422397        0.342747
     279        0.000100        0.420919        0.339789
     280        0.000100        0.422530        0.342802
     281        0.000100        0.427209        0.348061
     282        0.000100        0.421928        0.341539
     283        0.000100        0.433192        0.344184
     284        0.000100        0.430308        0.341188
     285        0.000100        0.426938        0.340582
     286        0.000100        0.423517        0.341690
     287        0.000100        0.426302        0.340182
     288        0.000100        0.430112        0.340846
     289        0.000100        0.428771        0.340495
     290        0.000100        0.430765        0.340953
     291        0.000100        0.431491        0.340262
     292        0.000100        0.432763        0.341464
     293        0.000100        0.429807        0.340620
     294        0.000100        0.439632        0.342562
     295        0.000100        0.431860        0.341368
     296        0.000100        0.433224        0.342428
     297        0.000100        0.433458        0.342081
     298        0.000100        0.433193        0.340779
     299        0.000100        0.432814        0.340537
     300        0.000100        0.436647        0.344001
     301        0.000100        0.434815        0.340345
     302        0.000100        0.441429        0.345060
     303        0.000100        0.445120        0.346965
     304        0.000100        0.436737        0.344836
     305        0.000100        0.436570        0.348706
     306        0.000100        0.441943        0.341852
     307        0.000100        0.435622        0.340884
     308        0.000100        0.434167        0.340890
     309        0.000100        0.436932        0.340691
     310        0.000100        0.450199        0.343950
     311        0.000100        0.443691        0.346021
     312        0.000100        0.436687        0.341535
     313        0.000100        0.441157        0.341291
     314        0.000100        0.440112        0.340892
     315        0.000100        0.442438        0.341462
     316        0.000100        0.450651        0.350015
     317        0.000100        0.443833        0.341388
     318        0.000100        0.441626        0.342018
     319        0.000100        0.442368        0.342556
     320        0.000100        0.446394        0.340871
     321        0.000100        0.454535        0.348086
     322        0.000100        0.451348        0.343692
     323        0.000100        0.448430        0.341309
     324        0.000100        0.446089        0.343912
     325        0.000100        0.450375        0.342064
     326        0.000100        0.449763        0.341625
     327        0.000100        0.453353        0.346995
     328        0.000100        0.458142        0.343622
     329        0.000100        0.452339        0.341053
     330        0.000100        0.450369        0.342214
     331        0.000100        0.444805        0.341091
     332        0.000100        0.456868        0.344043
     333        0.000100        0.454343        0.341587
     334        0.000100        0.458550        0.343029
     335        0.000100        0.457285        0.344460
     336        0.000100        0.452421        0.340982
     337        0.000100        0.453159        0.343313
     338        0.000100        0.455737        0.347861
     339        0.000100        0.455978        0.342424
     340        0.000100        0.457010        0.341858
     341        0.000100        0.455755        0.346556
     342        0.000100        0.454425        0.342053
     343        0.000100        0.454982        0.346141
     344        0.000100        0.454374        0.343655
     345        0.000100        0.450243        0.343323
     346        0.000100        0.457132        0.341831
     347        0.000100        0.462650        0.343817
     348        0.000100        0.455549        0.341215
     349        0.000100        0.450348        0.341154
     350        0.000100        0.457573        0.341159
     351        0.000100        0.460120        0.341597
     352        0.000100        0.461417        0.343206
     353        0.000100        0.457310        0.341896
     354        0.000100        0.458733        0.343059
     355        0.000100        0.468921        0.350260
     356        0.000100        0.455007        0.342080
     357        0.000100        0.460826        0.343292
     358        0.000100        0.464561        0.346107
     359        0.000100        0.465183        0.343209
     360        0.000100        0.467281        0.345353
     361        0.000100        0.460694        0.342208
     362        0.000100        0.464958        0.342241
     363        0.000100        0.463656        0.342115
     364        0.000100        0.465155        0.343407
     365        0.000100        0.467938        0.344027
     366        0.000100        0.469670        0.343464
     367        0.000100        0.464526        0.345409
     368        0.000100        0.475077        0.346801
     369        0.000100        0.466398        0.344209
     370        0.000100        0.462634        0.342403
     371        0.000100        0.472602        0.350961
     372        0.000100        0.462297        0.341192
     373        0.000100        0.471270        0.344963
     374        0.000100        0.471106        0.344223
     375        0.000100        0.464733        0.341502
     376        0.000100        0.483236        0.352899
     377        0.000100        0.469579        0.342306
     378        0.000100        0.483877        0.350939
     379        0.000100        0.469288        0.342633
     380        0.000100        0.480741        0.348904
     381        0.000100        0.465964        0.341723
     382        0.000100        0.471925        0.342426
     383        0.000100        0.473362        0.341997
     384        0.000100        0.469563        0.342108
     385        0.000100        0.475948        0.343532
     386        0.000100        0.480591        0.351516
     387        0.000100        0.475789        0.341426
     388        0.000100        0.469862        0.342293
     389        0.000100        0.475113        0.343263
     390        0.000100        0.472415        0.342978
     391        0.000100        0.470829        0.343032
     392        0.000100        0.475396        0.344323
     393        0.000100        0.472372        0.343414
     394        0.000100        0.472781        0.342907
     395        0.000100        0.474066        0.343670
     396        0.000100        0.478267        0.343022
     397        0.000100        0.475958        0.346180
     398        0.000100        0.474209        0.343276
     399        0.000100        0.473081        0.342874
     400        0.000100        0.474158        0.349130
     401        0.000100        0.472941        0.342404
     402        0.000100        0.473361        0.345587
     403        0.000100        0.475713        0.343479
     404        0.000100        0.478269        0.344272
     405        0.000100        0.479540        0.342519
     406        0.000100        0.478472        0.342726
     407        0.000100        0.478568        0.343337
     408        0.000100        0.487121        0.347689
     409        0.000100        0.485900        0.345735
     410        0.000100        0.480469        0.343562
     411        0.000100        0.480197        0.343614
     412        0.000100        0.473793        0.342783
     413        0.000100        0.471801        0.342462
     414        0.000100        0.490319        0.347387
     415        0.000100        0.482940        0.344534
     416        0.000100        0.484107        0.343531
     417        0.000100        0.481550        0.343106
     418        0.000100        0.487315        0.344669
     419        0.000100        0.481229        0.343787
     420        0.000100        0.482446        0.342868
     421        0.000100        0.480905        0.343329
     422        0.000100        0.476584        0.343121
     423        0.000100        0.481286        0.342623
     424        0.000100        0.486612        0.344453
     425        0.000100        0.484027        0.346030
     426        0.000100        0.483110        0.344320
     427        0.000100        0.487256        0.349368
     428        0.000100        0.483982        0.343118
     429        0.000100        0.481966        0.342637
     430        0.000100        0.480016        0.344636
     431        0.000100        0.482182        0.345439
     432        0.000100        0.484080        0.343878
     433        0.000100        0.489853        0.344389
     434        0.000100        0.484616        0.344361
     435        0.000100        0.485261        0.343568
     436        0.000100        0.482297        0.345100
     437        0.000100        0.480709        0.343734
     438        0.000100        0.486768        0.342999
     439        0.000100        0.485510        0.344625
     440        0.000100        0.496083        0.356701
     441        0.000100        0.486499        0.343709
     442        0.000100        0.482990        0.342931
     443        0.000100        0.484077        0.343294
     444        0.000100        0.492508        0.347119
     445        0.000100        0.493734        0.350263
     446        0.000100        0.486863        0.346090
     447        0.000100        0.496302        0.350297
     448        0.000100        0.488257        0.344835
     449        0.000100        0.485000        0.344082
     450        0.000100        0.486872        0.343677
     451        0.000100        0.491473        0.345135
     452        0.000100        0.493322        0.347948
     453        0.000100        0.488236        0.343750
     454        0.000100        0.483317        0.345276
     455        0.000100        0.490095        0.346451
     456        0.000100        0.489607        0.343811
     457        0.000100        0.490335        0.345415
     458        0.000100        0.492499        0.348108
     459        0.000100        0.501350        0.349327
     460        0.000100        0.485416        0.345351
     461        0.000100        0.493099        0.342993
     462        0.000100        0.492540        0.344503
     463        0.000100        0.489359        0.344409
     464        0.000100        0.495732        0.345850
     465        0.000100        0.484964        0.343621
     466        0.000100        0.491390        0.345433
     467        0.000100        0.501340        0.349697
     468        0.000100        0.490499        0.343759
     469        0.000100        0.489608        0.344926
     470        0.000100        0.499461        0.346692
     471        0.000100        0.493642        0.344462
     472        0.000100        0.491369        0.344406
     473        0.000100        0.490217        0.345795
     474        0.000100        0.495888        0.344427
     475        0.000100        0.495156        0.344940
     476        0.000100        0.491785        0.343851
     477        0.000100        0.488931        0.346431
     478        0.000100        0.494808        0.347440
     479        0.000100        0.490991        0.345159
     480        0.000100        0.494930        0.346088
     481        0.000100        0.497054        0.345347
     482        0.000100        0.491413        0.344117
     483        0.000100        0.499211        0.348214
     484        0.000100        0.491327        0.347378
     485        0.000100        0.492556        0.344686
     486        0.000100        0.495532        0.347359
     487        0.000100        0.497636        0.346154
     488        0.000100        0.496331        0.349548
     489        0.000100        0.505437        0.349548
     490        0.000100        0.492984        0.347004
     491        0.000100        0.507362        0.349398
     492        0.000100        0.496134        0.345388
     493        0.000100        0.500026        0.347345
     494        0.000100        0.490295        0.344208
     495        0.000100        0.500296        0.345659
     496        0.000100        0.498921        0.345772
     497        0.000100        0.497272        0.345824
     498        0.000100        0.492881        0.345026
     499        0.000100        0.499785        0.345244
     500        0.000100        0.504977        0.346834
     501        0.000100        0.488627        0.344024
     502        0.000100        0.503781        0.352161
     503        0.000100        0.501460        0.347060
     504        0.000100        0.497231        0.346608
     505        0.000100        0.497439        0.344940
     506        0.000100        0.495274        0.347169
     507        0.000100        0.497348        0.345095
     508        0.000100        0.498312        0.345908
     509        0.000100        0.489702        0.345599
     510        0.000100        0.496430        0.346061
     511        0.000100        0.499011        0.347930
     512        0.000100        0.509012        0.353001
     513        0.000100        0.503010        0.344933
     514        0.000100        0.508687        0.346580
     515        0.000100        0.497199        0.344607
     516        0.000100        0.505760        0.348535
     517        0.000100        0.501663        0.344569
     518        0.000100        0.504456        0.350795
     519        0.000100        0.501666        0.347231
     520        0.000100        0.495558        0.345548
     521        0.000100        0.504216        0.345898
     522        0.000100        0.507456        0.349815
     523        0.000100        0.500326        0.347134
     524        0.000100        0.499896        0.350483
     525        0.000100        0.499008        0.346351
     526        0.000100        0.511001        0.349953
     527        0.000100        0.506392        0.345830
     528        0.000100        0.496568        0.345544
     529        0.000100        0.500531        0.344562
     530        0.000100        0.503736        0.345266
     531        0.000100        0.512178        0.350133
     532        0.000100        0.497028        0.349504
     533        0.000100        0.507497        0.349950
     534        0.000100        0.498569        0.345236
     535        0.000100        0.503125        0.345277
     536        0.000100        0.501321        0.346920
     537        0.000100        0.508734        0.348151
     538        0.000100        0.504628        0.346742
     539        0.000100        0.502106        0.347525
     540        0.000100        0.502597        0.346954
     541        0.000100        0.505229        0.347313
     542        0.000100        0.508261        0.351957
     543        0.000100        0.507213        0.347917
     544        0.000100        0.504392        0.348224
     545        0.000100        0.502496        0.346376
     546        0.000050        0.505538        0.345612
     547        0.000050        0.501896        0.347986
     548        0.000050        0.506822        0.345976
     549        0.000050        0.508928        0.348405
     550        0.000050        0.503342        0.345937
     551        0.000050        0.502758        0.345113
     552        0.000050        0.507279        0.345945
     553        0.000050        0.503926        0.345707
     554        0.000050        0.504654        0.346907
     555        0.000050        0.506708        0.346741
     556        0.000050        0.501792        0.347978
     557        0.000050        0.502433        0.346015
     558        0.000050        0.504537        0.345792
     559        0.000050        0.505468        0.345480
     560        0.000050        0.503890        0.346420
     561        0.000050        0.504349        0.347481
     562        0.000050        0.505576        0.345998
     563        0.000050        0.505487        0.345818
     564        0.000050        0.503306        0.346171
     565        0.000050        0.506473        0.346518
     566        0.000050        0.505883        0.346624
     567        0.000050        0.508038        0.347468
     568        0.000050        0.504963        0.347448
     569        0.000050        0.506244        0.348243
     570        0.000050        0.509049        0.347394
     571        0.000050        0.505361        0.347500
     572        0.000050        0.510401        0.346249
     573        0.000050        0.508525        0.346891
     574        0.000050        0.509914        0.348476
     575        0.000050        0.508606        0.346302
     576        0.000050        0.508985        0.346366
     577        0.000050        0.509196        0.346720
     578        0.000050        0.511282        0.347121
     579        0.000050        0.512223        0.346350
     580        0.000050        0.508353        0.348128
     581        0.000050        0.508690        0.346958
     582        0.000050        0.507227        0.346582
     583        0.000050        0.508303        0.347107
     584        0.000050        0.511839        0.347329
     585        0.000050        0.507714        0.347048
     586        0.000050        0.510343        0.347203
     587        0.000050        0.508864        0.346543
     588        0.000050        0.506852        0.346703
     589        0.000050        0.508758        0.348330
     590        0.000050        0.514025        0.347794
     591        0.000050        0.509698        0.348202
     592        0.000050        0.509421        0.346925
     593        0.000050        0.512259        0.347228
     594        0.000050        0.508656        0.346974
     595        0.000050        0.507858        0.346816
     596        0.000050        0.514451        0.348833
     597        0.000050        0.509735        0.346547
     598        0.000050        0.509954        0.347053
     599        0.000050        0.511627        0.346984
     600        0.000050        0.512751        0.347169
     601        0.000050        0.510920        0.349247
     602        0.000050        0.509989        0.347416
     603        0.000050        0.515574        0.348745
     604        0.000050        0.508102        0.346730
     605        0.000050        0.513358        0.348515
     606        0.000050        0.510849        0.347074
     607        0.000050        0.508779        0.347330
     608        0.000050        0.515382        0.349232
     609        0.000050        0.512297        0.347429
     610        0.000050        0.513741        0.347182
     611        0.000050        0.512173        0.348430
     612        0.000050        0.510845        0.347168
     613        0.000050        0.511345        0.347844
     614        0.000050        0.511465        0.347092
     615        0.000050        0.511422        0.346990
     616        0.000050        0.517589        0.350091
     617        0.000050        0.512905        0.346683
     618        0.000050        0.509822        0.347113
     619        0.000050        0.513134        0.346691
     620        0.000050        0.512984        0.347597
     621        0.000050        0.515003        0.350125
     622        0.000050        0.511169        0.347789
     623        0.000050        0.508689        0.348176
     624        0.000050        0.513955        0.347586
     625        0.000050        0.510819        0.347433
     626        0.000050        0.515763        0.349888
     627        0.000050        0.513115        0.347439
     628        0.000050        0.513943        0.348203
     629        0.000050        0.511827        0.347100
     630        0.000050        0.513189        0.347884
     631        0.000050        0.514113        0.347404
     632        0.000050        0.513391        0.348416
     633        0.000050        0.515122        0.348447
     634        0.000050        0.513885        0.347105
     635        0.000050        0.513721        0.348602
     636        0.000050        0.514037        0.348589
     637        0.000050        0.511070        0.347013
     638        0.000050        0.508619        0.348954
     639        0.000050        0.516897        0.348937
     640        0.000050        0.513448        0.347924
     641        0.000050        0.508856        0.347608
     642        0.000050        0.514174        0.347738
     643        0.000050        0.514647        0.348930
     644        0.000050        0.521061        0.353968
     645        0.000050        0.512793        0.347356
     646        0.000050        0.514241        0.348589
     647        0.000050        0.514173        0.348026
     648        0.000050        0.516557        0.348503
     649        0.000050        0.512129        0.348564
     650        0.000050        0.515282        0.348352
     651        0.000050        0.513490        0.347573
     652        0.000050        0.514019        0.348470
     653        0.000050        0.515509        0.347648
     654        0.000050        0.515025        0.349441
     655        0.000050        0.514992        0.347890
     656        0.000050        0.513369        0.348425
     657        0.000050        0.516847        0.348109
     658        0.000050        0.516853        0.350671
     659        0.000050        0.516970        0.348704
     660        0.000050        0.516688        0.349452
     661        0.000050        0.518809        0.350706
     662        0.000050        0.514489        0.348727
     663        0.000050        0.516332        0.348516
     664        0.000050        0.511836        0.347561
     665        0.000050        0.515853        0.351241
     666        0.000050        0.517631        0.353540
     667        0.000050        0.515979        0.348632
     668        0.000050        0.517616        0.348012
     669        0.000050        0.517038        0.348968
     670        0.000050        0.514582        0.347907
     671        0.000050        0.515238        0.348285
     672        0.000050        0.517899        0.349474
     673        0.000050        0.513244        0.348026
     674        0.000050        0.516024        0.348548
     675        0.000050        0.516496        0.348132
     676        0.000050        0.517407        0.348823
     677        0.000050        0.525136        0.353227
     678        0.000050        0.520657        0.350009
     679        0.000050        0.513008        0.349324
     680        0.000050        0.518056        0.349106
     681        0.000050        0.517194        0.349352
     682        0.000050        0.519312        0.349507
     683        0.000050        0.519109        0.349169
     684        0.000050        0.518829        0.350146
     685        0.000050        0.517414        0.350627
     686        0.000050        0.515750        0.348549
     687        0.000050        0.515962        0.348995
     688        0.000050        0.518165        0.349442
     689        0.000050        0.517568        0.350211
     690        0.000050        0.519098        0.350403
     691        0.000050        0.517618        0.349618
     692        0.000050        0.517023        0.348580
     693        0.000050        0.517086        0.350092
     694        0.000050        0.519338        0.350967
     695        0.000050        0.518831        0.349394
     696        0.000050        0.519641        0.349791
     697        0.000050        0.516590        0.351194
     698        0.000050        0.516968        0.348363
     699        0.000050        0.512293        0.349270
     700        0.000050        0.519760        0.351364
     701        0.000050        0.519933        0.350891
     702        0.000050        0.519634        0.349175
     703        0.000050        0.520934        0.350748
     704        0.000050        0.518941        0.351346
     705        0.000050        0.516641        0.349287
     706        0.000050        0.518695        0.349869
     707        0.000050        0.521914        0.349362
     708        0.000050        0.518243        0.349450
     709        0.000050        0.522106        0.351336
     710        0.000050        0.515533        0.348832
     711        0.000050        0.518530        0.349487
     712        0.000050        0.519656        0.350825
     713        0.000050        0.521786        0.350742
     714        0.000050        0.520333        0.349810
     715        0.000050        0.520909        0.349815
     716        0.000050        0.522475        0.350204
     717        0.000050        0.520454        0.349965
     718        0.000050        0.524309        0.350314
     719        0.000050        0.522362        0.350351
     720        0.000050        0.522398        0.353864
     721        0.000050        0.526797        0.352771
     722        0.000050        0.520509        0.349360
     723        0.000050        0.520754        0.349907
     724        0.000050        0.517974        0.349823
     725        0.000050        0.519366        0.349232
     726        0.000050        0.524269        0.351436
     727        0.000050        0.525092        0.352896
     728        0.000050        0.517412        0.349428
     729        0.000050        0.524660        0.353299
     730        0.000050        0.523936        0.350039
     731        0.000050        0.524994        0.350749
     732        0.000050        0.518559        0.350966
     733        0.000050        0.522349        0.351041
     734        0.000050        0.526350        0.353113
     735        0.000050        0.524371        0.351116
     736        0.000050        0.522949        0.350895
     737        0.000050        0.523666        0.349893
     738        0.000050        0.524085        0.350128
     739        0.000050        0.521762        0.350643
     740        0.000050        0.519155        0.349584
     741        0.000050        0.526448        0.351733
     742        0.000050        0.516803        0.350025
     743        0.000050        0.530131        0.353970
     744        0.000050        0.520527        0.350447
     745        0.000050        0.523995        0.350237
     746        0.000050        0.523551        0.350546
     747        0.000050        0.523088        0.350242
     748        0.000050        0.523564        0.350614
     749        0.000050        0.527778        0.350587
     750        0.000050        0.525061        0.350748
     751        0.000050        0.526868        0.354414
     752        0.000050        0.528895        0.352472
     753        0.000050        0.524749        0.352321
     754        0.000050        0.523026        0.352300
     755        0.000050        0.526505        0.351674
     756        0.000050        0.523247        0.351339
     757        0.000050        0.521456        0.351083
     758        0.000050        0.523361        0.350739
     759        0.000050        0.523470        0.350369
     760        0.000050        0.525522        0.351610
     761        0.000050        0.523527        0.351374
     762        0.000050        0.522989        0.349966
     763        0.000050        0.521890        0.350237
     764        0.000050        0.521517        0.349771
     765        0.000050        0.522393        0.351472
     766        0.000050        0.525367        0.351305
     767        0.000050        0.522308        0.350399
     768        0.000050        0.524141        0.351422
     769        0.000050        0.523449        0.349853
     770        0.000050        0.521498        0.350917
     771        0.000050        0.524390        0.351690
     772        0.000050        0.526632        0.351746
     773        0.000050        0.524391        0.352981
     774        0.000050        0.522888        0.350850
     775        0.000050        0.523756        0.351456
     776        0.000050        0.523504        0.351250
     777        0.000050        0.526262        0.354248
     778        0.000050        0.526057        0.351258
     779        0.000050        0.524281        0.351134
     780        0.000050        0.526756        0.351276
     781        0.000050        0.528224        0.353670
     782        0.000050        0.522631        0.351735
     783        0.000050        0.525144        0.351206
     784        0.000050        0.527040        0.351732
     785        0.000050        0.525734        0.351353
     786        0.000050        0.523539        0.350565
     787        0.000050        0.525334        0.352140
     788        0.000050        0.523672        0.352047
     789        0.000050        0.524214        0.353659
     790        0.000050        0.525199        0.350722
     791        0.000050        0.530155        0.354537
     792        0.000050        0.527288        0.352204
     793        0.000050        0.526189        0.351820
     794        0.000050        0.526083        0.352829
     795        0.000050        0.525947        0.351635
     796        0.000050        0.528327        0.351843
     797        0.000050        0.526252        0.351179
     798        0.000050        0.527259        0.352796
     799        0.000050        0.527957        0.351866
     800        0.000050        0.528241        0.352882
     801        0.000050        0.529530        0.353089
     802        0.000050        0.528236        0.351918
     803        0.000050        0.527921        0.351743
     804        0.000050        0.528454        0.352407
     805        0.000050        0.529604        0.353364
     806        0.000050        0.526708        0.353163
     807        0.000050        0.526744        0.351137
     808        0.000050        0.529273        0.352328
     809        0.000050        0.529598        0.352099
     810        0.000050        0.528232        0.352057
     811        0.000050        0.527507        0.351232
     812        0.000050        0.525906        0.351409
     813        0.000050        0.530351        0.352368
     814        0.000050        0.528699        0.353631
     815        0.000050        0.530062        0.352689
     816        0.000050        0.529513        0.353212
     817        0.000050        0.528213        0.352155
     818        0.000050        0.528705        0.352194
     819        0.000050        0.525798        0.352153
     820        0.000050        0.527047        0.352028
     821        0.000050        0.529381        0.352781
     822        0.000050        0.529394        0.353514
     823        0.000050        0.529164        0.352639
     824        0.000050        0.530226        0.352233
     825        0.000050        0.533185        0.352334
     826        0.000050        0.526675        0.353243
     827        0.000050        0.527909        0.352512
     828        0.000050        0.527972        0.352796
     829        0.000050        0.530571        0.352292
     830        0.000050        0.526682        0.352291
     831        0.000050        0.529848        0.352348
     832        0.000050        0.532540        0.352949
     833        0.000050        0.533219        0.353415
     834        0.000050        0.526315        0.352262
     835        0.000050        0.530778        0.351819
     836        0.000050        0.530415        0.353010
     837        0.000050        0.529311        0.352121
     838        0.000050        0.530431        0.352246
     839        0.000050        0.533067        0.353589
     840        0.000050        0.532355        0.353059
     841        0.000050        0.533434        0.354443
     842        0.000050        0.531782        0.352959
     843        0.000050        0.527749        0.352379
     844        0.000050        0.527509        0.352115
     845        0.000050        0.531991        0.355792
     846        0.000050        0.535795        0.356685
     847        0.000025        0.531084        0.354179
     848        0.000025        0.531147        0.352310
     849        0.000025        0.532051        0.352665
     850        0.000025        0.532769        0.353596
     851        0.000025        0.530304        0.352727
     852        0.000025        0.531879        0.353348
     853        0.000025        0.533634        0.353876
     854        0.000025        0.530651        0.352640
     855        0.000025        0.529930        0.354039
     856        0.000025        0.537509        0.356117
     857        0.000025        0.531383        0.352823
     858        0.000025        0.532047        0.353184
     859        0.000025        0.532149        0.354142
     860        0.000025        0.532561        0.352833
     861        0.000025        0.531714        0.353268
     862        0.000025        0.532627        0.353472
     863        0.000025        0.533820        0.353736
     864        0.000025        0.532995        0.354328
     865        0.000025        0.533780        0.353821
     866        0.000025        0.532052        0.353532
     867        0.000025        0.534121        0.353573
     868        0.000025        0.535961        0.354414
     869        0.000025        0.534439        0.353868
     870        0.000025        0.531551        0.353261
     871        0.000025        0.533289        0.352916
     872        0.000025        0.532446        0.354154
     873        0.000025        0.533624        0.353043
     874        0.000025        0.533981        0.352959
     875        0.000025        0.535552        0.354446
     876        0.000025        0.533691        0.353426
     877        0.000025        0.532415        0.353275
     878        0.000025        0.535977        0.354215
     879        0.000025        0.535223        0.354178
     880        0.000025        0.533078        0.353163
     881        0.000025        0.532434        0.352870
     882        0.000025        0.532580        0.352752
     883        0.000025        0.531448        0.353598
     884        0.000025        0.535055        0.353655
     885        0.000025        0.532592        0.353841
     886        0.000025        0.534407        0.353388
     887        0.000025        0.533666        0.353680
     888        0.000025        0.536444        0.354233
     889        0.000025        0.536064        0.353948
     890        0.000025        0.537372        0.353714
     891        0.000025        0.534037        0.353258
     892        0.000025        0.533314        0.354069
     893        0.000025        0.534762        0.353702
     894        0.000025        0.538257        0.355675
     895        0.000025        0.535225        0.354104
     896        0.000025        0.534746        0.353301
     897        0.000025        0.533308        0.353378
     898        0.000025        0.536598        0.353952
     899        0.000025        0.534813        0.353450
     900        0.000025        0.533735        0.353228
     901        0.000025        0.534584        0.353411
     902        0.000025        0.534454        0.353530
     903        0.000025        0.535835        0.353683
     904        0.000025        0.534217        0.353863
     905        0.000025        0.534902        0.353636
     906        0.000025        0.534695        0.353921
     907        0.000025        0.534823        0.353710
     908        0.000025        0.535948        0.353404
     909        0.000025        0.536190        0.353684
     910        0.000025        0.534967        0.354103
     911        0.000025        0.533882        0.353406
     912        0.000025        0.534642        0.354970
     913        0.000025        0.535064        0.353926
     914        0.000025        0.536327        0.354587
     915        0.000025        0.538401        0.355187
     916        0.000025        0.535712        0.354636
     917        0.000025        0.534154        0.353113
     918        0.000025        0.535041        0.353723
     919        0.000025        0.536731        0.353796
     920        0.000025        0.533564        0.353823
     921        0.000025        0.537959        0.354043
     922        0.000025        0.534349        0.354968
     923        0.000025        0.535243        0.354275
     924        0.000025        0.534527        0.353810
     925        0.000025        0.537537        0.354224
     926        0.000025        0.535427        0.354109
     927        0.000025        0.536544        0.354278
     928        0.000025        0.537008        0.353956
     929        0.000025        0.535175        0.354053
     930        0.000025        0.536113        0.354565
     931        0.000025        0.533860        0.354896
     932        0.000025        0.539363        0.354825
     933        0.000025        0.537647        0.354263
     934        0.000025        0.535659        0.353791
     935        0.000025        0.536716        0.354636
     936        0.000025        0.539215        0.355581
     937        0.000025        0.536333        0.354213
     938        0.000025        0.537884        0.354416
     939        0.000025        0.537010        0.354312
     940        0.000025        0.536054        0.354129
     941        0.000025        0.538514        0.355650
     942        0.000025        0.538498        0.355310
     943        0.000025        0.536761        0.354506
     944        0.000025        0.539228        0.356176
     945        0.000025        0.538326        0.354856
     946        0.000025        0.536538        0.354228
     947        0.000025        0.536825        0.354389
     948        0.000025        0.536349        0.353912
     949        0.000025        0.538673        0.355163
     950        0.000025        0.536458        0.354170
     951        0.000025        0.535467        0.355060
     952        0.000025        0.538037        0.355023
     953        0.000025        0.536230        0.354638
     954        0.000025        0.538796        0.354985
     955        0.000025        0.536910        0.354189
     956        0.000025        0.539772        0.354767
     957        0.000025        0.535481        0.354249
     958        0.000025        0.536415        0.353956
     959        0.000025        0.537395        0.354362
     960        0.000025        0.540408        0.355619
     961        0.000025        0.535728        0.354074
     962        0.000025        0.536978        0.354447
     963        0.000025        0.537791        0.354520
     964        0.000025        0.537393        0.354835
     965        0.000025        0.538465        0.354433
     966        0.000025        0.537933        0.356476
     967        0.000025        0.538657        0.354500
     968        0.000025        0.537741        0.355301
     969        0.000025        0.538287        0.354422
     970        0.000025        0.539939        0.355092
     971        0.000025        0.539864        0.354543
     972        0.000025        0.537585        0.355435
     973        0.000025        0.538264        0.355411
     974        0.000025        0.538973        0.354832
     975        0.000025        0.536330        0.354516
     976        0.000025        0.537787        0.354812
     977        0.000025        0.538575        0.354697
     978        0.000025        0.538303        0.354863
     979        0.000025        0.537992        0.355141
     980        0.000025        0.540038        0.355073
     981        0.000025        0.538700        0.354955
     982        0.000025        0.537402        0.354261
     983        0.000025        0.539989        0.354817
     984        0.000025        0.542469        0.356666
     985        0.000025        0.540217        0.354860
     986        0.000025        0.538006        0.354467
     987        0.000025        0.538963        0.355225
     988        0.000025        0.537522        0.354567
     989        0.000025        0.538845        0.356502
     990        0.000025        0.540316        0.354954
     991        0.000025        0.537539        0.354892
     992        0.000025        0.540451        0.356147
     993        0.000025        0.538697        0.354376
     994        0.000025        0.539300        0.356126
     995        0.000025        0.539355        0.356312
     996        0.000025        0.540338        0.357661
     997        0.000025        0.540301        0.355686
     998        0.000025        0.540386        0.355157
     999        0.000025        0.540728        0.355979
    1000        0.000025        0.540732        0.356162
    1001        0.000025        0.540740        0.354887
    1002        0.000025        0.539865        0.355034
    1003        0.000025        0.541347        0.356544
    1004        0.000025        0.540593        0.354867
    1005        0.000025        0.540672        0.354959
    1006        0.000025        0.541525        0.355266
    1007        0.000025        0.539919        0.354910
    1008        0.000025        0.538896        0.354736
    1009        0.000025        0.541497        0.355548
    1010        0.000025        0.539941        0.356314
    1011        0.000025        0.539413        0.356338
    1012        0.000025        0.540769        0.355499
    1013        0.000025        0.539507        0.356348
    1014        0.000025        0.544246        0.357826
    1015        0.000025        0.539055        0.355078
    1016        0.000025        0.540069        0.354971
    1017        0.000025        0.540730        0.355193
    1018        0.000025        0.541013        0.355570
    1019        0.000025        0.540359        0.356078
    1020        0.000025        0.541133        0.355289
    1021        0.000025        0.541571        0.356174
    1022        0.000025        0.540390        0.355702
    1023        0.000025        0.540663        0.355153
    1024        0.000025        0.539286        0.355873
    1025        0.000025        0.541024        0.355950
    1026        0.000025        0.542745        0.355659
    1027        0.000025        0.543292        0.356516
    1028        0.000025        0.541062        0.355163
    1029        0.000025        0.539090        0.355193
    1030        0.000025        0.542503        0.355293
    1031        0.000025        0.540506        0.356059
    1032        0.000025        0.541313        0.355375
    1033        0.000025        0.541531        0.356688
    1034        0.000025        0.542376        0.355424
    1035        0.000025        0.542886        0.355656
    1036        0.000025        0.540733        0.355038
    1037        0.000025        0.542185        0.355111
    1038        0.000025        0.542116        0.355091
    1039        0.000025        0.542454        0.355591
    1040        0.000025        0.543921        0.355639
    1041        0.000025        0.543441        0.356021
    1042        0.000025        0.545005        0.356304
    1043        0.000025        0.544653        0.355600
    1044        0.000025        0.543356        0.355277
    1045        0.000025        0.545719        0.356822
    1046        0.000025        0.543182        0.356422
    1047        0.000025        0.544557        0.355717
    1048        0.000025        0.545383        0.356085
    1049        0.000025        0.544869        0.356340
    1050        0.000025        0.542735        0.355918
    1051        0.000025        0.543232        0.355985
    1052        0.000025        0.544611        0.356341
    1053        0.000025        0.545185        0.356077
    1054        0.000025        0.545513        0.355556
    1055        0.000025        0.542501        0.357022
    1056        0.000025        0.545214        0.360253
    1057        0.000025        0.544186        0.355792
    1058        0.000025        0.544260        0.355994
    1059        0.000025        0.542349        0.356447
    1060        0.000025        0.544010        0.356091
    1061        0.000025        0.542679        0.355732
    1062        0.000025        0.543425        0.356147
    1063        0.000025        0.545688        0.357606
    1064        0.000025        0.544794        0.356624
    1065        0.000025        0.544531        0.355896
    1066        0.000025        0.544130        0.357567
    1067        0.000025        0.541930        0.355771
    1068        0.000025        0.543716        0.356144
    1069        0.000025        0.543542        0.355882
    1070        0.000025        0.544912        0.356534
    1071        0.000025        0.543536        0.356188
    1072        0.000025        0.544120        0.357269
    1073        0.000025        0.542839        0.355760
    1074        0.000025        0.542055        0.355711
    1075        0.000025        0.545085        0.356490
    1076        0.000025        0.544873        0.356122
    1077        0.000025        0.542975        0.356689
    1078        0.000025        0.545125        0.357590
    1079        0.000025        0.543060        0.356123
    1080        0.000025        0.542880        0.356754
    1081        0.000025        0.543140        0.355958
    1082        0.000025        0.544794        0.356030
    1083        0.000025        0.546897        0.356935
    1084        0.000025        0.545862        0.356976
    1085        0.000025        0.543132        0.356656
    1086        0.000025        0.545076        0.357473
    1087        0.000025        0.543730        0.356500
    1088        0.000025        0.543977        0.356375
    1089        0.000025        0.545306        0.356361
    1090        0.000025        0.546492        0.356548
    1091        0.000025        0.545477        0.358577
    1092        0.000025        0.545495        0.356613
    1093        0.000025        0.547403        0.356965
    1094        0.000025        0.545372        0.356524
    1095        0.000025        0.546082        0.356252
    1096        0.000025        0.546047        0.356728
    1097        0.000025        0.544382        0.356078
    1098        0.000025        0.546683        0.360088
    1099        0.000025        0.545104        0.356561
    1100        0.000025        0.546726        0.356461
    1101        0.000025        0.544793        0.356908
    1102        0.000025        0.545890        0.356830
    1103        0.000025        0.546417        0.356663
    1104        0.000025        0.543891        0.356202
    1105        0.000025        0.547909        0.357753
    1106        0.000025        0.544637        0.357157
    1107        0.000025        0.548544        0.357286
    1108        0.000025        0.545695        0.356721
    1109        0.000025        0.544889        0.356829
    1110        0.000025        0.545574        0.356735
    1111        0.000025        0.546388        0.356402
    1112        0.000025        0.547005        0.356843
