       0        0.000100     3406.007140       57.922997
       1        0.000100     2421.694710       48.712437
       2        0.000100     1487.112907       37.924717
       3        0.000100      758.575600       26.581949
       4        0.000100      321.070806       16.366508
       5        0.000100      133.185111        9.763758
       6        0.000100       76.051561        7.128366
       7        0.000100       60.188747        6.247268
       8        0.000100       52.520346        5.793089
       9        0.000100       46.263944        5.415282
      10        0.000100       40.509019        5.049977
      11        0.000100       35.320808        4.705810
      12        0.000100       30.487411        4.348926
      13        0.000100       26.269111        4.024716
      14        0.000100       22.486155        3.707555
      15        0.000100       19.206856        3.419739
      16        0.000100       16.327592        3.142584
      17        0.000100       13.870126        2.891168
      18        0.000100       11.706464        2.636875
      19        0.000100        9.886489        2.415597
      20        0.000100        8.385406        2.223335
      21        0.000100        7.080043        2.026561
      22        0.000100        6.035427        1.871732
      23        0.000100        5.158443        1.722628
      24        0.000100        4.448380        1.592187
      25        0.000100        3.880715        1.482468
      26        0.000100        3.423451        1.386923
      27        0.000100        3.053449        1.305080
      28        0.000100        2.742411        1.237866
      29        0.000100        2.485746        1.179145
      30        0.000100        2.268652        1.127666
      31        0.000100        2.079942        1.079939
      32        0.000100        1.921409        1.039789
      33        0.000100        1.772884        0.995649
      34        0.000100        1.642400        0.959084
      35        0.000100        1.526690        0.925150
      36        0.000100        1.422551        0.891509
      37        0.000100        1.331092        0.864190
      38        0.000100        1.244346        0.833778
      39        0.000100        1.165564        0.806908
      40        0.000100        1.096516        0.783037
      41        0.000100        1.037417        0.760119
      42        0.000100        0.977953        0.742292
      43        0.000100        0.925053        0.717365
      44        0.000100        0.880841        0.705117
      45        0.000100        0.831163        0.682480
      46        0.000100        0.794637        0.669088
      47        0.000100        0.756556        0.650247
      48        0.000100        0.723169        0.636453
      49        0.000100        0.690457        0.622216
      50        0.000100        0.664198        0.611409
      51        0.000100        0.640265        0.598237
      52        0.000100        0.614142        0.586010
      53        0.000100        0.591954        0.575616
      54        0.000100        0.585359        0.578130
      55        0.000100        0.555309        0.556554
      56        0.000100        0.538578        0.548578
      57        0.000100        0.520767        0.540469
      58        0.000100        0.506339        0.532488
      59        0.000100        0.508277        0.531165
      60        0.000100        0.478951        0.517425
      61        0.000100        0.470447        0.511506
      62        0.000100        0.457506        0.508141
      63        0.000100        0.441071        0.495667
      64        0.000100        0.430714        0.488421
      65        0.000100        0.431726        0.493092
      66        0.000100        0.409895        0.475350
      67        0.000100        0.400228        0.470483
      68        0.000100        0.401453        0.473794
      69        0.000100        0.386096        0.460234
      70        0.000100        0.378802        0.457885
      71        0.000100        0.371794        0.450260
      72        0.000100        0.368116        0.447167
      73        0.000100        0.359577        0.444603
      74        0.000100        0.354987        0.438342
      75        0.000100        0.362289        0.446186
      76        0.000100        0.351687        0.437127
      77        0.000100        0.342749        0.431174
      78        0.000100        0.339776        0.427106
      79        0.000100        0.334271        0.422550
      80        0.000100        0.333968        0.421906
      81        0.000100        0.333317        0.422379
      82        0.000100        0.325749        0.415498
      83        0.000100        0.327650        0.414491
      84        0.000100        0.325639        0.414226
      85        0.000100        0.322315        0.410169
      86        0.000100        0.319968        0.408549
      87        0.000100        0.317160        0.405868
      88        0.000100        0.319845        0.406145
      89        0.000100        0.316165        0.404231
      90        0.000100        0.317437        0.402760
      91        0.000100        0.314229        0.400657
      92        0.000100        0.310701        0.399292
      93        0.000100        0.315029        0.398099
      94        0.000100        0.309860        0.396641
      95        0.000100        0.310452        0.396014
      96        0.000100        0.310577        0.395362
      97        0.000100        0.308554        0.394697
      98        0.000100        0.311205        0.393465
      99        0.000100        0.308178        0.392029
     100        0.000100        0.311370        0.394533
     101        0.000100        0.310766        0.390252
     102        0.000100        0.317140        0.396559
     103        0.000100        0.308316        0.388925
     104        0.000100        0.311266        0.387450
     105        0.000100        0.313605        0.391085
     106        0.000100        0.312391        0.386055
     107        0.000100        0.308628        0.384405
     108        0.000100        0.309309        0.388704
     109        0.000100        0.315668        0.387800
     110        0.000100        0.311627        0.383013
     111        0.000100        0.312038        0.383283
     112        0.000100        0.310486        0.382007
     113        0.000100        0.307379        0.380260
     114        0.000100        0.330809        0.399376
     115        0.000100        0.313417        0.380454
     116        0.000100        0.316661        0.383368
     117        0.000100        0.318302        0.383110
     118        0.000100        0.310951        0.376857
     119        0.000100        0.313076        0.376173
     120        0.000100        0.308866        0.374612
     121        0.000100        0.311325        0.374807
     122        0.000100        0.309560        0.374780
     123        0.000100        0.313536        0.376622
     124        0.000100        0.306878        0.372542
     125        0.000100        0.312235        0.371254
     126        0.000100        0.328400        0.388621
     127        0.000100        0.311515        0.370754
     128        0.000100        0.312248        0.371078
     129        0.000100        0.313991        0.370691
     130        0.000100        0.315989        0.371579
     131        0.000100        0.322130        0.377879
     132        0.000100        0.308707        0.367919
     133        0.000100        0.317517        0.368341
     134        0.000100        0.313906        0.368094
     135        0.000100        0.311227        0.369218
     136        0.000100        0.312353        0.366734
     137        0.000100        0.319197        0.368698
     138        0.000100        0.314806        0.365120
     139        0.000100        0.319778        0.373734
     140        0.000100        0.320914        0.369646
     141        0.000100        0.311362        0.363684
     142        0.000100        0.316743        0.364737
     143        0.000100        0.316262        0.362652
     144        0.000100        0.319213        0.366609
     145        0.000100        0.319986        0.363465
     146        0.000100        0.316223        0.362630
     147        0.000100        0.323988        0.366940
     148        0.000100        0.311769        0.359793
     149        0.000100        0.318754        0.361860
     150        0.000100        0.314273        0.361328
     151        0.000100        0.316708        0.360171
     152        0.000100        0.329012        0.371516
     153        0.000100        0.317049        0.358832
     154        0.000100        0.323165        0.364363
     155        0.000100        0.316347        0.359786
     156        0.000100        0.320262        0.359522
     157        0.000100        0.324686        0.361020
     158        0.000100        0.313094        0.357394
     159        0.000100        0.320098        0.357190
     160        0.000100        0.325874        0.360753
     161        0.000100        0.321340        0.360312
     162        0.000100        0.328691        0.366750
     163        0.000100        0.321759        0.356791
     164        0.000100        0.320782        0.356050
     165        0.000100        0.318933        0.356438
     166        0.000100        0.317622        0.357289
     167        0.000100        0.325047        0.359107
     168        0.000100        0.326243        0.355529
     169        0.000100        0.317860        0.355621
     170        0.000100        0.317093        0.355109
     171        0.000100        0.322366        0.354962
     172        0.000100        0.321913        0.355888
     173        0.000100        0.319940        0.354811
     174        0.000100        0.319471        0.353514
     175        0.000100        0.316450        0.353696
     176        0.000100        0.338845        0.372146
     177        0.000100        0.324923        0.353870
     178        0.000100        0.325128        0.355242
     179        0.000100        0.339954        0.371110
     180        0.000100        0.323998        0.352927
     181        0.000100        0.322060        0.354787
     182        0.000100        0.325467        0.358714
     183        0.000100        0.322192        0.353720
     184        0.000100        0.324581        0.351088
     185        0.000100        0.317897        0.351182
     186        0.000100        0.321777        0.353081
     187        0.000100        0.321618        0.351785
     188        0.000100        0.326269        0.351704
     189        0.000100        0.326785        0.358005
     190        0.000100        0.325047        0.356423
     191        0.000100        0.326497        0.351687
     192        0.000100        0.324569        0.350954
     193        0.000100        0.327871        0.349581
     194        0.000100        0.322516        0.350672
     195        0.000100        0.331815        0.352565
     196        0.000100        0.323573        0.349870
     197        0.000100        0.334735        0.356723
     198        0.000100        0.329003        0.352391
     199        0.000100        0.330147        0.355630
     200        0.000100        0.326246        0.353146
     201        0.000100        0.330906        0.357538
     202        0.000100        0.324798        0.351035
     203        0.000100        0.328865        0.349998
     204        0.000100        0.321954        0.349042
     205        0.000100        0.329769        0.352151
     206        0.000100        0.327282        0.350419
     207        0.000100        0.325529        0.349635
     208        0.000100        0.324527        0.349244
     209        0.000100        0.329113        0.350488
     210        0.000100        0.328048        0.351260
     211        0.000100        0.334204        0.354840
     212        0.000100        0.324971        0.348865
     213        0.000100        0.330015        0.349813
     214        0.000100        0.322380        0.348222
     215        0.000100        0.332074        0.348756
     216        0.000100        0.334888        0.360339
     217        0.000100        0.334059        0.351556
     218        0.000100        0.330788        0.349933
     219        0.000100        0.327210        0.349355
     220        0.000100        0.340276        0.361726
     221        0.000100        0.330990        0.349935
     222        0.000100        0.329059        0.350016
     223        0.000100        0.328125        0.349479
     224        0.000100        0.328537        0.348468
     225        0.000100        0.328403        0.349291
     226        0.000100        0.331180        0.348123
     227        0.000100        0.330702        0.350850
     228        0.000100        0.333155        0.348854
     229        0.000100        0.328663        0.352069
     230        0.000100        0.332064        0.352425
     231        0.000100        0.328610        0.348128
     232        0.000100        0.326997        0.347607
     233        0.000100        0.331111        0.346917
     234        0.000100        0.337910        0.351195
     235        0.000100        0.331236        0.348758
     236        0.000100        0.328334        0.348371
     237        0.000100        0.349037        0.358801
     238        0.000100        0.331277        0.347907
     239        0.000100        0.338297        0.351949
     240        0.000100        0.330458        0.347771
     241        0.000100        0.333273        0.349427
     242        0.000100        0.327443        0.346566
     243        0.000100        0.333522        0.348244
     244        0.000100        0.330332        0.350119
     245        0.000100        0.338903        0.350160
     246        0.000100        0.330830        0.349058
     247        0.000100        0.329738        0.347369
     248        0.000100        0.334796        0.348773
     249        0.000100        0.334266        0.347447
     250        0.000100        0.337492        0.352698
     251        0.000100        0.333294        0.349614
     252        0.000100        0.333239        0.349070
     253        0.000100        0.336702        0.349546
     254        0.000100        0.334764        0.346993
     255        0.000100        0.333878        0.347453
     256        0.000100        0.332821        0.348747
     257        0.000100        0.341488        0.352890
     258        0.000100        0.340176        0.350011
     259        0.000100        0.339548        0.351383
     260        0.000100        0.338909        0.354282
     261        0.000100        0.355853        0.362650
     262        0.000100        0.334610        0.347325
     263        0.000100        0.336096        0.350691
     264        0.000100        0.337468        0.347375
     265        0.000100        0.342841        0.355922
     266        0.000100        0.335151        0.348339
     267        0.000100        0.336373        0.348748
     268        0.000100        0.333371        0.346984
     269        0.000100        0.337081        0.350269
     270        0.000100        0.334054        0.347266
     271        0.000100        0.344175        0.351541
     272        0.000100        0.333377        0.347974
     273        0.000100        0.343825        0.352982
     274        0.000100        0.341337        0.348423
     275        0.000100        0.336103        0.347493
     276        0.000100        0.334593        0.347844
     277        0.000100        0.340696        0.347971
     278        0.000100        0.336605        0.347160
     279        0.000100        0.340196        0.348010
     280        0.000100        0.344620        0.347713
     281        0.000100        0.338772        0.347372
     282        0.000100        0.339719        0.347514
     283        0.000100        0.340255        0.347610
     284        0.000100        0.346546        0.352994
     285        0.000100        0.339424        0.347779
     286        0.000100        0.341706        0.349185
     287        0.000100        0.345423        0.350605
     288        0.000100        0.358214        0.361331
     289        0.000100        0.337045        0.347557
     290        0.000100        0.344701        0.353987
     291        0.000100        0.344487        0.352327
     292        0.000100        0.340118        0.347702
     293        0.000100        0.347451        0.352349
     294        0.000100        0.346970        0.348295
     295        0.000100        0.341536        0.351494
     296        0.000100        0.340001        0.348745
     297        0.000100        0.345430        0.351145
     298        0.000100        0.343800        0.348436
     299        0.000100        0.353543        0.361827
     300        0.000100        0.344471        0.347868
     301        0.000100        0.346940        0.350934
     302        0.000100        0.344843        0.349576
     303        0.000100        0.344460        0.349699
     304        0.000100        0.347286        0.352324
     305        0.000100        0.344446        0.347971
     306        0.000100        0.341201        0.348622
     307        0.000100        0.341971        0.350892
     308        0.000100        0.346963        0.352115
     309        0.000100        0.339826        0.347370
     310        0.000100        0.350524        0.350829
     311        0.000100        0.341176        0.348917
     312        0.000100        0.343206        0.347643
     313        0.000100        0.342238        0.347380
     314        0.000100        0.346543        0.347919
     315        0.000100        0.344443        0.347468
     316        0.000100        0.346946        0.349668
     317        0.000100        0.361287        0.365611
     318        0.000100        0.344848        0.347330
     319        0.000100        0.349965        0.359003
     320        0.000100        0.372585        0.372591
     321        0.000100        0.347023        0.348419
     322        0.000100        0.344429        0.348312
     323        0.000100        0.341704        0.346780
     324        0.000100        0.348244        0.349957
     325        0.000100        0.347475        0.348937
     326        0.000100        0.350630        0.348891
     327        0.000100        0.346099        0.348901
     328        0.000100        0.348775        0.348084
     329        0.000100        0.347803        0.347464
     330        0.000100        0.347351        0.348752
     331        0.000100        0.349387        0.351557
     332        0.000100        0.360389        0.355792
     333        0.000100        0.353748        0.350659
     334        0.000100        0.350664        0.348463
     335        0.000100        0.354232        0.349831
     336        0.000100        0.344465        0.347191
     337        0.000100        0.346803        0.347822
     338        0.000100        0.348299        0.347308
     339        0.000100        0.344484        0.347470
     340        0.000100        0.349284        0.350581
     341        0.000100        0.351261        0.352583
     342        0.000100        0.349392        0.348581
     343        0.000100        0.349777        0.348694
     344        0.000100        0.347891        0.347904
     345        0.000100        0.350962        0.350856
     346        0.000100        0.357038        0.348932
     347        0.000100        0.353176        0.347291
     348        0.000100        0.358137        0.352868
     349        0.000100        0.353972        0.348500
     350        0.000100        0.354103        0.348738
     351        0.000100        0.354229        0.348761
     352        0.000100        0.358332        0.350273
     353        0.000100        0.352586        0.348532
     354        0.000100        0.352788        0.349019
     355        0.000100        0.359424        0.351826
     356        0.000100        0.353574        0.351979
     357        0.000100        0.357948        0.353337
     358        0.000100        0.356013        0.350912
     359        0.000100        0.352355        0.348646
     360        0.000100        0.351593        0.347821
     361        0.000100        0.352988        0.349942
     362        0.000100        0.353939        0.347624
     363        0.000100        0.351975        0.348493
     364        0.000100        0.359424        0.349042
     365        0.000100        0.358128        0.351975
     366        0.000100        0.357279        0.348429
     367        0.000100        0.358189        0.351097
     368        0.000100        0.354371        0.347945
     369        0.000100        0.365404        0.355053
     370        0.000100        0.354738        0.350141
     371        0.000100        0.358372        0.350061
     372        0.000100        0.360677        0.349255
     373        0.000100        0.358622        0.348689
     374        0.000100        0.363085        0.352352
     375        0.000100        0.361077        0.352140
     376        0.000100        0.359620        0.349467
     377        0.000100        0.357916        0.349151
     378        0.000100        0.367440        0.356545
     379        0.000100        0.357215        0.349937
     380        0.000100        0.356931        0.347753
     381        0.000100        0.362565        0.353325
     382        0.000100        0.356182        0.348378
     383        0.000100        0.365578        0.354183
     384        0.000100        0.358038        0.348902
     385        0.000100        0.361286        0.347948
     386        0.000100        0.360464        0.349371
     387        0.000100        0.371396        0.355739
     388        0.000100        0.361641        0.356088
     389        0.000100        0.360248        0.348572
     390        0.000100        0.361833        0.351688
     391        0.000100        0.367178        0.350558
     392        0.000100        0.363408        0.350315
     393        0.000100        0.362579        0.348341
     394        0.000100        0.362020        0.349766
     395        0.000100        0.361401        0.348762
     396        0.000100        0.369057        0.353048
     397        0.000100        0.366918        0.350474
     398        0.000100        0.361048        0.348272
     399        0.000100        0.370390        0.350985
     400        0.000100        0.359209        0.348214
     401        0.000100        0.365289        0.349982
     402        0.000100        0.386970        0.370753
     403        0.000100        0.367281        0.349347
     404        0.000100        0.364271        0.349647
     405        0.000100        0.367107        0.349201
     406        0.000100        0.367600        0.349647
     407        0.000100        0.368383        0.349197
     408        0.000100        0.362511        0.349557
     409        0.000100        0.367470        0.353012
     410        0.000100        0.367241        0.349672
     411        0.000100        0.364708        0.348638
     412        0.000100        0.363544        0.350594
     413        0.000100        0.367656        0.349141
     414        0.000100        0.367509        0.348687
     415        0.000100        0.367817        0.351361
     416        0.000100        0.366240        0.349385
     417        0.000100        0.366747        0.348533
     418        0.000100        0.378027        0.354674
     419        0.000100        0.371567        0.351284
     420        0.000100        0.376072        0.354428
     421        0.000100        0.375365        0.354559
     422        0.000100        0.369259        0.350081
     423        0.000100        0.370948        0.351180
     424        0.000100        0.370920        0.350516
     425        0.000100        0.376177        0.355493
     426        0.000100        0.371067        0.351532
     427        0.000100        0.374849        0.351135
     428        0.000100        0.368420        0.349340
     429        0.000100        0.371703        0.350340
     430        0.000100        0.370130        0.349549
     431        0.000100        0.375294        0.350661
     432        0.000100        0.377576        0.353758
     433        0.000100        0.376794        0.352838
     434        0.000100        0.373511        0.350652
     435        0.000100        0.373716        0.353957
     436        0.000100        0.372635        0.349532
     437        0.000100        0.372761        0.349992
     438        0.000100        0.376841        0.351088
     439        0.000100        0.374099        0.351314
     440        0.000100        0.375172        0.349135
     441        0.000100        0.370594        0.349345
     442        0.000100        0.378319        0.351903
     443        0.000100        0.375533        0.351047
     444        0.000100        0.378405        0.351519
     445        0.000100        0.376354        0.352619
     446        0.000100        0.378340        0.353802
     447        0.000100        0.376772        0.353078
     448        0.000100        0.375590        0.350567
     449        0.000100        0.384664        0.355283
     450        0.000100        0.378026        0.352026
     451        0.000100        0.394459        0.363865
     452        0.000100        0.377542        0.350993
     453        0.000100        0.379252        0.351194
     454        0.000100        0.384496        0.354976
     455        0.000100        0.379194        0.351783
     456        0.000100        0.372316        0.349843
     457        0.000100        0.380985        0.350800
     458        0.000100        0.379022        0.350213
     459        0.000100        0.381060        0.352893
     460        0.000100        0.380219        0.356581
     461        0.000100        0.381114        0.354183
     462        0.000100        0.374559        0.349393
     463        0.000100        0.382673        0.355682
     464        0.000100        0.387872        0.362702
     465        0.000100        0.377173        0.350272
     466        0.000100        0.374889        0.349330
     467        0.000100        0.376750        0.349911
     468        0.000100        0.375395        0.350107
     469        0.000100        0.382543        0.350695
     470        0.000100        0.385169        0.356025
     471        0.000100        0.383469        0.351548
     472        0.000100        0.378122        0.351029
     473        0.000100        0.383471        0.351163
     474        0.000100        0.384814        0.358264
     475        0.000100        0.387822        0.355076
     476        0.000100        0.376067        0.349947
     477        0.000100        0.384498        0.352915
     478        0.000100        0.381314        0.351255
     479        0.000100        0.384311        0.353174
     480        0.000100        0.381231        0.351685
     481        0.000100        0.382282        0.352057
     482        0.000100        0.384627        0.351389
     483        0.000100        0.384990        0.352918
     484        0.000100        0.387399        0.353614
     485        0.000100        0.391757        0.354789
     486        0.000100        0.383400        0.350593
     487        0.000100        0.383694        0.358120
     488        0.000100        0.386251        0.351884
     489        0.000100        0.385333        0.351640
     490        0.000100        0.382292        0.352542
     491        0.000100        0.386714        0.351173
     492        0.000100        0.385432        0.352037
     493        0.000100        0.388441        0.355384
     494        0.000100        0.385752        0.351353
     495        0.000100        0.384456        0.350303
     496        0.000100        0.383787        0.350518
     497        0.000100        0.387546        0.352771
     498        0.000100        0.385487        0.352243
     499        0.000100        0.387904        0.350326
     500        0.000100        0.394596        0.353569
     501        0.000100        0.390136        0.354799
     502        0.000100        0.399811        0.357683
     503        0.000100        0.386547        0.350676
     504        0.000100        0.389314        0.353161
     505        0.000100        0.388760        0.352023
     506        0.000100        0.390668        0.352484
     507        0.000100        0.390141        0.353172
     508        0.000100        0.397545        0.355419
     509        0.000100        0.384043        0.352564
     510        0.000100        0.399476        0.359795
     511        0.000100        0.394065        0.353954
     512        0.000100        0.399370        0.356890
     513        0.000100        0.391071        0.352567
     514        0.000100        0.394973        0.352009
     515        0.000100        0.394549        0.352806
     516        0.000100        0.396577        0.351727
     517        0.000100        0.402449        0.359485
     518        0.000100        0.395321        0.354461
     519        0.000100        0.394857        0.352919
     520        0.000100        0.390945        0.352540
     521        0.000100        0.396189        0.357152
     522        0.000100        0.394018        0.352124
     523        0.000100        0.392999        0.353124
     524        0.000100        0.404035        0.363125
     525        0.000100        0.402329        0.355901
     526        0.000100        0.398026        0.353889
     527        0.000100        0.395303        0.352659
     528        0.000100        0.398941        0.353038
     529        0.000100        0.393040        0.353121
     530        0.000100        0.398654        0.353306
     531        0.000100        0.396482        0.353546
     532        0.000100        0.397372        0.354636
     533        0.000100        0.392937        0.352379
     534        0.000100        0.406767        0.362961
     535        0.000100        0.395252        0.352516
     536        0.000100        0.404752        0.358000
     537        0.000100        0.391457        0.352103
     538        0.000100        0.398138        0.353787
     539        0.000100        0.398776        0.355240
     540        0.000100        0.411893        0.362265
     541        0.000100        0.399444        0.353547
     542        0.000100        0.396560        0.352686
     543        0.000050        0.404995        0.357227
     544        0.000050        0.399109        0.352630
     545        0.000050        0.401368        0.355522
     546        0.000050        0.398600        0.352982
     547        0.000050        0.399958        0.352467
     548        0.000050        0.400316        0.352543
     549        0.000050        0.401713        0.355193
     550        0.000050        0.402916        0.353640
     551        0.000050        0.403745        0.358473
     552        0.000050        0.402141        0.353984
     553        0.000050        0.401041        0.352482
     554        0.000050        0.402300        0.353444
     555        0.000050        0.400529        0.352506
     556        0.000050        0.400528        0.352599
     557        0.000050        0.400456        0.353137
     558        0.000050        0.400764        0.353761
     559        0.000050        0.399953        0.352216
     560        0.000050        0.409109        0.357834
     561        0.000050        0.400224        0.352413
     562        0.000050        0.401125        0.353682
     563        0.000050        0.403522        0.353354
     564        0.000050        0.401408        0.352841
     565        0.000050        0.403030        0.352563
     566        0.000050        0.402513        0.354187
     567        0.000050        0.404546        0.353663
     568        0.000050        0.404357        0.355019
     569        0.000050        0.408675        0.356155
     570        0.000050        0.407270        0.354138
     571        0.000050        0.402385        0.353555
     572        0.000050        0.401447        0.353121
     573        0.000050        0.406586        0.354977
     574        0.000050        0.405948        0.353134
     575        0.000050        0.402840        0.353575
     576        0.000050        0.405424        0.353230
     577        0.000050        0.403615        0.353119
     578        0.000050        0.403360        0.353339
     579        0.000050        0.405277        0.354306
     580        0.000050        0.408110        0.355840
     581        0.000050        0.412325        0.362273
     582        0.000050        0.403497        0.352916
     583        0.000050        0.405031        0.353177
     584        0.000050        0.404872        0.353604
     585        0.000050        0.403191        0.352927
     586        0.000050        0.406299        0.353640
     587        0.000050        0.404576        0.352948
     588        0.000050        0.412156        0.356143
     589        0.000050        0.406002        0.353311
     590        0.000050        0.408874        0.353803
     591        0.000050        0.405681        0.356472
     592        0.000050        0.408475        0.353598
     593        0.000050        0.405011        0.353520
     594        0.000050        0.407761        0.353401
     595        0.000050        0.412385        0.357167
     596        0.000050        0.407410        0.352973
     597        0.000050        0.407472        0.355686
     598        0.000050        0.407749        0.353423
     599        0.000050        0.411734        0.357713
     600        0.000050        0.409020        0.356002
     601        0.000050        0.410487        0.358149
     602        0.000050        0.408515        0.353645
     603        0.000050        0.406579        0.354072
     604        0.000050        0.410928        0.355602
     605        0.000050        0.409611        0.353841
     606        0.000050        0.408001        0.353257
     607        0.000050        0.409431        0.354412
     608        0.000050        0.412089        0.353919
     609        0.000050        0.407933        0.353480
     610        0.000050        0.412871        0.357293
     611        0.000050        0.411451        0.355422
     612        0.000050        0.411648        0.355415
     613        0.000050        0.411755        0.355577
     614        0.000050        0.411835        0.353409
     615        0.000050        0.409969        0.353790
     616        0.000050        0.413801        0.356283
     617        0.000050        0.411426        0.355377
     618        0.000050        0.410559        0.354136
     619        0.000050        0.416498        0.357016
     620        0.000050        0.411816        0.355760
     621        0.000050        0.414954        0.356380
     622        0.000050        0.414027        0.355292
     623        0.000050        0.411451        0.353661
     624        0.000050        0.416425        0.358936
     625        0.000050        0.414794        0.357788
     626        0.000050        0.413835        0.354560
     627        0.000050        0.410689        0.354225
     628        0.000050        0.417558        0.360323
     629        0.000050        0.412312        0.353748
     630        0.000050        0.411779        0.354076
     631        0.000050        0.416050        0.356201
     632        0.000050        0.427105        0.365451
     633        0.000050        0.411847        0.353992
     634        0.000050        0.411903        0.353946
     635        0.000050        0.416699        0.355408
     636        0.000050        0.415726        0.354809
     637        0.000050        0.411131        0.353849
     638        0.000050        0.413916        0.354726
     639        0.000050        0.414073        0.355171
     640        0.000050        0.415546        0.355728
     641        0.000050        0.413449        0.354459
     642        0.000050        0.415926        0.354685
     643        0.000050        0.416107        0.354490
     644        0.000050        0.413241        0.354471
     645        0.000050        0.415330        0.355513
     646        0.000050        0.411642        0.354060
     647        0.000050        0.414372        0.354135
     648        0.000050        0.417782        0.355324
     649        0.000050        0.423542        0.361209
     650        0.000050        0.416032        0.355833
     651        0.000050        0.416940        0.356326
     652        0.000050        0.418108        0.356294
     653        0.000050        0.415867        0.354427
     654        0.000050        0.415818        0.354463
     655        0.000050        0.420664        0.356081
     656        0.000050        0.420355        0.359273
     657        0.000050        0.416674        0.355964
     658        0.000050        0.417843        0.354963
     659        0.000050        0.419107        0.355316
     660        0.000050        0.416981        0.355478
     661        0.000050        0.413410        0.354100
     662        0.000050        0.418918        0.355151
     663        0.000050        0.416040        0.355390
     664        0.000050        0.429391        0.363905
     665        0.000050        0.416509        0.354668
     666        0.000050        0.417079        0.354564
     667        0.000050        0.418467        0.354507
     668        0.000050        0.417877        0.357028
     669        0.000050        0.419347        0.355109
     670        0.000050        0.431955        0.366169
     671        0.000050        0.419218        0.357130
     672        0.000050        0.422239        0.357123
     673        0.000050        0.420148        0.355124
     674        0.000050        0.419430        0.355516
     675        0.000050        0.418220        0.355037
     676        0.000050        0.421414        0.357974
     677        0.000050        0.421870        0.357009
     678        0.000050        0.417923        0.355668
     679        0.000050        0.419876        0.355931
     680        0.000050        0.421975        0.355062
     681        0.000050        0.422369        0.356051
     682        0.000050        0.422243        0.356678
     683        0.000050        0.422368        0.355442
     684        0.000050        0.424211        0.358071
     685        0.000050        0.420523        0.355759
     686        0.000050        0.422114        0.357763
     687        0.000050        0.423180        0.355310
     688        0.000050        0.422068        0.355859
     689        0.000050        0.422421        0.355745
     690        0.000050        0.421054        0.355445
     691        0.000050        0.421710        0.356899
     692        0.000050        0.421874        0.355373
     693        0.000050        0.421502        0.355678
     694        0.000050        0.424853        0.359584
     695        0.000050        0.421108        0.356442
     696        0.000050        0.423077        0.357952
     697        0.000050        0.426143        0.357971
     698        0.000050        0.422379        0.356754
     699        0.000050        0.424146        0.357105
     700        0.000050        0.421362        0.355362
     701        0.000050        0.422864        0.356471
     702        0.000050        0.424323        0.357198
     703        0.000050        0.426483        0.358096
     704        0.000050        0.423995        0.356558
     705        0.000050        0.425014        0.355860
     706        0.000050        0.422798        0.355195
     707        0.000050        0.423984        0.357253
     708        0.000050        0.429658        0.359638
     709        0.000050        0.422799        0.355805
     710        0.000050        0.423810        0.357020
     711        0.000050        0.426484        0.357236
     712        0.000050        0.425190        0.356003
     713        0.000050        0.422262        0.355733
     714        0.000050        0.427791        0.356759
     715        0.000050        0.424677        0.358547
     716        0.000050        0.429159        0.358084
     717        0.000050        0.427735        0.358354
     718        0.000050        0.427687        0.356055
     719        0.000050        0.431577        0.359483
     720        0.000050        0.426488        0.356371
     721        0.000050        0.430247        0.362921
     722        0.000050        0.428028        0.358833
     723        0.000050        0.427023        0.358066
     724        0.000050        0.428270        0.359122
     725        0.000050        0.427393        0.356138
     726        0.000050        0.427618        0.356024
     727        0.000050        0.428682        0.356492
     728        0.000050        0.424870        0.357014
     729        0.000050        0.430803        0.357377
     730        0.000050        0.426920        0.356625
     731        0.000050        0.425871        0.356076
     732        0.000050        0.426838        0.356147
     733        0.000050        0.428007        0.355949
     734        0.000050        0.425076        0.355755
     735        0.000050        0.432821        0.359137
     736        0.000050        0.426328        0.355906
     737        0.000050        0.428768        0.356216
     738        0.000050        0.427223        0.355791
     739        0.000050        0.428413        0.356692
     740        0.000050        0.431729        0.357974
     741        0.000050        0.428902        0.356688
     742        0.000050        0.431185        0.359434
     743        0.000050        0.428486        0.356873
     744        0.000050        0.428141        0.356491
     745        0.000050        0.429265        0.357668
     746        0.000050        0.429076        0.356349
     747        0.000050        0.428859        0.358082
     748        0.000050        0.427108        0.356294
     749        0.000050        0.429218        0.356558
     750        0.000050        0.430645        0.356377
     751        0.000050        0.432429        0.356741
     752        0.000050        0.429238        0.356960
     753        0.000050        0.428600        0.356605
     754        0.000050        0.432529        0.358434
     755        0.000050        0.429381        0.357203
     756        0.000050        0.432103        0.357468
     757        0.000050        0.429825        0.357991
     758        0.000050        0.430734        0.356449
     759        0.000050        0.433598        0.357202
     760        0.000050        0.433775        0.356942
     761        0.000050        0.430517        0.356987
     762        0.000050        0.432704        0.358111
     763        0.000050        0.434065        0.357739
     764        0.000050        0.433014        0.357570
     765        0.000050        0.433244        0.357028
     766        0.000050        0.440206        0.362835
     767        0.000050        0.432207        0.356522
     768        0.000050        0.433898        0.357063
     769        0.000050        0.434655        0.358255
     770        0.000050        0.436986        0.358499
     771        0.000050        0.435188        0.358597
     772        0.000050        0.430672        0.357112
     773        0.000050        0.433766        0.357650
     774        0.000050        0.434869        0.357090
     775        0.000050        0.437276        0.357484
     776        0.000050        0.434402        0.357973
     777        0.000050        0.438946        0.360670
     778        0.000050        0.436272        0.356952
     779        0.000050        0.434533        0.357202
     780        0.000050        0.435756        0.357376
     781        0.000050        0.440789        0.361253
     782        0.000050        0.437692        0.358958
     783        0.000050        0.435779        0.357462
     784        0.000050        0.436002        0.357022
     785        0.000050        0.436634        0.361752
     786        0.000050        0.435278        0.359289
     787        0.000050        0.434954        0.356990
     788        0.000050        0.441923        0.360258
     789        0.000050        0.435083        0.357642
     790        0.000050        0.440302        0.359516
     791        0.000050        0.435316        0.357052
     792        0.000050        0.443620        0.363361
     793        0.000050        0.437067        0.359884
     794        0.000050        0.438319        0.357759
     795        0.000050        0.436381        0.358553
     796        0.000050        0.439149        0.359291
     797        0.000050        0.433865        0.357090
     798        0.000050        0.435485        0.357684
     799        0.000050        0.438093        0.357599
     800        0.000050        0.435986        0.357318
     801        0.000050        0.437238        0.357994
     802        0.000050        0.438189        0.358407
     803        0.000050        0.439352        0.358068
     804        0.000050        0.439628        0.358125
     805        0.000050        0.441080        0.358201
     806        0.000050        0.438389        0.358404
     807        0.000050        0.443914        0.360511
     808        0.000050        0.439607        0.359536
     809        0.000050        0.440568        0.358240
     810        0.000050        0.437715        0.357598
     811        0.000050        0.441489        0.357972
     812        0.000050        0.440820        0.358987
     813        0.000050        0.439395        0.357765
     814        0.000050        0.438467        0.358523
     815        0.000050        0.441782        0.357504
     816        0.000050        0.438024        0.357594
     817        0.000050        0.443813        0.359255
     818        0.000050        0.439057        0.358289
     819        0.000050        0.441338        0.358778
     820        0.000050        0.440070        0.358001
     821        0.000050        0.452163        0.374290
     822        0.000050        0.441277        0.357658
     823        0.000050        0.442167        0.358787
     824        0.000050        0.441508        0.358147
     825        0.000050        0.438964        0.357967
     826        0.000050        0.444167        0.358219
     827        0.000050        0.443127        0.358532
     828        0.000050        0.442967        0.358057
     829        0.000050        0.439893        0.358007
     830        0.000050        0.445765        0.361890
     831        0.000050        0.442648        0.358613
     832        0.000050        0.439287        0.357534
     833        0.000050        0.445158        0.359847
     834        0.000050        0.438998        0.357223
     835        0.000050        0.442008        0.359993
     836        0.000050        0.442496        0.358378
     837        0.000050        0.446516        0.361069
     838        0.000050        0.446133        0.360307
     839        0.000050        0.444926        0.359149
     840        0.000050        0.446147        0.360346
     841        0.000050        0.445996        0.361192
     842        0.000050        0.445250        0.361550
     843        0.000050        0.444342        0.359495
     844        0.000025        0.443174        0.360101
     845        0.000025        0.443253        0.358224
     846        0.000025        0.444220        0.358211
     847        0.000025        0.443928        0.358045
     848        0.000025        0.443153        0.358446
     849        0.000025        0.445537        0.359364
     850        0.000025        0.444805        0.358277
     851        0.000025        0.446518        0.359253
     852        0.000025        0.444555        0.359372
     853        0.000025        0.443236        0.358625
     854        0.000025        0.443715        0.358334
     855        0.000025        0.444776        0.359091
     856        0.000025        0.444996        0.358352
     857        0.000025        0.445437        0.358600
     858        0.000025        0.449209        0.360600
     859        0.000025        0.444851        0.358296
     860        0.000025        0.446535        0.359203
     861        0.000025        0.445786        0.358345
     862        0.000025        0.445893        0.358799
     863        0.000025        0.445772        0.358660
     864        0.000025        0.448275        0.360063
     865        0.000025        0.446217        0.358629
     866        0.000025        0.445421        0.358322
     867        0.000025        0.447788        0.358501
     868        0.000025        0.446390        0.359458
     869        0.000025        0.446405        0.358735
     870        0.000025        0.446644        0.358518
     871        0.000025        0.446432        0.358528
     872        0.000025        0.446176        0.358448
     873        0.000025        0.446336        0.358696
     874        0.000025        0.448447        0.362266
     875        0.000025        0.446531        0.358863
     876        0.000025        0.446659        0.358391
     877        0.000025        0.448572        0.359462
     878        0.000025        0.446971        0.358972
     879        0.000025        0.447677        0.358860
     880        0.000025        0.448180        0.359244
     881        0.000025        0.447006        0.358515
     882        0.000025        0.449666        0.360369
     883        0.000025        0.447295        0.359069
     884        0.000025        0.448746        0.358793
     885        0.000025        0.447789        0.358871
     886        0.000025        0.448036        0.358892
     887        0.000025        0.447599        0.359061
     888        0.000025        0.449820        0.359033
     889        0.000025        0.448612        0.358766
     890        0.000025        0.449475        0.359683
     891        0.000025        0.447955        0.359486
     892        0.000025        0.448062        0.358901
     893        0.000025        0.447803        0.358813
     894        0.000025        0.449277        0.359430
     895        0.000025        0.450299        0.359784
     896        0.000025        0.449779        0.359910
     897        0.000025        0.448788        0.359127
     898        0.000025        0.449428        0.361110
     899        0.000025        0.448563        0.359072
     900        0.000025        0.450084        0.359508
     901        0.000025        0.451885        0.360855
     902        0.000025        0.450069        0.359137
     903        0.000025        0.450049        0.359065
     904        0.000025        0.449399        0.360478
     905        0.000025        0.449947        0.359057
     906        0.000025        0.450823        0.362554
     907        0.000025        0.450026        0.359249
     908        0.000025        0.450922        0.359492
     909        0.000025        0.449518        0.359182
     910        0.000025        0.450550        0.359160
     911        0.000025        0.448702        0.358808
     912        0.000025        0.451947        0.360618
     913        0.000025        0.448938        0.359316
     914        0.000025        0.449912        0.360151
     915        0.000025        0.453142        0.360971
     916        0.000025        0.450882        0.359017
     917        0.000025        0.451232        0.359131
     918        0.000025        0.449358        0.358929
     919        0.000025        0.452326        0.359693
     920        0.000025        0.449989        0.359252
     921        0.000025        0.449320        0.359440
     922        0.000025        0.449653        0.358771
     923        0.000025        0.449805        0.359111
     924        0.000025        0.451102        0.359491
     925        0.000025        0.452577        0.359721
     926        0.000025        0.452000        0.359955
     927        0.000025        0.451117        0.359516
     928        0.000025        0.453745        0.360722
     929        0.000025        0.451002        0.359492
     930        0.000025        0.450885        0.359128
     931        0.000025        0.451482        0.359208
     932        0.000025        0.453024        0.359551
     933        0.000025        0.449806        0.359135
     934        0.000025        0.451177        0.359450
     935        0.000025        0.451749        0.361969
     936        0.000025        0.451864        0.359228
     937        0.000025        0.453105        0.359365
     938        0.000025        0.452105        0.359255
     939        0.000025        0.454190        0.360696
     940        0.000025        0.451996        0.359357
     941        0.000025        0.451668        0.359677
     942        0.000025        0.453279        0.359471
     943        0.000025        0.456640        0.362645
     944        0.000025        0.455187        0.360951
     945        0.000025        0.452253        0.359543
     946        0.000025        0.453135        0.360010
     947        0.000025        0.452851        0.359952
     948        0.000025        0.452644        0.359423
     949        0.000025        0.453790        0.360328
     950        0.000025        0.455631        0.360064
     951        0.000025        0.454238        0.360238
     952        0.000025        0.456673        0.361448
     953        0.000025        0.453298        0.359312
     954        0.000025        0.453451        0.359877
     955        0.000025        0.452830        0.359599
     956        0.000025        0.454707        0.360639
     957        0.000025        0.454719        0.360652
     958        0.000025        0.451726        0.360832
     959        0.000025        0.454437        0.359654
     960        0.000025        0.452918        0.360107
     961        0.000025        0.453778        0.360456
     962        0.000025        0.452571        0.359447
     963        0.000025        0.453433        0.360593
     964        0.000025        0.456484        0.360464
     965        0.000025        0.458052        0.360992
     966        0.000025        0.453267        0.360779
     967        0.000025        0.454166        0.360281
     968        0.000025        0.453281        0.359649
     969        0.000025        0.455825        0.360118
     970        0.000025        0.454812        0.359917
     971        0.000025        0.455843        0.360574
     972        0.000025        0.454462        0.361747
     973        0.000025        0.454922        0.360635
     974        0.000025        0.453579        0.360151
     975        0.000025        0.455341        0.360061
     976        0.000025        0.455095        0.360099
     977        0.000025        0.454902        0.359534
     978        0.000025        0.454292        0.359792
     979        0.000025        0.458734        0.361967
     980        0.000025        0.455718        0.360114
     981        0.000025        0.457040        0.361084
     982        0.000025        0.455581        0.360421
     983        0.000025        0.457557        0.360840
     984        0.000025        0.455639        0.360041
     985        0.000025        0.457535        0.360468
     986        0.000025        0.454999        0.360108
     987        0.000025        0.455362        0.360682
     988        0.000025        0.456016        0.359878
     989        0.000025        0.456815        0.360256
     990        0.000025        0.455842        0.359952
     991        0.000025        0.458864        0.361833
     992        0.000025        0.455838        0.361667
     993        0.000025        0.455835        0.359972
     994        0.000025        0.458136        0.361012
     995        0.000025        0.456599        0.360172
     996        0.000025        0.459396        0.361194
     997        0.000025        0.456704        0.360100
     998        0.000025        0.457256        0.360540
     999        0.000025        0.458343        0.361830
    1000        0.000025        0.456789        0.361098
    1001        0.000025        0.457017        0.360038
    1002        0.000025        0.456888        0.359822
    1003        0.000025        0.457018        0.363065
    1004        0.000025        0.457329        0.360474
    1005        0.000025        0.457829        0.360670
    1006        0.000025        0.457688        0.360259
    1007        0.000025        0.463757        0.364849
    1008        0.000025        0.458413        0.360238
    1009        0.000025        0.456548        0.360120
    1010        0.000025        0.460038        0.360945
    1011        0.000025        0.458175        0.360410
    1012        0.000025        0.458111        0.360701
    1013        0.000025        0.458573        0.360436
    1014        0.000025        0.460343        0.360806
    1015        0.000025        0.458258        0.360189
    1016        0.000025        0.458230        0.360715
    1017        0.000025        0.459281        0.360176
    1018        0.000025        0.457119        0.362026
    1019        0.000025        0.459849        0.360480
    1020        0.000025        0.459108        0.360242
    1021        0.000025        0.458595        0.360523
    1022        0.000025        0.459575        0.361043
    1023        0.000025        0.460855        0.361552
    1024        0.000025        0.458819        0.360659
    1025        0.000025        0.460962        0.360865
    1026        0.000025        0.460671        0.361472
    1027        0.000025        0.459479        0.360656
    1028        0.000025        0.458782        0.361980
    1029        0.000025        0.461142        0.361726
    1030        0.000025        0.459453        0.360871
    1031        0.000025        0.459135        0.360881
    1032        0.000025        0.460351        0.360854
    1033        0.000025        0.459727        0.360656
    1034        0.000025        0.460866        0.361152
    1035        0.000025        0.460757        0.361220
    1036        0.000025        0.460553        0.360715
    1037        0.000025        0.459098        0.360261
    1038        0.000025        0.459545        0.360457
    1039        0.000025        0.461741        0.360755
    1040        0.000025        0.460596        0.360686
    1041        0.000025        0.462874        0.361709
    1042        0.000025        0.460950        0.361560
    1043        0.000025        0.459876        0.360593
    1044        0.000025        0.461189        0.360932
    1045        0.000025        0.460097        0.360512
    1046        0.000025        0.461329        0.360791
    1047        0.000025        0.460639        0.361244
    1048        0.000025        0.462468        0.361732
    1049        0.000025        0.460429        0.360992
    1050        0.000025        0.459555        0.360852
    1051        0.000025        0.460468        0.360657
    1052        0.000025        0.462397        0.361832
    1053        0.000025        0.460451        0.360685
    1054        0.000025        0.461217        0.361015
    1055        0.000025        0.462011        0.360984
    1056        0.000025        0.463045        0.361148
    1057        0.000025        0.462394        0.361533
    1058        0.000025        0.465279        0.363339
    1059        0.000025        0.465464        0.362741
    1060        0.000025        0.459930        0.361819
    1061        0.000025        0.463905        0.361529
    1062        0.000025        0.461447        0.360692
    1063        0.000025        0.465072        0.361975
    1064        0.000025        0.461317        0.361619
    1065        0.000025        0.464190        0.361536
    1066        0.000025        0.461998        0.361043
    1067        0.000025        0.463859        0.362997
    1068        0.000025        0.461992        0.362234
    1069        0.000025        0.462525        0.361540
    1070        0.000025        0.462092        0.361261
    1071        0.000025        0.464375        0.361371
    1072        0.000025        0.462257        0.361126
    1073        0.000025        0.464721        0.361562
    1074        0.000025        0.463313        0.360993
    1075        0.000025        0.462155        0.360967
    1076        0.000025        0.462971        0.361062
    1077        0.000025        0.463296        0.362252
    1078        0.000025        0.465336        0.362042
    1079        0.000025        0.462321        0.361040
    1080        0.000025        0.464615        0.361577
    1081        0.000025        0.462620        0.361311
    1082        0.000025        0.465014        0.361347
    1083        0.000025        0.463338        0.361600
    1084        0.000025        0.463738        0.362902
    1085        0.000025        0.464520        0.361683
    1086        0.000025        0.463734        0.362087
    1087        0.000025        0.467221        0.363232
    1088        0.000025        0.464679        0.361566
    1089        0.000025        0.464594        0.361160
    1090        0.000025        0.463075        0.361401
    1091        0.000025        0.463294        0.361271
    1092        0.000025        0.463904        0.361360
    1093        0.000025        0.466860        0.362441
    1094        0.000025        0.463090        0.361356
    1095        0.000025        0.464828        0.361449
    1096        0.000025        0.464140        0.363028
    1097        0.000025        0.467775        0.363732
    1098        0.000025        0.465277        0.361464
    1099        0.000025        0.464426        0.361688
    1100        0.000025        0.463671        0.361186
    1101        0.000025        0.465335        0.361386
    1102        0.000025        0.464618        0.361454
    1103        0.000025        0.465200        0.362194
    1104        0.000025        0.465754        0.361404
    1105        0.000025        0.464963        0.361436
    1106        0.000025        0.467054        0.363264
    1107        0.000025        0.463966        0.361907
    1108        0.000025        0.468773        0.363723
    1109        0.000025        0.466642        0.362048
    1110        0.000025        0.465242        0.361607
    1111        0.000025        0.466196        0.361602
    1112        0.000025        0.466244        0.361830
    1113        0.000025        0.466511        0.361189
