       0        0.000100     6827.432039       78.764244
       1        0.000100     5200.081953       67.510979
       2        0.000100     3189.762168       50.523830
       3        0.000100     1565.273648       33.388763
       4        0.000100      865.288941       24.304546
       5        0.000100      686.597047       21.467098
       6        0.000100      606.072802       20.042250
       7        0.000100      531.258777       18.694555
       8        0.000100      457.340056       17.266994
       9        0.000100      387.309685       15.793819
      10        0.000100      324.382736       14.332615
      11        0.000100      270.832322       12.940622
      12        0.000100      227.696597       11.701388
      13        0.000100      194.676002       10.665310
      14        0.000100      170.403491        9.842023
      15        0.000100      152.976257        9.210741
      16        0.000100      140.483077        8.737092
      17        0.000100      131.342078        8.384288
      18        0.000100      124.355414        8.112786
      19        0.000100      118.350954        7.871381
      20        0.000100      113.851716        7.697031
      21        0.000100      110.057836        7.554447
      22        0.000100      106.740053        7.431158
      23        0.000100      103.762585        7.323120
      24        0.000100      101.032825        7.224577
      25        0.000100       98.486774        7.132492
      26        0.000100       96.081014        7.045299
      27        0.000100       93.787225        6.961151
      28        0.000100       91.587519        6.879904
      29        0.000100       89.469999        6.800808
      30        0.000100       87.426507        6.723341
      31        0.000100       85.452559        6.647741
      32        0.000100       83.545821        6.574019
      33        0.000100       81.705516        6.501835
      34        0.000100       79.931070        6.431957
      35        0.000100       78.220334        6.364319
      36        0.000100       76.565356        6.298687
      37        0.000100       74.913323        6.231009
      38        0.000100       73.257044        6.161918
      39        0.000100       71.617794        6.095773
      40        0.000100       69.957212        6.030635
      41        0.000100       68.461294        5.967876
      42        0.000100       66.945924        5.902869
      43        0.000100       65.481683        5.841577
      44        0.000100       64.031895        5.781751
      45        0.000100       62.648979        5.724660
      46        0.000100       61.378355        5.670274
      47        0.000100       60.191189        5.618498
      48        0.000100       59.160360        5.572431
      49        0.000100       58.217236        5.530760
      50        0.000100       57.339562        5.491894
      51        0.000100       56.520420        5.456469
      52        0.000100       55.750741        5.423833
      53        0.000100       55.028727        5.393258
      54        0.000100       54.349088        5.364552
      55        0.000100       53.707013        5.337694
      56        0.000100       53.103085        5.312438
      57        0.000100       52.537051        5.288515
      58        0.000100       52.005705        5.265806
      59        0.000100       51.504403        5.244411
      60        0.000100       51.028378        5.223653
      61        0.000100       50.568196        5.202952
      62        0.000100       50.084329        5.179325
      63        0.000100       49.594267        5.155070
      64        0.000100       49.138609        5.132943
      65        0.000100       48.719576        5.112903
      66        0.000100       48.329713        5.094617
      67        0.000100       47.960939        5.077692
      68        0.000100       47.609879        5.061724
      69        0.000100       47.273399        5.046519
      70        0.000100       46.949237        5.031790
      71        0.000100       46.636315        5.017358
      72        0.000100       46.334028        5.003276
      73        0.000100       46.041912        4.989660
      74        0.000100       45.760147        4.976547
      75        0.000100       45.488380        4.963734
      76        0.000100       45.226293        4.951347
      77        0.000100       44.973648        4.939465
      78        0.000100       44.730067        4.928096
      79        0.000100       44.495148        4.917086
      80        0.000100       44.268218        4.906300
      81        0.000100       44.048714        4.895821
      82        0.000100       43.836252        4.885636
      83        0.000100       43.630527        4.875772
      84        0.000100       43.431072        4.866121
      85        0.000100       43.237546        4.856605
      86        0.000100       43.049505        4.847377
      87        0.000100       42.866581        4.838392
      88        0.000100       42.688640        4.829758
      89        0.000100       42.515602        4.821419
      90        0.000100       42.347230        4.813217
      91        0.000100       42.183323        4.805155
      92        0.000100       42.023684        4.797256
      93        0.000100       41.868266        4.789613
      94        0.000100       41.716866        4.782117
      95        0.000100       41.569445        4.774777
      96        0.000100       41.425766        4.767592
      97        0.000100       41.285944        4.760575
      98        0.000100       41.149656        4.753693
      99        0.000100       41.017072        4.746979
     100        0.000100       40.887906        4.740405
     101        0.000100       40.762180        4.733975
     102        0.000100       40.639621        4.727747
     103        0.000100       40.520271        4.721621
     104        0.000100       40.403916        4.715541
     105        0.000100       40.290561        4.709651
     106        0.000100       40.179937        4.703905
     107        0.000100       40.072140        4.698259
     108        0.000100       39.966902        4.692743
     109        0.000100       39.864368        4.687375
     110        0.000100       39.764326        4.682097
     111        0.000100       39.666977        4.676915
     112        0.000100       39.572090        4.671870
     113        0.000100       39.479690        4.666981
     114        0.000100       39.389527        4.662232
     115        0.000100       39.301730        4.657608
     116        0.000100       39.215914        4.653017
     117        0.000100       39.131906        4.648571
     118        0.000100       39.049874        4.644176
     119        0.000100       38.970327        4.639914
     120        0.000100       38.893037        4.635775
     121        0.000100       38.817998        4.631749
     122        0.000100       38.744166        4.627833
     123        0.000100       38.671814        4.624055
     124        0.000100       38.602244        4.620385
     125        0.000100       38.536819        4.616899
     126        0.000100       38.473065        4.613523
     127        0.000100       38.407307        4.610121
     128        0.000100       38.342971        4.606781
     129        0.000100       38.281664        4.603576
     130        0.000100       38.222900        4.600529
     131        0.000100       38.166665        4.597600
     132        0.000100       38.112416        4.594779
     133        0.000100       38.058943        4.592039
     134        0.000100       38.002454        4.589233
     135        0.000100       37.948616        4.586535
     136        0.000100       37.900817        4.584044
     137        0.000100       37.853826        4.581610
     138        0.000100       37.806819        4.579194
     139        0.000100       37.760468        4.576816
     140        0.000100       37.713673        4.574407
     141        0.000100       37.667794        4.572085
     142        0.000100       37.626091        4.569893
     143        0.000100       37.587744        4.567835
     144        0.000100       37.551639        4.565863
     145        0.000100       37.513478        4.563906
     146        0.000100       37.472299        4.561846
     147        0.000100       37.433446        4.559888
     148        0.000100       37.399644        4.558019
     149        0.000100       37.369477        4.556303
     150        0.000100       37.339814        4.554550
     151        0.000100       37.310217        4.552863
     152        0.000100       37.276420        4.551036
     153        0.000100       37.248715        4.549465
     154        0.000100       37.223633        4.547934
     155        0.000100       37.200289        4.546544
     156        0.000100       37.175964        4.545104
     157        0.000100       37.151616        4.543753
     158        0.000100       37.121525        4.542218
     159        0.000100       37.097673        4.540909
     160        0.000100       37.078535        4.539790
     161        0.000100       37.056078        4.538435
     162        0.000100       37.038727        4.537429
     163        0.000100       37.015751        4.536206
     164        0.000100       36.991055        4.535006
     165        0.000100       36.973978        4.534080
     166        0.000100       36.956669        4.533098
     167        0.000100       36.943216        4.532328
     168        0.000100       36.926232        4.531553
     169        0.000100       36.901731        4.530414
     170        0.000100       36.886929        4.529758
     171        0.000100       36.873812        4.529036
     172        0.000100       36.863478        4.528433
     173        0.000100       36.850703        4.527741
     174        0.000100       36.831909        4.526905
     175        0.000100       36.817045        4.526227
     176        0.000100       36.806483        4.525601
     177        0.000100       36.802480        4.525268
     178        0.000100       36.792633        4.524681
     179        0.000100       36.777901        4.524050
     180        0.000100       36.764759        4.523425
     181        0.000100       36.757639        4.522891
     182        0.000100       36.756811        4.522667
     183        0.000100       36.749364        4.522111
     184        0.000100       36.736507        4.521624
     185        0.000100       36.726714        4.521188
     186        0.000100       36.722752        4.520910
     187        0.000100       36.724603        4.520858
     188        0.000100       36.720523        4.520566
     189        0.000100       36.710547        4.520309
     190        0.000100       36.704108        4.520113
     191        0.000100       36.700829        4.519831
     192        0.000100       36.706633        4.520080
     193        0.000100       36.706697        4.520058
     194        0.000100       36.696303        4.519842
     195        0.000100       36.693143        4.519769
     196        0.000100       36.695209        4.519881
     197        0.000100       36.702720        4.520146
     198        0.000100       36.703160        4.520223
     199        0.000100       36.696928        4.520205
     200        0.000100       36.693804        4.520147
     201        0.000100       36.701356        4.520482
     202        0.000100       36.710440        4.520833
     203        0.000100       36.711837        4.520845
     204        0.000100       36.707089        4.520970
     205        0.000100       36.708570        4.521077
     206        0.000100       36.716817        4.521430
     207        0.000100       36.729339        4.521890
     208        0.000100       36.733781        4.522096
     209        0.000100       36.730965        4.522271
     210        0.000100       36.732009        4.522277
     211        0.000100       36.743071        4.522814
     212        0.000100       36.758747        4.523445
     213        0.000100       36.764598        4.523756
     214        0.000100       36.758421        4.523867
     215        0.000100       36.766745        4.524312
     216        0.000100       36.776400        4.524768
     217        0.000100       36.794672        4.525396
     218        0.000100       36.799174        4.525712
     219        0.000100       36.801931        4.526238
     220        0.000100       36.801048        4.526279
     221        0.000100       36.822060        4.527210
     222        0.000100       36.835491        4.527792
     223        0.000100       36.847180        4.528284
     224        0.000100       36.841866        4.528395
     225        0.000100       36.849337        4.528884
     226        0.000100       36.868189        4.529740
     227        0.000100       36.881521        4.530306
     228        0.000100       36.899969        4.531278
     229        0.000100       36.894028        4.531382
     230        0.000100       36.897603        4.531340
     231        0.000100       36.917096        4.532139
     232        0.000100       36.935737        4.532656
     233        0.000100       36.948710        4.533233
     234        0.000100       36.947709        4.533754
     235        0.000100       36.958777        4.534489
     236        0.000100       36.977371        4.535557
     237        0.000100       37.001111        4.536644
     238        0.000100       37.011035        4.536848
     239        0.000100       37.006956        4.536873
     240        0.000100       37.011342        4.537025
     241        0.000100       37.025599        4.537555
     242        0.000100       37.051067        4.538574
     243        0.000100       37.068208        4.539423
     244        0.000100       37.068925        4.539861
     245        0.000100       37.077853        4.540638
     246        0.000100       37.093503        4.541380
     247        0.000100       37.118971        4.542587
     248        0.000100       37.132780        4.543151
     249        0.000100       37.132127        4.543693
     250        0.000100       37.132003        4.543888
     251        0.000100       37.144817        4.544651
     252        0.000100       37.173467        4.546009
     253        0.000100       37.195808        4.547140
     254        0.000100       37.206125        4.548104
     255        0.000100       37.210980        4.548722
     256        0.000100       37.226152        4.549133
     257        0.000100       37.252623        4.550017
     258        0.000100       37.269625        4.550368
     259        0.000100       37.281627        4.550972
     260        0.000100       37.288162        4.551119
     261        0.000100       37.308585        4.551894
     262        0.000100       37.344123        4.553146
     263        0.000100       37.367970        4.554133
     264        0.000100       37.382891        4.554982
     265        0.000100       37.388661        4.555768
     266        0.000100       37.403236        4.556604
     267        0.000100       37.434039        4.558161
     268        0.000100       37.460548        4.559435
     269        0.000100       37.476783        4.560824
     270        0.000100       37.482012        4.561470
     271        0.000100       37.494709        4.562357
     272        0.000100       37.523525        4.563471
     273        0.000100       37.545521        4.564411
     274        0.000100       37.561311        4.565049
     275        0.000100       37.559629        4.565439
     276        0.000100       37.577281        4.566114
     277        0.000100       37.601766        4.567210
     278        0.000100       37.631381        4.568228
     279        0.000100       37.650399        4.569431
     280        0.000100       37.657854        4.570119
     281        0.000100       37.663201        4.570750
     282        0.000100       37.695660        4.572244
     283        0.000100       37.723802        4.573737
     284        0.000100       37.745772        4.574874
     285        0.000100       37.752157        4.575930
     286        0.000100       37.767240        4.576746
     287        0.000100       37.791141        4.578072
     288        0.000100       37.824095        4.579271
     289        0.000100       37.848675        4.580610
     290        0.000100       37.854601        4.581176
     291        0.000100       37.866756        4.581879
     292        0.000100       37.895366        4.583049
     293        0.000100       37.924142        4.584148
     294        0.000100       37.949707        4.584843
     295        0.000100       37.962439        4.585617
     296        0.000100       37.983142        4.586066
     297        0.000100       38.013065        4.587198
     298        0.000100       38.053222        4.588605
     299        0.000100       38.079450        4.589991
     300        0.000100       38.095601        4.591239
     301        0.000100       38.111652        4.592302
     302        0.000100       38.137792        4.593612
     303        0.000100       38.176604        4.595368
     304        0.000100       38.200282        4.596436
     305        0.000100       38.218394        4.597810
     306        0.000100       38.227727        4.598538
     307        0.000100       38.261501        4.600205
     308        0.000100       38.293161        4.601241
     309        0.000100       38.321151        4.602719
     310        0.000100       38.337112        4.603346
     311        0.000100       38.351828        4.604357
     312        0.000100       38.385194        4.605163
     313        0.000100       38.421207        4.606194
     314        0.000100       38.455487        4.607430
     315        0.000100       38.460449        4.607824
     316        0.000100       38.466910        4.608702
     317        0.000100       38.488885        4.609588
     318        0.000100       38.505774        4.610727
     319        0.000100       38.527826        4.612198
     320        0.000100       38.528228        4.613344
     321        0.000100       38.533851        4.614363
     322        0.000100       38.555015        4.615221
     323        0.000100       38.594556        4.616871
     324        0.000100       38.615541        4.617619
     325        0.000100       38.626223        4.618490
     326        0.000100       38.637242        4.619096
     327        0.000100       38.669425        4.620357
     328        0.000100       38.694211        4.621063
     329        0.000100       38.724965        4.622423
     330        0.000100       38.724504        4.622499
     331        0.000100       38.737312        4.623325
     332        0.000100       38.769876        4.624255
     333        0.000100       38.796453        4.624849
     334        0.000100       38.824058        4.626160
     335        0.000100       38.824718        4.626371
     336        0.000100       38.837392        4.627324
     337        0.000100       38.871134        4.628504
     338        0.000100       38.902207        4.629989
     339        0.000100       38.921736        4.631204
     340        0.000100       38.928404        4.631566
     341        0.000100       38.954625        4.633084
     342        0.000100       38.990896        4.634009
     343        0.000100       39.025191        4.635469
     344        0.000100       39.039195        4.636069
     345        0.000100       39.057817        4.637052
     346        0.000100       39.073244        4.637486
     347        0.000100       39.121557        4.638956
     348        0.000100       39.145494        4.639599
     349        0.000100       39.153760        4.640013
     350        0.000100       39.181126        4.640889
     351        0.000100       39.196527        4.641505
     352        0.000100       39.239387        4.642798
     353        0.000100       39.258726        4.643579
     354        0.000100       39.262337        4.644387
     355        0.000100       39.287437        4.645340
     356        0.000100       39.311048        4.646785
     357        0.000100       39.350279        4.648779
     358        0.000100       39.358785        4.649303
     359        0.000100       39.371308        4.650800
     360        0.000100       39.398311        4.651706
     361        0.000100       39.430571        4.653178
     362        0.000100       39.454376        4.654050
     363        0.000100       39.465396        4.654665
     364        0.000100       39.468740        4.654999
     365        0.000100       39.506720        4.656031
     366        0.000100       39.536656        4.657268
     367        0.000100       39.548959        4.657866
     368        0.000100       39.566846        4.658619
     369        0.000100       39.575841        4.659337
     370        0.000100       39.616868        4.660736
     371        0.000100       39.646729        4.661805
     372        0.000100       39.642650        4.662481
     373        0.000100       39.676481        4.663503
     374        0.000100       39.696352        4.664580
     375        0.000100       39.745416        4.666579
     376        0.000100       39.757893        4.666792
     377        0.000100       39.774684        4.668342
     378        0.000100       39.808869        4.669348
     379        0.000100       39.844523        4.670700
     380        0.000100       39.874146        4.672096
     381        0.000100       39.892590        4.672719
     382        0.000100       39.897838        4.673333
     383        0.000100       39.951640        4.675046
     384        0.000100       39.976709        4.675749
     385        0.000100       39.985039        4.676484
     386        0.000100       40.014132        4.677354
     387        0.000100       40.035467        4.677982
     388        0.000100       40.075940        4.679245
     389        0.000100       40.107351        4.680078
     390        0.000100       40.107206        4.680773
     391        0.000100       40.146454        4.682220
     392        0.000050       40.191515        4.683887
     393        0.000050       40.162973        4.680457
     394        0.000050       40.201564        4.681355
     395        0.000050       40.222748        4.682243
     396        0.000050       40.254009        4.683302
     397        0.000050       40.277290        4.684255
     398        0.000050       40.302553        4.685206
     399        0.000050       40.324811        4.686089
     400        0.000050       40.346989        4.686945
     401        0.000050       40.367963        4.687756
     402        0.000050       40.387918        4.688529
     403        0.000050       40.407474        4.689294
     404        0.000050       40.425814        4.690031
     405        0.000050       40.442419        4.690645
     406        0.000050       40.461866        4.691505
     407        0.000050       40.475767        4.692010
     408        0.000050       40.489882        4.692646
     409        0.000050       40.497576        4.693136
     410        0.000050       40.519524        4.693847
     411        0.000050       40.538183        4.694489
     412        0.000050       40.541799        4.694969
     413        0.000050       40.557437        4.695539
     414        0.000050       40.568792        4.696027
     415        0.000050       40.587518        4.696810
     416        0.000050       40.602904        4.697342
     417        0.000050       40.602941        4.697552
     418        0.000050       40.625051        4.698291
     419        0.000050       40.637929        4.698781
     420        0.000050       40.656098        4.699461
     421        0.000050       40.658331        4.699751
     422        0.000050       40.672561        4.700372
     423        0.000050       40.693458        4.700989
     424        0.000050       40.704645        4.701499
     425        0.000050       40.717481        4.702045
     426        0.000050       40.727543        4.702525
     427        0.000050       40.746382        4.703063
     428        0.000050       40.766587        4.703730
     429        0.000050       40.769606        4.704092
     430        0.000050       40.786971        4.704640
     431        0.000050       40.799368        4.705134
     432        0.000050       40.822378        4.705850
     433        0.000050       40.824611        4.706100
     434        0.000050       40.834506        4.706553
     435        0.000050       40.851805        4.706982
     436        0.000050       40.868971        4.707747
     437        0.000050       40.878594        4.708112
     438        0.000050       40.885532        4.708498
     439        0.000050       40.901514        4.709222
     440        0.000050       40.918887        4.709669
     441        0.000050       40.927699        4.710370
     442        0.000050       40.938196        4.710759
     443        0.000050       40.945381        4.711246
     444        0.000050       40.966709        4.711871
     445        0.000050       40.972606        4.712118
     446        0.000050       40.978915        4.712609
     447        0.000050       40.988442        4.712819
     448        0.000050       41.000252        4.713332
     449        0.000050       41.010983        4.713749
     450        0.000050       41.011370        4.713902
     451        0.000050       41.019324        4.714400
     452        0.000050       41.031356        4.714617
     453        0.000050       41.037492        4.715106
     454        0.000050       41.042785        4.715337
     455        0.000050       41.043891        4.715636
     456        0.000050       41.059077        4.716176
     457        0.000050       41.070931        4.716702
     458        0.000050       41.075924        4.717321
     459        0.000050       41.087022        4.717703
     460        0.000050       41.099343        4.718535
     461        0.000050       41.115398        4.719032
     462        0.000050       41.120306        4.719450
     463        0.000050       41.128583        4.719801
     464        0.000050       41.141606        4.720219
     465        0.000050       41.152408        4.720730
     466        0.000050       41.165454        4.721068
     467        0.000050       41.165961        4.721481
     468        0.000050       41.185379        4.722079
     469        0.000050       41.191274        4.722311
     470        0.000050       41.208658        4.723297
     471        0.000050       41.216466        4.723548
     472        0.000050       41.225775        4.724212
     473        0.000050       41.250518        4.725018
     474        0.000050       41.260165        4.725659
     475        0.000050       41.274212        4.726407
     476        0.000050       41.286474        4.726860
     477        0.000050       41.299345        4.727621
     478        0.000050       41.319036        4.728338
     479        0.000050       41.316593        4.728524
     480        0.000050       41.333899        4.729060
     481        0.000050       41.343792        4.729486
     482        0.000050       41.358913        4.730088
     483        0.000050       41.365183        4.730325
     484        0.000050       41.375259        4.730896
     485        0.000050       41.390132        4.731333
     486        0.000050       41.399923        4.732061
     487        0.000050       41.412611        4.732553
     488        0.000050       41.424618        4.733117
     489        0.000050       41.437959        4.734038
     490        0.000050       41.462393        4.734611
     491        0.000050       41.469995        4.735523
     492        0.000050       41.489576        4.736125
     493        0.000050       41.502323        4.736794
     494        0.000050       41.520847        4.737584
     495        0.000050       41.532578        4.738127
     496        0.000050       41.542472        4.738815
     497        0.000050       41.556742        4.739198
     498        0.000050       41.566454        4.739819
     499        0.000050       41.585276        4.740502
     500        0.000050       41.587803        4.740625
     501        0.000050       41.603048        4.741175
     502        0.000050       41.619891        4.741652
     503        0.000050       41.625142        4.742237
     504        0.000050       41.646051        4.742909
     505        0.000050       41.650465        4.743521
     506        0.000050       41.676521        4.744359
     507        0.000050       41.687229        4.745188
     508        0.000050       41.705696        4.746027
     509        0.000050       41.719620        4.746442
     510        0.000050       41.736226        4.747466
     511        0.000050       41.756005        4.747966
     512        0.000050       41.765949        4.748759
     513        0.000050       41.781471        4.749291
     514        0.000050       41.796839        4.749863
     515        0.000050       41.808715        4.750513
     516        0.000050       41.821391        4.750896
     517        0.000050       41.824774        4.751362
     518        0.000050       41.847772        4.751917
     519        0.000050       41.850706        4.752128
     520        0.000050       41.871480        4.752922
     521        0.000050       41.878229        4.753329
     522        0.000050       41.892196        4.754024
     523        0.000050       41.914016        4.754732
     524        0.000050       41.919889        4.755449
     525        0.000050       41.940189        4.756172
     526        0.000050       41.950980        4.756831
     527        0.000050       41.973469        4.757576
     528        0.000050       41.986405        4.758117
     529        0.000050       41.997828        4.758989
     530        0.000050       42.016454        4.759438
     531        0.000050       42.024639        4.759954
     532        0.000050       42.045227        4.760613
     533        0.000050       42.044461        4.760895
     534        0.000050       42.058440        4.761540
     535        0.000050       42.067623        4.761720
     536        0.000050       42.072658        4.762161
     537        0.000050       42.089908        4.762852
     538        0.000050       42.088927        4.763142
     539        0.000050       42.107896        4.763757
     540        0.000050       42.123778        4.764454
     541        0.000050       42.132470        4.764985
     542        0.000050       42.148642        4.765802
     543        0.000050       42.156611        4.766264
     544        0.000050       42.180331        4.766985
     545        0.000050       42.185206        4.767408
     546        0.000050       42.202360        4.768174
     547        0.000050       42.208212        4.768449
     548        0.000050       42.219423        4.768896
     549        0.000050       42.235416        4.769409
     550        0.000050       42.236562        4.769758
     551        0.000050       42.240115        4.770028
     552        0.000050       42.252895        4.770318
     553        0.000050       42.257715        4.770680
     554        0.000050       42.271499        4.771127
     555        0.000050       42.270556        4.771486
     556        0.000050       42.285905        4.771969
     557        0.000050       42.299798        4.772450
     558        0.000050       42.310829        4.773245
     559        0.000050       42.320577        4.773593
     560        0.000050       42.330067        4.774323
     561        0.000050       42.345443        4.774842
     562        0.000050       42.358718        4.775276
     563        0.000050       42.361936        4.775832
     564        0.000050       42.375269        4.776107
     565        0.000050       42.374167        4.776276
     566        0.000050       42.398508        4.776962
     567        0.000050       42.394600        4.776821
     568        0.000050       42.399630        4.777457
     569        0.000050       42.411960        4.777586
     570        0.000050       42.414421        4.777776
     571        0.000050       42.429155        4.778284
     572        0.000050       42.432570        4.778589
     573        0.000050       42.440008        4.779100
     574        0.000050       42.462990        4.779627
     575        0.000050       42.467089        4.780044
     576        0.000050       42.487094        4.780867
     577        0.000050       42.487933        4.781178
     578        0.000050       42.499984        4.781701
     579        0.000050       42.520621        4.782182
     580        0.000050       42.520265        4.782573
     581        0.000050       42.532318        4.783032
     582        0.000050       42.536222        4.783295
     583        0.000050       42.550775        4.783751
     584        0.000050       42.567953        4.784138
     585        0.000050       42.560822        4.784528
     586        0.000050       42.579314        4.784976
     587        0.000050       42.581506        4.785251
     588        0.000050       42.604818        4.786027
     589        0.000050       42.609136        4.786159
     590        0.000050       42.612525        4.786877
     591        0.000050       42.631200        4.787306
     592        0.000050       42.645495        4.787944
     593        0.000025       42.663075        4.788715
     594        0.000025       42.616618        4.787339
     595        0.000025       42.623356        4.787549
     596        0.000025       42.634354        4.787845
     597        0.000025       42.645593        4.788169
     598        0.000025       42.656562        4.788501
     599        0.000025       42.666995        4.788824
     600        0.000025       42.676940        4.789145
     601        0.000025       42.686500        4.789474
     602        0.000025       42.695422        4.789752
     603        0.000025       42.704130        4.790057
     604        0.000025       42.713279        4.790470
     605        0.000025       42.721093        4.790702
     606        0.000025       42.729367        4.791009
     607        0.000025       42.737700        4.791329
     608        0.000025       42.746479        4.791647
     609        0.000025       42.756776        4.791972
     610        0.000025       42.769925        4.792324
     611        0.000025       42.777802        4.792619
     612        0.000025       42.780322        4.792915
     613        0.000025       42.787940        4.793238
     614        0.000025       42.795204        4.793459
     615        0.000025       42.804365        4.793766
     616        0.000025       42.808863        4.794044
     617        0.000025       42.818245        4.794331
     618        0.000025       42.820474        4.794634
     619        0.000025       42.832778        4.794886
     620        0.000025       42.839755        4.795266
     621        0.000025       42.849491        4.795382
     622        0.000025       42.852200        4.795838
     623        0.000025       42.859223        4.796027
     624        0.000025       42.866643        4.796379
     625        0.000025       42.875667        4.796616
     626        0.000025       42.883969        4.796949
     627        0.000025       42.888799        4.797176
     628        0.000025       42.895516        4.797600
     629        0.000025       42.902353        4.797744
     630        0.000025       42.912827        4.798088
     631        0.000025       42.921410        4.798481
     632        0.000025       42.924521        4.798568
     633        0.000025       42.931164        4.799086
     634        0.000025       42.938671        4.799215
     635        0.000025       42.947939        4.799580
     636        0.000025       42.957259        4.799863
     637        0.000025       42.962350        4.800166
     638        0.000025       42.967375        4.800408
     639        0.000025       42.973714        4.800735
     640        0.000025       42.985944        4.801077
     641        0.000025       42.988438        4.801230
     642        0.000025       42.999510        4.801689
     643        0.000025       43.000243        4.801733
     644        0.000025       43.008543        4.802209
     645        0.000025       43.017688        4.802360
     646        0.000025       43.028041        4.802737
     647        0.000025       43.034365        4.802999
     648        0.000025       43.038860        4.803291
     649        0.000025       43.047467        4.803717
     650        0.000025       43.051078        4.803858
     651        0.000025       43.064083        4.804308
     652        0.000025       43.066219        4.804317
     653        0.000025       43.070347        4.804764
     654        0.000025       43.075949        4.804850
     655        0.000025       43.083123        4.805212
     656        0.000025       43.092968        4.805391
     657        0.000025       43.099870        4.805673
     658        0.000025       43.105929        4.806034
     659        0.000025       43.110178        4.806311
     660        0.000025       43.119270        4.806621
     661        0.000025       43.125888        4.806855
     662        0.000025       43.133067        4.807092
     663        0.000025       43.134176        4.807212
     664        0.000025       43.137694        4.807511
     665        0.000025       43.141950        4.807537
     666        0.000025       43.150850        4.807909
     667        0.000025       43.160005        4.808122
     668        0.000025       43.164544        4.808341
     669        0.000025       43.166498        4.808671
     670        0.000025       43.173101        4.808822
     671        0.000025       43.175134        4.809052
     672        0.000025       43.184855        4.809265
     673        0.000025       43.185671        4.809374
     674        0.000025       43.188986        4.809525
     675        0.000025       43.190684        4.809803
     676        0.000025       43.197936        4.809893
     677        0.000025       43.206945        4.810300
     678        0.000025       43.213623        4.810390
     679        0.000025       43.217169        4.810739
     680        0.000025       43.221557        4.811034
     681        0.000025       43.225215        4.811187
     682        0.000025       43.235046        4.811558
     683        0.000025       43.239886        4.811571
     684        0.000025       43.242922        4.811882
     685        0.000025       43.245538        4.811984
     686        0.000025       43.248941        4.812276
     687        0.000025       43.257662        4.812371
     688        0.000025       43.266333        4.812767
     689        0.000025       43.273069        4.812986
     690        0.000025       43.276765        4.813275
     691        0.000025       43.281785        4.813600
     692        0.000025       43.289147        4.813838
     693        0.000025       43.298700        4.814167
     694        0.000025       43.306942        4.814348
     695        0.000025       43.309285        4.814557
     696        0.000025       43.314474        4.814741
     697        0.000025       43.320362        4.815153
     698        0.000025       43.334072        4.815454
     699        0.000025       43.343213        4.815900
     700        0.000025       43.352577        4.816206
     701        0.000025       43.354794        4.816478
     702        0.000025       43.361438        4.816835
     703        0.000025       43.366582        4.817013
     704        0.000025       43.377604        4.817257
     705        0.000025       43.382762        4.817431
     706        0.000025       43.391857        4.817811
     707        0.000025       43.390921        4.817863
     708        0.000025       43.402321        4.818462
     709        0.000025       43.412206        4.818555
     710        0.000025       43.420393        4.819026
     711        0.000025       43.427822        4.819231
     712        0.000025       43.429866        4.819495
     713        0.000025       43.433838        4.819735
     714        0.000025       43.440842        4.819957
     715        0.000025       43.451128        4.820219
     716        0.000025       43.459598        4.820491
     717        0.000025       43.464949        4.820811
     718        0.000025       43.470601        4.821029
     719        0.000025       43.475191        4.821502
     720        0.000025       43.487505        4.821707
     721        0.000025       43.494063        4.822128
     722        0.000025       43.502578        4.822261
     723        0.000025       43.503262        4.822494
     724        0.000025       43.508141        4.822753
     725        0.000025       43.513564        4.823029
     726        0.000025       43.525744        4.823268
     727        0.000025       43.534225        4.823677
     728        0.000025       43.541830        4.823916
     729        0.000025       43.544902        4.824289
     730        0.000025       43.553421        4.824736
     731        0.000025       43.559908        4.824801
     732        0.000025       43.573536        4.825473
     733        0.000025       43.580264        4.825472
     734        0.000025       43.583660        4.825881
     735        0.000025       43.588856        4.826141
     736        0.000025       43.596234        4.826530
     737        0.000025       43.608126        4.826859
     738        0.000025       43.620657        4.827352
     739        0.000025       43.627971        4.827681
     740        0.000025       43.633940        4.827953
     741        0.000025       43.637612        4.828431
     742        0.000025       43.647985        4.828649
     743        0.000025       43.655909        4.829084
     744        0.000025       43.669310        4.829411
     745        0.000025       43.668624        4.829436
     746        0.000025       43.678337        4.830164
     747        0.000025       43.682994        4.830215
     748        0.000025       43.692688        4.830821
     749        0.000025       43.709224        4.831215
     750        0.000025       43.717835        4.831645
     751        0.000025       43.726912        4.831958
     752        0.000025       43.730627        4.832434
     753        0.000025       43.736108        4.832634
     754        0.000025       43.746698        4.833055
     755        0.000025       43.759296        4.833377
     756        0.000025       43.767218        4.833663
     757        0.000025       43.769461        4.833932
     758        0.000025       43.775078        4.834240
     759        0.000025       43.784760        4.834641
     760        0.000025       43.802302        4.835163
     761        0.000025       43.807490        4.835490
     762        0.000025       43.818283        4.835804
     763        0.000025       43.821273        4.836167
     764        0.000025       43.834531        4.836695
     765        0.000025       43.833380        4.836722
     766        0.000025       43.840825        4.837179
     767        0.000025       43.854002        4.837334
     768        0.000025       43.864033        4.837809
     769        0.000025       43.866312        4.837947
     770        0.000025       43.861845        4.838065
     771        0.000025       43.871604        4.838483
     772        0.000025       43.886906        4.838832
     773        0.000025       43.896275        4.839205
     774        0.000025       43.894396        4.839227
     775        0.000025       43.891980        4.839514
     776        0.000025       43.900782        4.839692
     777        0.000025       43.907360        4.840075
     778        0.000025       43.911537        4.840102
     779        0.000025       43.913996        4.840294
     780        0.000025       43.926575        4.840768
     781        0.000025       43.930571        4.840899
     782        0.000025       43.930002        4.841297
     783        0.000025       43.931930        4.841349
     784        0.000025       43.945303        4.841866
     785        0.000025       43.958826        4.842147
     786        0.000025       43.955285        4.842268
     787        0.000025       43.951868        4.842253
     788        0.000025       43.956613        4.842669
     789        0.000025       43.970665        4.842998
     790        0.000025       43.978115        4.843243
     791        0.000025       43.980711        4.843452
     792        0.000025       43.985885        4.843658
     793        0.000025       43.993876        4.844170
     794        0.000013       43.999199        4.844379
     795        0.000013       43.978669        4.843416
     796        0.000013       43.976986        4.843323
     797        0.000013       43.978021        4.843328
     798        0.000013       43.980413        4.843379
     799        0.000013       43.983557        4.843461
     800        0.000013       43.987100        4.843576
     801        0.000013       43.990820        4.843705
     802        0.000013       43.994652        4.843842
     803        0.000013       43.998543        4.843985
     804        0.000013       44.002489        4.844130
     805        0.000013       44.006477        4.844279
     806        0.000013       44.010499        4.844433
     807        0.000013       44.014543        4.844586
     808        0.000013       44.018576        4.844742
     809        0.000013       44.022588        4.844894
     810        0.000013       44.026636        4.845051
     811        0.000013       44.031128        4.845264
     812        0.000013       44.036243        4.845373
     813        0.000013       44.041382        4.845523
     814        0.000013       44.042415        4.845635
     815        0.000013       44.044120        4.845770
     816        0.000013       44.047864        4.845930
     817        0.000013       44.052527        4.846081
     818        0.000013       44.057275        4.846248
     819        0.000013       44.061597        4.846390
     820        0.000013       44.065553        4.846541
     821        0.000013       44.068246        4.846650
     822        0.000013       44.070937        4.846805
     823        0.000013       44.073220        4.846925
     824        0.000013       44.078437        4.847129
     825        0.000013       44.083825        4.847275
     826        0.000013       44.088876        4.847416
     827        0.000013       44.090697        4.847532
     828        0.000013       44.093328        4.847688
     829        0.000013       44.095423        4.847779
     830        0.000013       44.099553        4.848007
     831        0.000013       44.104027        4.848086
     832        0.000013       44.110534        4.848338
     833        0.000013       44.113195        4.848412
     834        0.000013       44.116587        4.848571
     835        0.000013       44.117570        4.848688
     836        0.000013       44.120199        4.848826
     837        0.000013       44.126508        4.849075
     838        0.000013       44.129608        4.849116
     839        0.000013       44.137500        4.849425
     840        0.000013       44.138752        4.849434
     841        0.000013       44.142820        4.849708
     842        0.000013       44.143980        4.849773
     843        0.000013       44.148689        4.849987
     844        0.000013       44.153638        4.850191
     845        0.000013       44.158440        4.850273
     846        0.000013       44.166283        4.850621
     847        0.000013       44.165855        4.850598
     848        0.000013       44.170212        4.850839
     849        0.000013       44.171153        4.850933
     850        0.000013       44.177050        4.851189
     851        0.000013       44.182133        4.851333
     852        0.000013       44.188129        4.851543
     853        0.000013       44.194122        4.851798
     854        0.000013       44.192601        4.851730
     855        0.000013       44.198788        4.852130
     856        0.000013       44.198759        4.852088
     857        0.000013       44.205336        4.852374
     858        0.000013       44.209984        4.852494
     859        0.000013       44.215935        4.852692
     860        0.000013       44.219298        4.852862
     861        0.000013       44.220801        4.852986
     862        0.000013       44.226874        4.853270
     863        0.000013       44.225764        4.853294
     864        0.000013       44.234916        4.853669
     865        0.000013       44.236568        4.853650
     866        0.000013       44.243105        4.853938
     867        0.000013       44.243704        4.853960
     868        0.000013       44.246358        4.854119
     869        0.000013       44.248166        4.854274
     870        0.000013       44.253093        4.854443
     871        0.000013       44.258824        4.854639
     872        0.000013       44.265478        4.854891
     873        0.000013       44.269137        4.855044
     874        0.000013       44.272271        4.855262
     875        0.000013       44.273718        4.855417
     876        0.000013       44.275192        4.855486
     877        0.000013       44.278458        4.855668
     878        0.000013       44.282881        4.855725
     879        0.000013       44.286962        4.855875
     880        0.000013       44.290436        4.856007
     881        0.000013       44.292371        4.856169
     882        0.000013       44.294822        4.856306
     883        0.000013       44.298914        4.856581
     884        0.000013       44.304113        4.856698
     885        0.000013       44.310777        4.856974
     886        0.000013       44.313094        4.857024
     887        0.000013       44.316745        4.857248
     888        0.000013       44.315765        4.857248
     889        0.000013       44.316797        4.857367
     890        0.000013       44.323209        4.857602
     891        0.000013       44.325197        4.857615
     892        0.000013       44.333366        4.857948
     893        0.000013       44.336090        4.858006
     894        0.000013       44.339486        4.858260
     895        0.000013       44.341033        4.858370
     896        0.000013       44.344454        4.858579
     897        0.000013       44.348671        4.858777
     898        0.000013       44.354244        4.858930
     899        0.000013       44.357238        4.859025
     900        0.000013       44.359876        4.859162
     901        0.000013       44.359882        4.859194
     902        0.000013       44.361202        4.859320
     903        0.000013       44.365265        4.859509
     904        0.000013       44.368630        4.859533
     905        0.000013       44.376895        4.859927
     906        0.000013       44.380562        4.859996
     907        0.000013       44.383057        4.860194
     908        0.000013       44.384664        4.860325
     909        0.000013       44.386565        4.860483
     910        0.000013       44.389858        4.860606
     911        0.000013       44.395342        4.860837
     912        0.000013       44.398897        4.860861
     913        0.000013       44.402907        4.861048
     914        0.000013       44.403497        4.861086
     915        0.000013       44.406510        4.861271
     916        0.000013       44.409127        4.861418
     917        0.000013       44.414312        4.861635
     918        0.000013       44.421217        4.861861
     919        0.000013       44.424613        4.861988
     920        0.000013       44.427840        4.862185
     921        0.000013       44.428002        4.862182
     922        0.000013       44.429715        4.862364
     923        0.000013       44.431777        4.862405
     924        0.000013       44.436776        4.862599
     925        0.000013       44.441574        4.862738
     926        0.000013       44.447059        4.862918
     927        0.000013       44.449167        4.863018
     928        0.000013       44.453519        4.863287
     929        0.000013       44.454637        4.863365
     930        0.000013       44.459830        4.863627
     931        0.000013       44.464761        4.863789
     932        0.000013       44.467590        4.863801
     933        0.000013       44.473367        4.864105
     934        0.000013       44.471967        4.863970
     935        0.000013       44.474524        4.864189
     936        0.000013       44.476228        4.864256
     937        0.000013       44.481242        4.864459
     938        0.000013       44.486742        4.864603
     939        0.000013       44.493029        4.864866
     940        0.000013       44.496298        4.864958
     941        0.000013       44.499400        4.865177
     942        0.000013       44.500561        4.865292
     943        0.000013       44.503683        4.865451
     944        0.000013       44.506811        4.865559
     945        0.000013       44.512295        4.865715
     946        0.000013       44.515121        4.865731
     947        0.000013       44.518342        4.865896
     948        0.000013       44.520241        4.866010
     949        0.000013       44.523193        4.866155
     950        0.000013       44.527918        4.866450
     951        0.000013       44.534157        4.866605
     952        0.000013       44.539354        4.866833
     953        0.000013       44.543694        4.866960
     954        0.000013       44.545768        4.867084
     955        0.000013       44.546299        4.867118
     956        0.000013       44.548764        4.867327
     957        0.000013       44.550424        4.867312
     958        0.000013       44.558125        4.867637
     959        0.000013       44.561705        4.867677
     960        0.000013       44.566856        4.867870
     961        0.000013       44.571421        4.868139
     962        0.000013       44.571020        4.868145
     963        0.000013       44.577778        4.868524
     964        0.000013       44.580063        4.868569
     965        0.000013       44.586935        4.868837
     966        0.000013       44.590597        4.868903
     967        0.000013       44.594501        4.869125
     968        0.000013       44.595185        4.869125
     969        0.000013       44.597468        4.869302
     970        0.000013       44.599977        4.869418
     971        0.000013       44.606145        4.869613
     972        0.000013       44.612466        4.869837
     973        0.000013       44.618511        4.870041
     974        0.000013       44.622042        4.870209
     975        0.000013       44.625290        4.870436
     976        0.000013       44.627633        4.870616
     977        0.000013       44.631310        4.870746
     978        0.000013       44.635977        4.870949
     979        0.000013       44.640945        4.871009
     980        0.000013       44.644451        4.871166
     981        0.000013       44.648048        4.871319
     982        0.000013       44.650429        4.871469
     983        0.000013       44.653956        4.871653
     984        0.000013       44.659818        4.871931
     985        0.000013       44.665555        4.872053
     986        0.000013       44.673023        4.872389
     987        0.000013       44.674320        4.872392
     988        0.000013       44.678480        4.872638
     989        0.000013       44.678400        4.872716
     990        0.000013       44.680752        4.872831
     991        0.000013       44.687166        4.873072
     992        0.000013       44.690711        4.873118
     993        0.000013       44.698461        4.873420
     994        0.000013       44.701288        4.873495
     995        0.000006       44.705337        4.873790
     996        0.000006       44.707462        4.874124
     997        0.000006       44.705797        4.874193
     998        0.000006       44.705620        4.874244
     999        0.000006       44.706063        4.874292
    1000        0.000006       44.707002        4.874347
    1001        0.000006       44.708271        4.874405
    1002        0.000006       44.709804        4.874475
    1003        0.000006       44.711533        4.874545
    1004        0.000006       44.713422        4.874624
    1005        0.000006       44.715497        4.874707
    1006        0.000006       44.717811        4.874799
    1007        0.000006       44.720311        4.874890
    1008        0.000006       44.722282        4.874973
    1009        0.000006       44.723292        4.875050
    1010        0.000006       44.724893        4.875143
    1011        0.000006       44.727463        4.875265
    1012        0.000006       44.730021        4.875337
    1013        0.000006       44.732587        4.875445
    1014        0.000006       44.734853        4.875536
    1015        0.000006       44.736854        4.875638
    1016        0.000006       44.738475        4.875708
    1017        0.000006       44.740187        4.875820
    1018        0.000006       44.742300        4.875907
    1019        0.000006       44.745325        4.876021
    1020        0.000006       44.748169        4.876127
    1021        0.000006       44.750101        4.876197
    1022        0.000006       44.751740        4.876303
    1023        0.000006       44.753422        4.876389
    1024        0.000006       44.755248        4.876473
    1025        0.000006       44.757866        4.876602
    1026        0.000006       44.760445        4.876679
    1027        0.000006       44.763384        4.876791
    1028        0.000006       44.765221        4.876889
    1029        0.000006       44.766597        4.876949
    1030        0.000006       44.768257        4.877060
    1031        0.000006       44.770160        4.877144
    1032        0.000006       44.772801        4.877235
    1033        0.000006       44.775598        4.877357
    1034        0.000006       44.778140        4.877453
    1035        0.000006       44.779459        4.877528
    1036        0.000006       44.781542        4.877646
    1037        0.000006       44.782594        4.877694
    1038        0.000006       44.785008        4.877800
    1039        0.000006       44.788318        4.877935
    1040        0.000006       44.788978        4.877933
    1041        0.000006       44.793390        4.878138
    1042        0.000006       44.792915        4.878135
    1043        0.000006       44.795185        4.878247
    1044        0.000006       44.795957        4.878306
    1045        0.000006       44.798578        4.878398
    1046        0.000006       44.800970        4.878484
    1047        0.000006       44.803231        4.878586
    1048        0.000006       44.806040        4.878694
    1049        0.000006       44.805292        4.878697
    1050        0.000006       44.808888        4.878869
    1051        0.000006       44.808838        4.878869
    1052        0.000006       44.812053        4.879012
    1053        0.000006       44.813624        4.879059
    1054        0.000006       44.815939        4.879144
    1055        0.000006       44.816952        4.879219
    1056        0.000006       44.817474        4.879248
    1057        0.000006       44.820231        4.879369
    1058        0.000006       44.819696        4.879364
    1059        0.000006       44.824262        4.879528
    1060        0.000006       44.825049        4.879556
    1061        0.000006       44.827812        4.879693
    1062        0.000006       44.828058        4.879700
    1063        0.000006       44.829691        4.879809
    1064        0.000006       44.831179        4.879886
    1065        0.000006       44.832363        4.879922
    1066        0.000006       44.836688        4.880097
    1067        0.000006       44.836954        4.880089
    1068        0.000006       44.840592        4.880245
    1069        0.000006       44.840351        4.880274
    1070        0.000006       44.842621        4.880381
    1071        0.000006       44.843170        4.880416
    1072        0.000006       44.845925        4.880538
    1073        0.000006       44.847512        4.880580
    1074        0.000006       44.850009        4.880691
    1075        0.000006       44.850769        4.880747
    1076        0.000006       44.851640        4.880783
    1077        0.000006       44.853420        4.880884
    1078        0.000006       44.853612        4.880897
    1079        0.000006       44.857747        4.881043
    1080        0.000006       44.858850        4.881086
    1081        0.000006       44.862228        4.881227
    1082        0.000006       44.862961        4.881272
    1083        0.000006       44.865105        4.881413
    1084        0.000006       44.866248        4.881469
    1085        0.000006       44.868665        4.881570
    1086        0.000006       44.870995        4.881661
    1087        0.000006       44.873309        4.881735
    1088        0.000006       44.875083        4.881816
    1089        0.000006       44.875704        4.881866
    1090        0.000006       44.878304        4.881966
    1091        0.000006       44.878874        4.882010
    1092        0.000006       44.883049        4.882187
    1093        0.000006       44.884723        4.882236
    1094        0.000006       44.888004        4.882385
    1095        0.000006       44.889133        4.882443
    1096        0.000006       44.890611        4.882513
    1097        0.000006       44.891878        4.882602
    1098        0.000006       44.893639        4.882654
    1099        0.000006       44.896333        4.882748
    1100        0.000006       44.899162        4.882851
    1101        0.000006       44.902244        4.882964
    1102        0.000006       44.904269        4.883071
    1103        0.000006       44.906631        4.883206
    1104        0.000006       44.908124        4.883266
    1105        0.000006       44.911007        4.883410
    1106        0.000006       44.912867        4.883468
    1107        0.000006       44.916023        4.883588
    1108        0.000006       44.916948        4.883636
    1109        0.000006       44.918879        4.883728
    1110        0.000006       44.919791        4.883767
    1111        0.000006       44.921339        4.883856
    1112        0.000006       44.925180        4.883993
    1113        0.000006       44.926310        4.884022
    1114        0.000006       44.930615        4.884214
    1115        0.000006       44.931469        4.884248
    1116        0.000006       44.933590        4.884369
    1117        0.000006       44.934674        4.884443
    1118        0.000006       44.936616        4.884510
    1119        0.000006       44.938959        4.884611
    1120        0.000006       44.941673        4.884700
    1121        0.000006       44.944331        4.884792
    1122        0.000006       44.945888        4.884871
    1123        0.000006       44.948430        4.884995
    1124        0.000006       44.949729        4.885062
    1125        0.000006       44.952893        4.885235
    1126        0.000006       44.955122        4.885305
    1127        0.000006       44.958383        4.885440
    1128        0.000006       44.959540        4.885493
    1129        0.000006       44.961039        4.885562
    1130        0.000006       44.961735        4.885608
    1131        0.000006       44.963537        4.885701
    1132        0.000006       44.965442        4.885755
    1133        0.000006       44.968684        4.885890
    1134        0.000006       44.971393        4.885998
    1135        0.000006       44.973509        4.886093
    1136        0.000006       44.975599        4.886213
    1137        0.000006       44.975539        4.886239
    1138        0.000006       44.978990        4.886382
    1139        0.000006       44.979545        4.886425
    1140        0.000006       44.983674        4.886562
    1141        0.000006       44.985532        4.886623
    1142        0.000006       44.988226        4.886760
    1143        0.000006       44.989451        4.886821
    1144        0.000006       44.991746        4.886950
    1145        0.000006       44.993533        4.887051
    1146        0.000006       44.996682        4.887154
    1147        0.000006       44.998950        4.887259
    1148        0.000006       45.001302        4.887360
    1149        0.000006       45.002374        4.887409
    1150        0.000006       45.003503        4.887484
    1151        0.000006       45.005170        4.887556
    1152        0.000006       45.007019        4.887619
    1153        0.000006       45.010358        4.887771
    1154        0.000006       45.012913        4.887851
    1155        0.000006       45.015041        4.887955
    1156        0.000006       45.016562        4.888046
    1157        0.000006       45.017477        4.888097
    1158        0.000006       45.019574        4.888204
    1159        0.000006       45.020894        4.888263
    1160        0.000006       45.024730        4.888391
    1161        0.000006       45.026271        4.888462
    1162        0.000006       45.028564        4.888571
    1163        0.000006       45.029350        4.888618
    1164        0.000006       45.030223        4.888688
    1165        0.000006       45.031706        4.888753
    1166        0.000006       45.032695        4.888770
    1167        0.000006       45.035548        4.888896
    1168        0.000006       45.036164        4.888896
    1169        0.000006       45.038119        4.888993
    1170        0.000006       45.038085        4.889022
    1171        0.000006       45.040138        4.889110
    1172        0.000006       45.041120        4.889163
    1173        0.000006       45.044090        4.889284
    1174        0.000006       45.046196        4.889344
    1175        0.000006       45.047562        4.889424
    1176        0.000006       45.049575        4.889527
    1177        0.000006       45.048940        4.889511
    1178        0.000006       45.051764        4.889656
    1179        0.000006       45.052221        4.889663
    1180        0.000006       45.055518        4.889775
    1181        0.000006       45.056761        4.889839
    1182        0.000006       45.058871        4.889917
    1183        0.000006       45.059089        4.889942
    1184        0.000006       45.060269        4.890019
    1185        0.000006       45.061581        4.890066
    1186        0.000006       45.062168        4.890089
    1187        0.000006       45.066328        4.890250
    1188        0.000006       45.066289        4.890210
    1189        0.000006       45.068963        4.890346
    1190        0.000006       45.069323        4.890375
    1191        0.000006       45.071382        4.890470
    1192        0.000006       45.073158        4.890563
    1193        0.000006       45.076204        4.890677
    1194        0.000006       45.078722        4.890761
