       0        0.000100     6189.553254       74.629524
       1        0.000100     3697.310895       55.174480
       2        0.000100     1551.914824       33.168549
       3        0.000100      831.515561       23.772594
       4        0.000100      698.198365       21.565613
       5        0.000100      611.029800       20.107161
       6        0.000100      524.522887       18.586338
       7        0.000100      442.378074       17.003843
       8        0.000100      368.284405       15.417408
       9        0.000100      305.477358       13.928920
      10        0.000100      255.344864       12.616269
      11        0.000100      217.318319       11.519572
      12        0.000100      189.407282       10.669079
      13        0.000100      169.039240       10.025546
      14        0.000100      153.846215        9.525830
      15        0.000100      142.055587        9.123471
      16        0.000100      132.508868        8.790524
      17        0.000100      124.489744        8.505998
      18        0.000100      117.557608        8.256152
      19        0.000100      111.418515        8.026238
      20        0.000100      105.723032        7.805404
      21        0.000100      100.050256        7.573356
      22        0.000100       95.072049        7.371078
      23        0.000100       90.816427        7.193770
      24        0.000100       87.027096        7.029298
      25        0.000100       83.590031        6.875747
      26        0.000100       80.450110        6.732286
      27        0.000100       77.574248        6.597377
      28        0.000100       74.936150        6.470700
      29        0.000100       72.514646        6.353045
      30        0.000100       70.291322        6.243653
      31        0.000100       68.249061        6.142719
      32        0.000100       66.372967        6.051054
      33        0.000100       64.649646        5.966606
      34        0.000100       63.065053        5.888810
      35        0.000100       61.603382        5.816599
      36        0.000100       60.237035        5.749074
      37        0.000100       58.856356        5.683567
      38        0.000100       57.656073        5.624737
      39        0.000100       56.569699        5.570433
      40        0.000100       55.572291        5.520706
      41        0.000100       54.649717        5.474966
      42        0.000100       53.785560        5.432711
      43        0.000100       52.929297        5.387716
      44        0.000100       52.147357        5.348734
      45        0.000100       51.419084        5.315151
      46        0.000100       50.727458        5.281960
      47        0.000100       50.102645        5.250558
      48        0.000100       49.523140        5.221506
      49        0.000100       48.955017        5.193656
      50        0.000100       48.432627        5.167753
      51        0.000100       47.952327        5.144348
      52        0.000100       47.498584        5.122645
      53        0.000100       47.044622        5.101054
      54        0.000100       46.598908        5.080637
      55        0.000100       46.208207        5.062188
      56        0.000100       45.851600        5.045084
      57        0.000100       45.514909        5.029002
      58        0.000100       45.189673        5.013317
      59        0.000100       44.871756        4.997547
      60        0.000100       44.576900        4.983297
      61        0.000100       44.298521        4.969857
      62        0.000100       44.033210        4.957184
      63        0.000100       43.779393        4.944957
      64        0.000100       43.535997        4.933201
      65        0.000100       43.302483        4.921874
      66        0.000100       43.078286        4.911108
      67        0.000100       42.862824        4.900693
      68        0.000100       42.655457        4.890628
      69        0.000100       42.455359        4.880964
      70        0.000100       42.259085        4.871286
      71        0.000100       42.044877        4.859856
      72        0.000100       41.785312        4.844177
      73        0.000100       41.572553        4.832986
      74        0.000100       41.383818        4.823522
      75        0.000100       41.205602        4.814569
      76        0.000100       41.035036        4.806196
      77        0.000100       40.871057        4.798221
      78        0.000100       40.713138        4.790458
      79        0.000100       40.560856        4.782889
      80        0.000100       40.413993        4.775516
      81        0.000100       40.272303        4.768337
      82        0.000100       40.135559        4.761306
      83        0.000100       40.003516        4.754449
      84        0.000100       39.875964        4.747741
      85        0.000100       39.752872        4.741275
      86        0.000100       39.634027        4.735045
      87        0.000100       39.519447        4.728999
      88        0.000100       39.408546        4.723106
      89        0.000100       39.302048        4.717304
      90        0.000100       39.197235        4.711600
      91        0.000100       39.098957        4.706239
      92        0.000100       38.999898        4.700953
      93        0.000100       38.906831        4.695821
      94        0.000100       38.811707        4.690480
      95        0.000100       38.715549        4.684671
      96        0.000100       38.613565        4.678289
      97        0.000100       38.515270        4.672259
      98        0.000100       38.423377        4.666669
      99        0.000100       38.339561        4.661561
     100        0.000100       38.261391        4.656735
     101        0.000100       38.189564        4.652222
     102        0.000100       38.120664        4.647816
     103        0.000100       38.057124        4.643595
     104        0.000100       37.995203        4.639393
     105        0.000100       37.938271        4.635373
     106        0.000100       37.882559        4.631424
     107        0.000100       37.831219        4.627753
     108        0.000100       37.781084        4.624112
     109        0.000100       37.735008        4.620619
     110        0.000100       37.690101        4.617112
     111        0.000100       37.649045        4.613751
     112        0.000100       37.608940        4.610434
     113        0.000100       37.572661        4.607257
     114        0.000100       37.536983        4.604071
     115        0.000100       37.505101        4.601008
     116        0.000100       37.473638        4.597975
     117        0.000100       37.445875        4.595013
     118        0.000100       37.418345        4.592211
     119        0.000100       37.394000        4.589401
     120        0.000100       37.369506        4.586692
     121        0.000100       37.348207        4.583997
     122        0.000100       37.326819        4.581447
     123        0.000100       37.308707        4.578899
     124        0.000100       37.290498        4.576427
     125        0.000100       37.275508        4.573920
     126        0.000100       37.260472        4.571507
     127        0.000100       37.248540        4.569066
     128        0.000100       37.236637        4.566723
     129        0.000100       37.227806        4.564356
     130        0.000100       37.219098        4.562080
     131        0.000100       37.213435        4.559821
     132        0.000100       37.207933        4.557718
     133        0.000100       37.205279        4.555557
     134        0.000100       37.202745        4.553535
     135        0.000100       37.203019        4.551473
     136        0.000100       37.203413        4.549480
     137        0.000100       37.206579        4.547454
     138        0.000100       37.209845        4.545563
     139        0.000100       37.215764        4.543633
     140        0.000100       37.221809        4.541823
     141        0.000100       37.230552        4.539960
     142        0.000100       37.239551        4.538211
     143        0.000100       37.251131        4.536392
     144        0.000100       37.262998        4.534706
     145        0.000100       37.277278        4.532968
     146        0.000100       37.291683        4.531353
     147        0.000100       37.308212        4.529692
     148        0.000100       37.324748        4.528160
     149        0.000100       37.343270        4.526577
     150        0.000100       37.361749        4.525090
     151        0.000100       37.382367        4.523521
     152        0.000100       37.402642        4.522072
     153        0.000100       37.425701        4.520611
     154        0.000100       37.447587        4.519224
     155        0.000100       37.473329        4.517826
     156        0.000100       37.496101        4.516490
     157        0.000100       37.523612        4.515159
     158        0.000100       37.547835        4.513865
     159        0.000100       37.576702        4.512564
     160        0.000100       37.602570        4.511348
     161        0.000100       37.632671        4.510111
     162        0.000100       37.660366        4.508959
     163        0.000100       37.691604        4.507798
     164        0.000100       37.721270        4.506681
     165        0.000100       37.753504        4.505507
     166        0.000100       37.785211        4.504387
     167        0.000100       37.817899        4.503251
     168        0.000100       37.852079        4.502201
     169        0.000100       37.883857        4.501075
     170        0.000100       37.923062        4.500094
     171        0.000100       37.951970        4.498932
     172        0.000100       37.993791        4.498025
     173        0.000100       38.026335        4.496901
     174        0.000100       38.065982        4.495977
     175        0.000100       38.101397        4.494936
     176        0.000100       38.141134        4.494068
     177        0.000100       38.179446        4.493100
     178        0.000100       38.217413        4.492306
     179        0.000100       38.260510        4.491483
     180        0.000100       38.296926        4.490709
     181        0.000100       38.341573        4.489993
     182        0.000100       38.381709        4.489294
     183        0.000100       38.424060        4.488564
     184        0.000100       38.466986        4.487961
     185        0.000100       38.507974        4.487308
     186        0.000100       38.555863        4.486819
     187        0.000100       38.594826        4.486170
     188        0.000100       38.645610        4.485755
     189        0.000100       38.689195        4.485130
     190        0.000100       38.737689        4.484729
     191        0.000100       38.782626        4.484178
     192        0.000100       38.830347        4.483799
     193        0.000100       38.879144        4.483309
     194        0.000100       38.923660        4.482913
     195        0.000100       38.977535        4.482587
     196        0.000100       39.025986        4.482322
     197        0.000100       39.076464        4.482089
     198        0.000100       39.127271        4.481903
     199        0.000100       39.176545        4.481623
     200        0.000100       39.233398        4.481514
     201        0.000100       39.282874        4.481250
     202        0.000100       39.343136        4.481248
     203        0.000100       39.396084        4.480989
     204        0.000100       39.450256        4.480922
     205        0.000100       39.504542        4.480771
     206        0.000100       39.561903        4.480818
     207        0.000100       39.627878        4.480857
     208        0.000100       39.693169        4.480970
     209        0.000100       39.748037        4.480936
     210        0.000100       39.800518        4.480947
     211        0.000100       39.829866        4.480626
     212        0.000100       39.882295        4.480746
     213        0.000100       39.967677        4.481087
     214        0.000100       40.093700        4.482077
     215        0.000100       40.151426        4.482148
     216        0.000100       40.168428        4.481980
     217        0.000100       40.174663        4.481528
     218        0.000100       40.209401        4.481584
     219        0.000100       40.310902        4.482225
     220        0.000100       40.444144        4.483282
     221        0.000100       40.526972        4.483747
     222        0.000100       40.568896        4.483792
     223        0.000100       40.595546        4.483686
     224        0.000100       40.636401        4.483766
     225        0.000100       40.690446        4.483848
     226        0.000100       40.802688        4.484770
     227        0.000100       40.921613        4.485454
     228        0.000100       41.001278        4.486012
     229        0.000100       41.040436        4.485981
     230        0.000100       41.055877        4.485765
     231        0.000100       41.090788        4.485686
     232        0.000100       41.158940        4.486067
     233        0.000100       41.292463        4.486908
     234        0.000100       41.440817        4.488051
     235        0.000100       41.509749        4.488410
     236        0.000100       41.553217        4.488523
     237        0.000100       41.573005        4.488300
     238        0.000100       41.617774        4.488667
     239        0.000100       41.681356        4.488790
     240        0.000100       41.812945        4.489915
     241        0.000100       41.971746        4.491227
     242        0.000100       42.066763        4.491960
     243        0.000100       42.118978        4.492066
     244        0.000100       42.139097        4.492272
     245        0.000100       42.170451        4.492453
     246        0.000100       42.220691        4.492567
     247        0.000100       42.336253        4.493487
     248        0.000100       42.517196        4.495256
     249        0.000100       42.650614        4.496230
     250        0.000100       42.727263        4.496769
     251        0.000100       42.759940        4.497036
     252        0.000100       42.791328        4.497447
     253        0.000100       42.818619        4.497260
     254        0.000100       42.901142        4.497958
     255        0.000100       43.047145        4.499233
     256        0.000100       43.235325        4.500988
     257        0.000100       43.357903        4.501729
     258        0.000100       43.418477        4.502254
     259        0.000100       43.458778        4.502678
     260        0.000100       43.470543        4.502815
     261        0.000100       43.514573        4.503035
     262        0.000100       43.611662        4.503822
     263        0.000100       43.774707        4.505283
     264        0.000100       43.963163        4.506863
     265        0.000100       44.079083        4.507677
     266        0.000100       44.152437        4.508418
     267        0.000100       44.165777        4.508421
     268        0.000100       44.184059        4.508811
     269        0.000100       44.239599        4.509200
     270        0.000100       44.338983        4.510171
     271        0.000100       44.502164        4.511352
     272        0.000100       44.694263        4.512856
     273        0.000100       44.825175        4.513805
     274        0.000100       44.885278        4.514374
     275        0.000100       44.903478        4.514690
     276        0.000100       44.928296        4.515054
     277        0.000100       44.968510        4.515242
     278        0.000100       45.067554        4.516161
     279        0.000100       45.238652        4.517332
     280        0.000100       45.438835        4.519029
     281        0.000100       45.565956        4.519931
     282        0.000100       45.630706        4.520730
     283        0.000100       45.661923        4.520975
     284        0.000100       45.654362        4.520913
     285        0.000100       45.694001        4.521370
     286        0.000100       45.804897        4.522501
     287        0.000100       45.979641        4.523908
     288        0.000100       46.173137        4.525454
     289        0.000100       46.302739        4.526356
     290        0.000100       46.386848        4.527111
     291        0.000100       46.381643        4.526940
     292        0.000100       46.374884        4.527373
     293        0.000100       46.426956        4.527936
     294        0.000100       46.546080        4.529125
     295        0.000100       46.698499        4.529870
     296        0.000100       46.882157        4.531244
     297        0.000100       47.024303        4.532185
     298        0.000100       47.082636        4.532874
     299        0.000100       47.090665        4.533190
     300        0.000100       47.096042        4.533432
     301        0.000100       47.151600        4.533613
     302        0.000100       47.245923        4.534150
     303        0.000100       47.392991        4.535176
     304        0.000100       47.582947        4.536915
     305        0.000100       47.715199        4.537912
     306        0.000100       47.811952        4.538779
     307        0.000100       47.837611        4.538517
     308        0.000100       47.824086        4.538555
     309        0.000100       47.835477        4.538584
     310        0.000100       47.904389        4.539870
     311        0.000100       48.047617        4.541164
     312        0.000100       48.264799        4.542785
     313        0.000100       48.484969        4.543681
     314        0.000100       48.525371        4.544111
     315        0.000100       48.460734        4.544068
     316        0.000100       48.400619        4.544446
     317        0.000100       48.434845        4.545053
     318        0.000100       48.605009        4.546336
     319        0.000100       48.847762        4.547449
     320        0.000100       49.025341        4.549082
     321        0.000100       49.119593        4.549812
     322        0.000100       49.134574        4.550657
     323        0.000100       49.088508        4.550930
     324        0.000100       49.108246        4.551643
     325        0.000100       49.260616        4.552120
     326        0.000100       49.414513        4.553367
     327        0.000100       49.582166        4.554738
     328        0.000100       49.724160        4.556265
     329        0.000100       49.792591        4.557355
     330        0.000100       49.811340        4.558105
     331        0.000100       49.810143        4.557961
     332        0.000100       49.905074        4.558319
     333        0.000100       49.979456        4.558698
     334        0.000100       50.098546        4.560254
     335        0.000100       50.255196        4.561655
     336        0.000100       50.409437        4.563549
     337        0.000100       50.541671        4.564192
     338        0.000100       50.643547        4.564460
     339        0.000100       50.628502        4.564194
     340        0.000100       50.629979        4.564804
     341        0.000100       50.664880        4.565318
     342        0.000100       50.795418        4.567149
     343        0.000100       50.970754        4.567886
     344        0.000100       51.208910        4.569356
     345        0.000100       51.366174        4.569969
     346        0.000100       51.364023        4.571203
     347        0.000100       51.330654        4.571735
     348        0.000100       51.363802        4.572908
     349        0.000100       51.487676        4.573854
     350        0.000100       51.733507        4.575494
     351        0.000100       52.009314        4.576766
     352        0.000100       52.133418        4.578097
     353        0.000100       52.122375        4.578373
     354        0.000100       52.025896        4.578631
     355        0.000100       51.982968        4.578072
     356        0.000100       52.088640        4.579303
     357        0.000100       52.328175        4.580492
     358        0.000100       52.600207        4.582805
     359        0.000100       52.766024        4.584138
     360        0.000100       52.789655        4.585465
     361        0.000100       52.705354        4.585374
     362        0.000100       52.687181        4.586024
     363        0.000100       52.798073        4.586515
     364        0.000100       52.977389        4.587746
     365        0.000100       53.194443        4.589076
     366        0.000100       53.344100        4.589968
     367        0.000100       53.372967        4.590390
     368        0.000100       53.364783        4.590707
     369        0.000100       53.349535        4.590731
     370        0.000100       53.453104        4.591684
     371        0.000100       53.631106        4.592587
     372        0.000100       53.842786        4.594768
     373        0.000100       54.017552        4.596152
     374        0.000100       54.130435        4.598235
     375        0.000100       54.209537        4.598796
     376        0.000100       54.230339        4.599305
     377        0.000100       54.297687        4.599433
     378        0.000100       54.406649        4.600290
     379        0.000100       54.538599        4.601419
     380        0.000100       54.676507        4.603230
     381        0.000100       54.809225        4.604345
     382        0.000100       54.962109        4.606159
     383        0.000100       55.047185        4.606153
     384        0.000100       55.098848        4.607334
     385        0.000100       55.153513        4.607668
     386        0.000100       55.228115        4.609307
     387        0.000100       55.376130        4.610244
     388        0.000100       55.529014        4.611757
     389        0.000100       55.701099        4.612322
     390        0.000100       55.783680        4.612842
     391        0.000100       55.780456        4.612956
     392        0.000100       55.785033        4.613870
     393        0.000100       55.809670        4.614739
     394        0.000100       55.987083        4.616669
     395        0.000100       56.212223        4.617560
     396        0.000100       56.453958        4.619195
     397        0.000100       56.508830        4.619063
     398        0.000100       56.428116        4.619513
     399        0.000100       56.351283        4.619334
     400        0.000100       56.420933        4.620512
     401        0.000100       56.629593        4.621655
     402        0.000100       56.926039        4.623596
     403        0.000100       57.157518        4.625292
     404        0.000050       57.245351        4.626678
     405        0.000050       57.107936        4.617853
     406        0.000050       57.029924        4.617337
     407        0.000050       56.982627        4.617217
     408        0.000050       56.956390        4.617241
     409        0.000050       56.943185        4.617340
     410        0.000050       56.938760        4.617490
     411        0.000050       56.940708        4.617670
     412        0.000050       56.947405        4.617879
     413        0.000050       56.957614        4.618110
     414        0.000050       56.970180        4.618358
     415        0.000050       56.983527        4.618607
     416        0.000050       56.995292        4.618845
     417        0.000050       57.001138        4.619040
     418        0.000050       56.995174        4.619156
     419        0.000050       56.984234        4.619217
     420        0.000050       56.990279        4.619377
     421        0.000050       57.044386        4.619894
     422        0.000050       57.113360        4.620268
     423        0.000050       57.206772        4.621120
     424        0.000050       57.210037        4.621598
     425        0.000050       57.237404        4.621922
     426        0.000050       57.271414        4.622123
     427        0.000050       57.283983        4.622210
     428        0.000050       57.273311        4.622317
     429        0.000050       57.280011        4.622573
     430        0.000050       57.301803        4.622948
     431        0.000050       57.339793        4.623364
     432        0.000050       57.407807        4.623983
     433        0.000050       57.519082        4.624742
     434        0.000050       57.618518        4.625176
     435        0.000050       57.689137        4.625801
     436        0.000050       57.680016        4.626109
     437        0.000050       57.583957        4.625740
     438        0.000050       57.535145        4.625734
     439        0.000050       57.571031        4.626131
     440        0.000050       57.672047        4.626856
     441        0.000050       57.773547        4.627389
     442        0.000050       57.845355        4.627901
     443        0.000050       57.912053        4.628759
     444        0.000050       57.956834        4.629363
     445        0.000050       57.969144        4.629468
     446        0.000050       57.967267        4.629649
     447        0.000050       57.962133        4.629592
     448        0.000050       58.002913        4.630158
     449        0.000050       58.027974        4.630353
     450        0.000050       58.043012        4.630712
     451        0.000050       58.084218        4.631249
     452        0.000050       58.159875        4.631845
     453        0.000050       58.280203        4.632747
     454        0.000050       58.382106        4.633298
     455        0.000050       58.410087        4.633661
     456        0.000050       58.351637        4.633360
     457        0.000050       58.269700        4.633028
     458        0.000050       58.279591        4.633637
     459        0.000050       58.326016        4.633873
     460        0.000050       58.438710        4.634730
     461        0.000050       58.549499        4.635327
     462        0.000050       58.621087        4.635855
     463        0.000050       58.669498        4.636463
     464        0.000050       58.667080        4.636731
     465        0.000050       58.682895        4.637280
     466        0.000050       58.659896        4.636984
     467        0.000050       58.689281        4.637217
     468        0.000050       58.723976        4.637519
     469        0.000050       58.748127        4.637873
     470        0.000050       58.790669        4.638694
     471        0.000050       58.843533        4.639233
     472        0.000050       58.960567        4.640328
     473        0.000050       59.067358        4.640753
     474        0.000050       59.130888        4.641424
     475        0.000050       59.104770        4.641593
     476        0.000050       59.023716        4.641532
     477        0.000050       59.007962        4.642067
     478        0.000050       59.038626        4.642216
     479        0.000050       59.146641        4.643083
     480        0.000050       59.248795        4.643502
     481        0.000050       59.330649        4.644358
     482        0.000050       59.387280        4.645225
     483        0.000050       59.399173        4.645728
     484        0.000050       59.413833        4.646169
     485        0.000050       59.397007        4.646000
     486        0.000050       59.412174        4.646141
     487        0.000050       59.417945        4.646109
     488        0.000050       59.432029        4.646726
     489        0.000050       59.448915        4.647125
     490        0.000050       59.506336        4.647673
     491        0.000050       59.614461        4.648304
     492        0.000050       59.723332        4.648824
     493        0.000050       59.771398        4.649341
     494        0.000050       59.735872        4.649390
     495        0.000050       59.645144        4.649364
     496        0.000050       59.615703        4.649565
     497        0.000050       59.664869        4.650009
     498        0.000050       59.772878        4.650889
     499        0.000050       59.871568        4.651554
     500        0.000050       59.946363        4.652586
     501        0.000050       59.992040        4.653224
     502        0.000050       60.013090        4.653793
     503        0.000050       60.054860        4.654294
     504        0.000050       60.052711        4.654345
     505        0.000050       60.056131        4.654597
     506        0.000050       60.042673        4.654881
     507        0.000050       60.042552        4.655263
     508        0.000050       60.069533        4.655793
     509        0.000050       60.170725        4.656477
     510        0.000050       60.300012        4.657407
     511        0.000050       60.388608        4.657809
     512        0.000050       60.388266        4.658345
     513        0.000050       60.326557        4.658108
     514        0.000050       60.239636        4.657956
     515        0.000050       60.254682        4.658052
     516        0.000050       60.310534        4.658336
     517        0.000050       60.404340        4.659094
     518        0.000050       60.442936        4.659379
     519        0.000050       60.504353        4.660131
     520        0.000050       60.534382        4.660574
     521        0.000050       60.586124        4.660688
     522        0.000050       60.623843        4.661198
     523        0.000050       60.601860        4.660975
     524        0.000050       60.562757        4.661240
     525        0.000050       60.528410        4.661000
     526        0.000050       60.546461        4.661513
     527        0.000050       60.653562        4.662050
     528        0.000050       60.790481        4.662983
     529        0.000050       60.899421        4.663866
     530        0.000050       60.909968        4.664310
     531        0.000050       60.887358        4.664755
     532        0.000050       60.834003        4.664878
     533        0.000050       60.849596        4.665187
     534        0.000050       60.903484        4.665769
     535        0.000050       60.965746        4.666256
     536        0.000050       61.002350        4.666962
     537        0.000050       61.052244        4.667346
     538        0.000050       61.121386        4.668225
     539        0.000050       61.219570        4.668612
     540        0.000050       61.274755        4.669118
     541        0.000050       61.262328        4.669091
     542        0.000050       61.170673        4.668958
     543        0.000050       61.132952        4.669009
     544        0.000050       61.158853        4.669378
     545        0.000050       61.270290        4.669886
     546        0.000050       61.403191        4.671036
     547        0.000050       61.478782        4.671376
     548        0.000050       61.499544        4.672206
     549        0.000050       61.479656        4.671965
     550        0.000050       61.468193        4.672408
     551        0.000050       61.481986        4.672244
     552        0.000050       61.489523        4.672335
     553        0.000050       61.520577        4.672801
     554        0.000050       61.511697        4.672879
     555        0.000050       61.600418        4.673865
     556        0.000050       61.688565        4.674364
     557        0.000050       61.825853        4.675336
     558        0.000050       61.847333        4.675690
     559        0.000050       61.820173        4.675825
     560        0.000050       61.726735        4.675908
     561        0.000050       61.717693        4.675951
     562        0.000050       61.780346        4.676692
     563        0.000050       61.892265        4.677101
     564        0.000050       61.987946        4.678125
     565        0.000050       62.056549        4.678567
     566        0.000050       62.059100        4.679090
     567        0.000050       62.103501        4.679492
     568        0.000050       62.103825        4.679452
     569        0.000050       62.128271        4.679883
     570        0.000050       62.094369        4.680007
     571        0.000050       62.089954        4.680436
     572        0.000050       62.107224        4.681018
     573        0.000050       62.227471        4.681696
     574        0.000050       62.363025        4.682622
     575        0.000050       62.443460        4.682888
     576        0.000050       62.423587        4.683177
     577        0.000050       62.355143        4.682857
     578        0.000050       62.282047        4.682679
     579        0.000050       62.314337        4.682806
     580        0.000050       62.373644        4.683092
     581        0.000050       62.453517        4.683710
     582        0.000050       62.506427        4.684399
     583        0.000050       62.552799        4.684855
     584        0.000050       62.598929        4.685524
     585        0.000050       62.653077        4.685611
     586        0.000050       62.661635        4.685935
     587        0.000050       62.621115        4.685588
     588        0.000050       62.558650        4.685793
     589        0.000050       62.578122        4.686096
     590        0.000050       62.668003        4.686893
     591        0.000050       62.847590        4.688019
     592        0.000050       62.934153        4.688745
     593        0.000050       62.958170        4.689326
     594        0.000050       62.903654        4.689616
     595        0.000050       62.881767        4.689724
     596        0.000050       62.886515        4.690033
     597        0.000050       62.943475        4.690309
     598        0.000050       62.977982        4.690964
     599        0.000050       63.020121        4.691291
     600        0.000050       63.074410        4.692194
     601        0.000050       63.171098        4.692686
     602        0.000050       63.236961        4.693134
     603        0.000050       63.262109        4.693201
     604        0.000050       63.177877        4.692928
     605        0.000025       63.102409        4.692739
     606        0.000025       63.139231        4.689693
     607        0.000025       63.139275        4.689440
     608        0.000025       63.132814        4.689407
     609        0.000025       63.129051        4.689502
     610        0.000025       63.128889        4.689657
     611        0.000025       63.131684        4.689848
     612        0.000025       63.136655        4.690051
     613        0.000025       63.143180        4.690258
     614        0.000025       63.150756        4.690466
     615        0.000025       63.159066        4.690673
     616        0.000025       63.167887        4.690880
     617        0.000025       63.177193        4.691083
     618        0.000025       63.186892        4.691286
     619        0.000025       63.196796        4.691483
     620        0.000025       63.206644        4.691679
     621        0.000025       63.216661        4.691883
     622        0.000025       63.226297        4.692060
     623        0.000025       63.235252        4.692283
     624        0.000025       63.246641        4.692440
     625        0.000025       63.253611        4.692646
     626        0.000025       63.269963        4.692974
     627        0.000025       63.277117        4.693055
     628        0.000025       63.286727        4.693241
     629        0.000025       63.298728        4.693510
     630        0.000025       63.308291        4.693703
     631        0.000025       63.318005        4.693958
     632        0.000025       63.329986        4.694043
     633        0.000025       63.328520        4.694225
     634        0.000025       63.338022        4.694356
     635        0.000025       63.300534        4.694297
     636        0.000025       63.262363        4.694297
     637        0.000025       63.259334        4.694507
     638        0.000025       63.303961        4.694802
     639        0.000025       63.395140        4.695336
     640        0.000025       63.449564        4.695712
     641        0.000025       63.452440        4.695998
     642        0.000025       63.428137        4.695939
     643        0.000025       63.412899        4.696029
     644        0.000025       63.428842        4.696126
     645        0.000025       63.425027        4.696063
     646        0.000025       63.430758        4.696260
     647        0.000025       63.416993        4.696420
     648        0.000025       63.407972        4.696556
     649        0.000025       63.422017        4.696845
     650        0.000025       63.489808        4.697253
     651        0.000025       63.553172        4.697634
     652        0.000025       63.578334        4.697814
     653        0.000025       63.563638        4.698006
     654        0.000025       63.534719        4.697991
     655        0.000025       63.509434        4.697951
     656        0.000025       63.524667        4.698127
     657        0.000025       63.533996        4.698130
     658        0.000025       63.555450        4.698349
     659        0.000025       63.560596        4.698559
     660        0.000025       63.580862        4.698811
     661        0.000025       63.624425        4.699294
     662        0.000025       63.661528        4.699479
     663        0.000025       63.684672        4.699708
     664        0.000025       63.690538        4.699735
     665        0.000025       63.652671        4.699697
     666        0.000025       63.614732        4.699638
     667        0.000025       63.599635        4.699642
     668        0.000025       63.632627        4.699830
     669        0.000025       63.664374        4.699963
     670        0.000025       63.703588        4.700181
     671        0.000025       63.731297        4.700515
     672        0.000025       63.735297        4.700607
     673        0.000025       63.742693        4.700804
     674        0.000025       63.769710        4.700906
     675        0.000025       63.772718        4.700990
     676        0.000025       63.769075        4.701128
     677        0.000025       63.724149        4.701051
     678        0.000025       63.711600        4.701200
     679        0.000025       63.728891        4.701466
     680        0.000025       63.794850        4.701882
     681        0.000025       63.861880        4.702404
     682        0.000025       63.906284        4.702788
     683        0.000025       63.895393        4.703034
     684        0.000025       63.889737        4.703143
     685        0.000025       63.891547        4.703350
     686        0.000025       63.916733        4.703516
     687        0.000025       63.906918        4.703506
     688        0.000025       63.911173        4.703769
     689        0.000025       63.887321        4.703808
     690        0.000025       63.910328        4.704085
     691        0.000025       63.965926        4.704527
     692        0.000025       64.041740        4.704917
     693        0.000025       64.078279        4.705345
     694        0.000025       64.077605        4.705454
     695        0.000025       64.047111        4.705607
     696        0.000025       64.032387        4.705545
     697        0.000025       64.024555        4.705567
     698        0.000025       64.049456        4.705711
     699        0.000025       64.053528        4.705739
     700        0.000025       64.069243        4.705939
     701        0.000025       64.076162        4.706151
     702        0.000025       64.126866        4.706501
     703        0.000025       64.166633        4.706799
     704        0.000025       64.208089        4.707010
     705        0.000025       64.211915        4.707170
     706        0.000025       64.196176        4.707163
     707        0.000025       64.153057        4.707256
     708        0.000025       64.151508        4.707291
     709        0.000025       64.168399        4.707506
     710        0.000025       64.220115        4.707850
     711        0.000025       64.248592        4.708086
     712        0.000025       64.293642        4.708559
     713        0.000025       64.303889        4.708784
     714        0.000025       64.329522        4.709002
     715        0.000025       64.350917        4.709166
     716        0.000025       64.372014        4.709257
     717        0.000025       64.356357        4.709325
     718        0.000025       64.321261        4.709167
     719        0.000025       64.295501        4.709314
     720        0.000025       64.318947        4.709393
     721        0.000025       64.370652        4.709764
     722        0.000025       64.446454        4.710150
     723        0.000025       64.474202        4.710427
     724        0.000025       64.484790        4.710712
     725        0.000025       64.456407        4.710600
     726        0.000025       64.477122        4.710802
     727        0.000025       64.482274        4.710747
     728        0.000025       64.489987        4.710792
     729        0.000025       64.468564        4.710821
     730        0.000025       64.457298        4.710907
     731        0.000025       64.470088        4.711202
     732        0.000025       64.533579        4.711396
     733        0.000025       64.608677        4.711985
     734        0.000025       64.648272        4.712211
     735        0.000025       64.640532        4.712486
     736        0.000025       64.622285        4.712600
     737        0.000025       64.606171        4.712691
     738        0.000025       64.625919        4.712821
     739        0.000025       64.635448        4.712859
     740        0.000025       64.661023        4.713177
     741        0.000025       64.661731        4.713344
     742        0.000025       64.685090        4.713626
     743        0.000025       64.739469        4.714121
     744        0.000025       64.795891        4.714344
     745        0.000025       64.833939        4.714774
     746        0.000025       64.842650        4.714882
     747        0.000025       64.811934        4.715071
     748        0.000025       64.785769        4.715045
     749        0.000025       64.776981        4.715094
     750        0.000025       64.816335        4.715233
     751        0.000025       64.844352        4.715367
     752        0.000025       64.887117        4.715707
     753        0.000025       64.906030        4.715903
     754        0.000025       64.929221        4.716160
     755        0.000025       64.945122        4.716315
     756        0.000025       64.981796        4.716478
     757        0.000025       64.987579        4.716614
     758        0.000025       64.974885        4.716604
     759        0.000025       64.930972        4.716696
     760        0.000025       64.928586        4.716749
     761        0.000025       64.954232        4.717051
     762        0.000025       65.029204        4.717495
     763        0.000025       65.087394        4.717921
     764        0.000025       65.130274        4.718387
     765        0.000025       65.115257        4.718533
     766        0.000025       65.122743        4.718676
     767        0.000025       65.140760        4.718959
     768        0.000025       65.156189        4.718974
     769        0.000025       65.154621        4.719205
     770        0.000025       65.135091        4.719122
     771        0.000025       65.124479        4.719471
     772        0.000025       65.165965        4.719709
     773        0.000025       65.238229        4.720221
     774        0.000025       65.316195        4.720679
     775        0.000025       65.320533        4.720788
     776        0.000025       65.321851        4.720988
     777        0.000025       65.279464        4.720841
     778        0.000025       65.291464        4.721041
     779        0.000025       65.295722        4.721003
     780        0.000025       65.316618        4.721105
     781        0.000025       65.314716        4.721206
     782        0.000025       65.323212        4.721313
     783        0.000025       65.356331        4.721696
     784        0.000025       65.414844        4.721889
     785        0.000025       65.457390        4.722266
     786        0.000025       65.480489        4.722287
     787        0.000025       65.457727        4.722357
     788        0.000025       65.430757        4.722395
     789        0.000025       65.402125        4.722358
     790        0.000025       65.431525        4.722596
     791        0.000025       65.456845        4.722679
     792        0.000025       65.501649        4.723066
     793        0.000025       65.531702        4.723444
     794        0.000025       65.567195        4.723876
     795        0.000025       65.588142        4.724199
     796        0.000025       65.629929        4.724465
     797        0.000025       65.653427        4.724773
     798        0.000025       65.650777        4.724782
     799        0.000025       65.614707        4.724977
     800        0.000025       65.599269        4.724988
     801        0.000025       65.614253        4.725221
     802        0.000025       65.682044        4.725519
     803        0.000025       65.742855        4.725928
     804        0.000025       65.788843        4.726223
     805        0.000025       65.771442        4.726259
     806        0.000013       65.770281        4.726367
     807        0.000013       65.793619        4.725031
     808        0.000013       65.787802        4.724791
     809        0.000013       65.779661        4.724699
     810        0.000013       65.772444        4.724659
     811        0.000013       65.766318        4.724662
     812        0.000013       65.761144        4.724687
     813        0.000013       65.757200        4.724728
     814        0.000013       65.754124        4.724778
     815        0.000013       65.752317        4.724840
     816        0.000013       65.751020        4.724905
     817        0.000013       65.751437        4.724983
     818        0.000013       65.750826        4.725045
     819        0.000013       65.754616        4.725154
     820        0.000013       65.754099        4.725185
     821        0.000013       65.758996        4.725320
     822        0.000013       65.759716        4.725358
     823        0.000013       65.765969        4.725505
     824        0.000013       65.771700        4.725589
     825        0.000013       65.773990        4.725615
     826        0.000013       65.779874        4.725754
     827        0.000013       65.786084        4.725842
     828        0.000013       65.789453        4.725905
     829        0.000013       65.797419        4.726040
     830        0.000013       65.800990        4.726095
     831        0.000013       65.809940        4.726217
     832        0.000013       65.815021        4.726296
     833        0.000013       65.822988        4.726416
     834        0.000013       65.825903        4.726474
     835        0.000013       65.834113        4.726601
     836        0.000013       65.836922        4.726673
     837        0.000013       65.850238        4.726826
     838        0.000013       65.854668        4.726853
     839        0.000013       65.863252        4.727011
     840        0.000013       65.863777        4.727115
     841        0.000013       65.867833        4.727158
     842        0.000013       65.875615        4.727262
     843        0.000013       65.893095        4.727420
     844        0.000013       65.904525        4.727532
     845        0.000013       65.907905        4.727590
     846        0.000013       65.893980        4.727587
     847        0.000013       65.901487        4.727793
     848        0.000013       65.910984        4.727802
     849        0.000013       65.933335        4.727936
     850        0.000013       65.948960        4.728127
     851        0.000013       65.952415        4.728180
     852        0.000013       65.944176        4.728263
     853        0.000013       65.940415        4.728253
     854        0.000013       65.937877        4.728334
     855        0.000013       65.933193        4.728307
     856        0.000013       65.929222        4.728311
     857        0.000013       65.935936        4.728495
     858        0.000013       65.935773        4.728551
     859        0.000013       65.950031        4.728615
     860        0.000013       65.977710        4.728869
     861        0.000013       66.000426        4.729007
     862        0.000013       66.009088        4.729143
     863        0.000013       66.004533        4.729138
     864        0.000013       65.994601        4.729191
     865        0.000013       66.001336        4.729296
     866        0.000013       66.005730        4.729279
     867        0.000013       66.023651        4.729528
     868        0.000013       66.020920        4.729494
     869        0.000013       66.009802        4.729479
     870        0.000013       65.998206        4.729544
     871        0.000013       66.000405        4.729589
     872        0.000013       66.016437        4.729753
     873        0.000013       66.046892        4.729894
     874        0.000013       66.072554        4.730105
     875        0.000013       66.070684        4.730134
     876        0.000013       66.061790        4.730205
     877        0.000013       66.072238        4.730402
     878        0.000013       66.078963        4.730377
     879        0.000013       66.088182        4.730424
     880        0.000013       66.088535        4.730521
     881        0.000013       66.076632        4.730546
     882        0.000013       66.067693        4.730634
     883        0.000013       66.072811        4.730663
     884        0.000013       66.086634        4.730758
     885        0.000013       66.113912        4.730960
     886        0.000013       66.137545        4.731154
     887        0.000013       66.143663        4.731336
     888        0.000013       66.136584        4.731350
     889        0.000013       66.143018        4.731386
     890        0.000013       66.155288        4.731510
     891        0.000013       66.160717        4.731579
     892        0.000013       66.157535        4.731674
     893        0.000013       66.142311        4.731612
     894        0.000013       66.131997        4.731637
     895        0.000013       66.144332        4.731778
     896        0.000013       66.161305        4.731874
     897        0.000013       66.191135        4.732101
     898        0.000013       66.210344        4.732282
     899        0.000013       66.207737        4.732335
     900        0.000013       66.208144        4.732464
     901        0.000013       66.214983        4.732507
     902        0.000013       66.228801        4.732653
     903        0.000013       66.233602        4.732668
     904        0.000013       66.225343        4.732727
     905        0.000013       66.214334        4.732799
     906        0.000013       66.206355        4.732780
     907        0.000013       66.221171        4.732950
     908        0.000013       66.240666        4.733104
     909        0.000013       66.268969        4.733306
     910        0.000013       66.286241        4.733497
     911        0.000013       66.282759        4.733576
     912        0.000013       66.284886        4.733688
     913        0.000013       66.294637        4.733703
     914        0.000013       66.305068        4.733833
     915        0.000013       66.310522        4.733925
     916        0.000013       66.298453        4.733912
     917        0.000013       66.287240        4.733979
     918        0.000013       66.284314        4.734033
     919        0.000013       66.299854        4.734148
     920        0.000013       66.320891        4.734309
     921        0.000013       66.346022        4.734481
     922        0.000013       66.360871        4.734696
     923        0.000013       66.355638        4.734707
     924        0.000013       66.359784        4.734850
     925        0.000013       66.373369        4.734942
     926        0.000013       66.381729        4.735005
     927        0.000013       66.386773        4.735128
     928        0.000013       66.371209        4.735123
     929        0.000013       66.364466        4.735234
     930        0.000013       66.363393        4.735210
     931        0.000013       66.382581        4.735372
     932        0.000013       66.406492        4.735580
     933        0.000013       66.431944        4.735723
     934        0.000013       66.441312        4.735916
     935        0.000013       66.432552        4.735879
     936        0.000013       66.442860        4.736094
     937        0.000013       66.454547        4.736118
     938        0.000013       66.461982        4.736196
     939        0.000013       66.460971        4.736218
     940        0.000013       66.444457        4.736200
     941        0.000013       66.438001        4.736281
     942        0.000013       66.438800        4.736275
     943        0.000013       66.466568        4.736545
     944        0.000013       66.486622        4.736580
     945        0.000013       66.512126        4.736824
     946        0.000013       66.512080        4.736955
     947        0.000013       66.506468        4.736964
     948        0.000013       66.515011        4.737093
     949        0.000013       66.526146        4.737095
     950        0.000013       66.533308        4.737218
     951        0.000013       66.528234        4.737221
     952        0.000013       66.514274        4.737302
     953        0.000013       66.512141        4.737398
     954        0.000013       66.518318        4.737421
     955        0.000013       66.548726        4.737691
     956        0.000013       66.580518        4.737933
     957        0.000013       66.596578        4.738105
     958        0.000013       66.593000        4.738259
     959        0.000013       66.590894        4.738281
     960        0.000013       66.601018        4.738425
     961        0.000013       66.614536        4.738485
     962        0.000013       66.617597        4.738570
     963        0.000013       66.613133        4.738613
     964        0.000013       66.595228        4.738558
     965        0.000013       66.597570        4.738678
     966        0.000013       66.611832        4.738750
     967        0.000013       66.644631        4.738933
     968        0.000013       66.670603        4.739114
     969        0.000013       66.672660        4.739164
     970        0.000013       66.662864        4.739240
     971        0.000013       66.660030        4.739223
     972        0.000013       66.670061        4.739373
     973        0.000013       66.681788        4.739405
     974        0.000013       66.682508        4.739484
     975        0.000013       66.676750        4.739549
     976        0.000013       66.662817        4.739575
     977        0.000013       66.671276        4.739748
     978        0.000013       66.693872        4.739901
     979        0.000013       66.734039        4.740186
     980        0.000013       66.755262        4.740405
     981        0.000013       66.754222        4.740505
     982        0.000013       66.747008        4.740655
     983        0.000013       66.749990        4.740712
     984        0.000013       66.762162        4.740889
     985        0.000013       66.775095        4.740973
     986        0.000013       66.774136        4.741038
     987        0.000013       66.768626        4.741084
     988        0.000013       66.759069        4.741112
     989        0.000013       66.774551        4.741257
     990        0.000013       66.804635        4.741389
     991        0.000013       66.835698        4.741603
     992        0.000013       66.840477        4.741660
     993        0.000013       66.832608        4.741671
     994        0.000013       66.822298        4.741739
     995        0.000013       66.823774        4.741727
     996        0.000013       66.834661        4.741866
     997        0.000013       66.845982        4.741960
     998        0.000013       66.838565        4.741926
     999        0.000013       66.837439        4.742065
    1000        0.000013       66.828956        4.742040
    1001        0.000013       66.855939        4.742281
    1002        0.000013       66.890122        4.742476
    1003        0.000013       66.911462        4.742669
    1004        0.000013       66.913721        4.742797
    1005        0.000013       66.906145        4.742857
    1006        0.000013       66.900216        4.743003
    1007        0.000006       66.908415        4.743087
    1008        0.000006       66.906347        4.743193
    1009        0.000006       66.905551        4.743166
    1010        0.000006       66.906967        4.743154
    1011        0.000006       66.908592        4.743164
    1012        0.000006       66.910496        4.743182
    1013        0.000006       66.912710        4.743210
    1014        0.000006       66.915229        4.743244
    1015        0.000006       66.918015        4.743282
    1016        0.000006       66.921103        4.743326
    1017        0.000006       66.924480        4.743371
    1018        0.000006       66.928151        4.743418
    1019        0.000006       66.932060        4.743469
    1020        0.000006       66.936242        4.743521
    1021        0.000006       66.940637        4.743575
    1022        0.000006       66.945242        4.743629
    1023        0.000006       66.950046        4.743686
    1024        0.000006       66.954990        4.743740
    1025        0.000006       66.960203        4.743804
    1026        0.000006       66.965383        4.743859
    1027        0.000006       66.971027        4.743923
    1028        0.000006       66.976397        4.743984
    1029        0.000006       66.981831        4.744030
    1030        0.000006       66.988155        4.744108
    1031        0.000006       66.993925        4.744169
    1032        0.000006       66.999626        4.744222
    1033        0.000006       67.005795        4.744290
    1034        0.000006       67.011519        4.744346
    1035        0.000006       67.018037        4.744416
    1036        0.000006       67.023634        4.744471
    1037        0.000006       67.030514        4.744546
    1038        0.000006       67.036324        4.744595
    1039        0.000006       67.042158        4.744658
    1040        0.000006       67.049213        4.744736
    1041        0.000006       67.055075        4.744787
    1042        0.000006       67.061194        4.744850
    1043        0.000006       67.067905        4.744923
    1044        0.000006       67.073798        4.744977
    1045        0.000006       67.080586        4.745048
    1046        0.000006       67.086304        4.745100
    1047        0.000006       67.093241        4.745175
    1048        0.000006       67.099066        4.745226
    1049        0.000006       67.105248        4.745295
    1050        0.000006       67.111903        4.745370
    1051        0.000006       67.118138        4.745420
    1052        0.000006       67.124108        4.745485
    1053        0.000006       67.130967        4.745557
    1054        0.000006       67.136726        4.745611
    1055        0.000006       67.143621        4.745683
    1056        0.000006       67.149310        4.745734
    1057        0.000006       67.155949        4.745807
    1058        0.000006       67.162328        4.745869
    1059        0.000006       67.168044        4.745918
    1060        0.000006       67.174437        4.745993
    1061        0.000006       67.181618        4.746076
    1062        0.000006       67.186366        4.746093
    1063        0.000006       67.193724        4.746191
    1064        0.000006       67.199119        4.746236
    1065        0.000006       67.205530        4.746296
    1066        0.000006       67.211937        4.746366
    1067        0.000006       67.217154        4.746402
    1068        0.000006       67.224395        4.746498
    1069        0.000006       67.230203        4.746539
    1070        0.000006       67.235605        4.746587
    1071        0.000006       67.243046        4.746689
    1072        0.000006       67.247668        4.746708
    1073        0.000006       67.254924        4.746793
    1074        0.000006       67.260511        4.746849
    1075        0.000006       67.266622        4.746905
    1076        0.000006       67.273324        4.746973
    1077        0.000006       67.278780        4.747022
    1078        0.000006       67.285020        4.747087
    1079        0.000006       67.291934        4.747162
    1080        0.000006       67.296847        4.747195
    1081        0.000006       67.304152        4.747288
    1082        0.000006       67.308973        4.747315
    1083        0.000006       67.316358        4.747405
    1084        0.000006       67.321954        4.747458
    1085        0.000006       67.327420        4.747499
    1086        0.000006       67.334715        4.747588
    1087        0.000006       67.340531        4.747644
    1088        0.000006       67.345389        4.747670
    1089        0.000006       67.352870        4.747761
    1090        0.000006       67.358092        4.747810
    1091        0.000006       67.364995        4.747882
    1092        0.000006       67.369818        4.747903
    1093        0.000006       67.377056        4.748002
    1094        0.000006       67.383289        4.748067
    1095        0.000006       67.388382        4.748084
    1096        0.000006       67.394211        4.748147
    1097        0.000006       67.401687        4.748250
    1098        0.000006       67.406313        4.748269
    1099        0.000006       67.413563        4.748343
    1100        0.000006       67.418166        4.748383
    1101        0.000006       67.426257        4.748492
    1102        0.000006       67.431173        4.748507
    1103        0.000006       67.437217        4.748574
    1104        0.000006       67.444313        4.748664
    1105        0.000006       67.450141        4.748704
    1106        0.000006       67.454582        4.748713
    1107        0.000006       67.462466        4.748826
    1108        0.000006       67.466919        4.748858
    1109        0.000006       67.475025        4.748948
    1110        0.000006       67.478524        4.748960
    1111        0.000006       67.486217        4.749063
    1112        0.000006       67.491732        4.749103
    1113        0.000006       67.498184        4.749173
    1114        0.000006       67.505284        4.749246
    1115        0.000006       67.512466        4.749300
    1116        0.000006       67.516056        4.749290
    1117        0.000006       67.523609        4.749396
    1118        0.000006       67.526851        4.749430
    1119        0.000006       67.533630        4.749521
    1120        0.000006       67.534953        4.749507
    1121        0.000006       67.539134        4.749587
    1122        0.000006       67.539516        4.749612
    1123        0.000006       67.541366        4.749655
    1124        0.000006       67.549284        4.749754
    1125        0.000006       67.559003        4.749812
    1126        0.000006       67.569256        4.749840
    1127        0.000006       67.578987        4.749947
    1128        0.000006       67.582292        4.749980
    1129        0.000006       67.590218        4.750101
    1130        0.000006       67.593328        4.750089
    1131        0.000006       67.600851        4.750184
    1132        0.000006       67.606795        4.750231
    1133        0.000006       67.613381        4.750306
    1134        0.000006       67.621536        4.750422
