       0        0.000100     6057.690297       77.315201
       1        0.000100     5844.546701       75.931961
       2        0.000100     5594.559147       74.276550
       3        0.000100     5279.181186       72.134834
       4        0.000100     4885.219532       69.366898
       5        0.000100     4411.289079       65.884125
       6        0.000100     3868.798185       61.656803
       7        0.000100     3278.217670       56.698021
       8        0.000100     2671.678091       51.106693
       9        0.000100     2081.384929       45.004200
      10        0.000100     1540.184393       38.571392
      11        0.000100     1076.195355       32.046162
      12        0.000100      707.644076       25.712051
      13        0.000100      437.274719       19.824547
      14        0.000100      256.268182       14.638361
      15        0.000100      146.041889       10.415459
      16        0.000100       85.911936        7.553556
      17        0.000100       56.242338        5.970807
      18        0.000100       42.444734        5.165017
      19        0.000100       35.796690        4.764803
      20        0.000100       32.152085        4.546362
      21        0.000100       29.673375        4.384983
      22        0.000100       27.564808        4.233691
      23        0.000100       25.570337        4.080491
      24        0.000100       23.662258        3.927573
      25        0.000100       21.804123        3.770127
      26        0.000100       20.023764        3.612564
      27        0.000100       18.307956        3.453217
      28        0.000100       16.693176        3.295995
      29        0.000100       15.163866        3.138142
      30        0.000100       13.705580        2.980485
      31        0.000100       12.338339        2.823436
      32        0.000100       11.077334        2.670005
      33        0.000100        9.879459        2.515671
      34        0.000100        8.802768        2.369228
      35        0.000100        7.779678        2.220115
      36        0.000100        6.907976        2.086004
      37        0.000100        6.108499        1.955141
      38        0.000100        5.398656        1.832465
      39        0.000100        4.756326        1.716434
      40        0.000100        4.204162        1.611200
      41        0.000100        3.713123        1.512893
      42        0.000100        3.281948        1.421331
      43        0.000100        2.899741        1.336819
      44        0.000100        2.575257        1.259700
      45        0.000100        2.284414        1.186903
      46        0.000100        2.032906        1.119756
      47        0.000100        1.815451        1.056894
      48        0.000100        1.621615        0.998558
      49        0.000100        1.455803        0.944961
      50        0.000100        1.310286        0.894504
      51        0.000100        1.180545        0.848817
      52        0.000100        1.067656        0.807010
      53        0.000100        0.968691        0.767498
      54        0.000100        0.882502        0.731755
      55        0.000100        0.806070        0.698350
      56        0.000100        0.738530        0.668290
      57        0.000100        0.678916        0.640359
      58        0.000100        0.625712        0.615232
      59        0.000100        0.580091        0.591702
      60        0.000100        0.538644        0.570132
      61        0.000100        0.502177        0.550090
      62        0.000100        0.470293        0.532100
      63        0.000100        0.442128        0.515583
      64        0.000100        0.417318        0.499602
      65        0.000100        0.395602        0.485661
      66        0.000100        0.375075        0.472365
      67        0.000100        0.355461        0.459894
      68        0.000100        0.337279        0.447891
      69        0.000100        0.321566        0.436790
      70        0.000100        0.306945        0.426478
      71        0.000100        0.293111        0.417480
      72        0.000100        0.279927        0.406259
      73        0.000100        0.267133        0.397806
      74        0.000100        0.257243        0.387592
      75        0.000100        0.244391        0.379309
      76        0.000100        0.233453        0.370256
      77        0.000100        0.222878        0.361308
      78        0.000100        0.211598        0.351667
      79        0.000100        0.199911        0.340808
      80        0.000100        0.189997        0.331434
      81        0.000100        0.180960        0.323362
      82        0.000100        0.173581        0.314697
      83        0.000100        0.164725        0.307920
      84        0.000100        0.157103        0.300023
      85        0.000100        0.150230        0.293617
      86        0.000100        0.142961        0.284294
      87        0.000100        0.137886        0.280566
      88        0.000100        0.132220        0.271497
      89        0.000100        0.125225        0.266175
      90        0.000100        0.122705        0.265499
      91        0.000100        0.118887        0.254843
      92        0.000100        0.109070        0.245761
      93        0.000100        0.104167        0.239289
      94        0.000100        0.100501        0.233401
      95        0.000100        0.095496        0.228506
      96        0.000100        0.091384        0.223406
      97        0.000100        0.087666        0.216794
      98        0.000100        0.084459        0.211643
      99        0.000100        0.079997        0.206775
     100        0.000100        0.076408        0.201566
     101        0.000100        0.073328        0.197274
     102        0.000100        0.075812        0.204885
     103        0.000100        0.067323        0.187284
     104        0.000100        0.065258        0.185681
     105        0.000100        0.062995        0.181928
     106        0.000100        0.059605        0.176554
     107        0.000100        0.057988        0.174332
     108        0.000100        0.055325        0.167535
     109        0.000100        0.052227        0.162017
     110        0.000100        0.050681        0.161150
     111        0.000100        0.050889        0.163305
     112        0.000100        0.046352        0.152214
     113        0.000100        0.044503        0.149687
     114        0.000100        0.043561        0.148726
     115        0.000100        0.046678        0.154231
     116        0.000100        0.039758        0.140004
     117        0.000100        0.038530        0.137525
     118        0.000100        0.036936        0.134166
     119        0.000100        0.035724        0.131586
     120        0.000100        0.034735        0.129679
     121        0.000100        0.033813        0.128010
     122        0.000100        0.032148        0.124251
     123        0.000100        0.031002        0.121639
     124        0.000100        0.029783        0.119257
     125        0.000100        0.031684        0.124611
     126        0.000100        0.028051        0.114687
     127        0.000100        0.027177        0.113180
     128        0.000100        0.026106        0.109961
     129        0.000100        0.026614        0.113972
     130        0.000100        0.027920        0.118431
     131        0.000100        0.027355        0.116444
     132        0.000100        0.024655        0.109465
     133        0.000100        0.022251        0.100579
     134        0.000100        0.022003        0.100614
     135        0.000100        0.021184        0.097894
     136        0.000100        0.020236        0.095042
     137        0.000100        0.019999        0.094236
     138        0.000100        0.019248        0.092350
     139        0.000100        0.018635        0.090911
     140        0.000100        0.018805        0.092223
     141        0.000100        0.017962        0.089342
     142        0.000100        0.018018        0.089696
     143        0.000100        0.017898        0.089862
     144        0.000100        0.016878        0.085772
     145        0.000100        0.016267        0.083965
     146        0.000100        0.016836        0.086730
     147        0.000100        0.015625        0.083201
     148        0.000100        0.015365        0.081332
     149        0.000100        0.014881        0.079473
     150        0.000100        0.014332        0.077628
     151        0.000100        0.014673        0.080163
     152        0.000100        0.013943        0.076235
     153        0.000100        0.014066        0.077187
     154        0.000100        0.015205        0.084835
     155        0.000100        0.013255        0.073907
     156        0.000100        0.013078        0.073450
     157        0.000100        0.013286        0.075080
     158        0.000100        0.012767        0.072371
     159        0.000100        0.012348        0.070970
     160        0.000100        0.012907        0.075955
     161        0.000100        0.012327        0.070977
     162        0.000100        0.011770        0.068958
     163        0.000100        0.012410        0.072676
     164        0.000100        0.011531        0.068483
     165        0.000100        0.011671        0.068730
     166        0.000100        0.011149        0.066777
     167        0.000100        0.013081        0.078214
     168        0.000100        0.011249        0.068428
     169        0.000100        0.010925        0.066120
     170        0.000100        0.010659        0.064767
     171        0.000100        0.012278        0.074310
     172        0.000100        0.010419        0.063533
     173        0.000100        0.010478        0.064493
     174        0.000100        0.010292        0.062839
     175        0.000100        0.010941        0.066391
     176        0.000100        0.009924        0.061900
     177        0.000100        0.009807        0.061814
     178        0.000100        0.010418        0.065346
     179        0.000100        0.010976        0.069273
     180        0.000100        0.009478        0.059854
     181        0.000100        0.010433        0.067054
     182        0.000100        0.010248        0.064237
     183        0.000100        0.009330        0.059831
     184        0.000100        0.009242        0.059262
     185        0.000100        0.009286        0.059524
     186        0.000100        0.010713        0.068381
     187        0.000100        0.009325        0.060704
     188        0.000100        0.009481        0.060614
     189        0.000100        0.008978        0.058010
     190        0.000100        0.008925        0.058016
     191        0.000100        0.008959        0.058647
     192        0.000100        0.009886        0.063817
     193        0.000100        0.008546        0.055935
     194        0.000100        0.008988        0.057476
     195        0.000100        0.008552        0.055675
     196        0.000100        0.009141        0.058094
     197        0.000100        0.008574        0.055618
     198        0.000100        0.008384        0.055511
     199        0.000100        0.008429        0.055620
     200        0.000100        0.008352        0.054980
     201        0.000100        0.009700        0.065861
     202        0.000100        0.008223        0.054209
     203        0.000100        0.009957        0.067860
     204        0.000100        0.009673        0.065217
     205        0.000100        0.008356        0.054861
     206        0.000100        0.008112        0.053445
     207        0.000100        0.008203        0.054879
     208        0.000100        0.008754        0.058320
     209        0.000100        0.007940        0.053468
     210        0.000100        0.008022        0.054758
     211        0.000100        0.008114        0.055113
     212        0.000100        0.007830        0.053112
     213        0.000100        0.007838        0.053029
     214        0.000100        0.008002        0.054353
     215        0.000100        0.008237        0.056905
     216        0.000100        0.008747        0.061143
     217        0.000100        0.007830        0.052482
     218        0.000100        0.010012        0.067193
     219        0.000100        0.007689        0.052981
     220        0.000100        0.007591        0.051935
     221        0.000100        0.009441        0.066660
     222        0.000100        0.007347        0.050391
     223        0.000100        0.007472        0.051150
     224        0.000100        0.007609        0.052282
     225        0.000100        0.007676        0.051576
     226        0.000100        0.007297        0.050156
     227        0.000100        0.007513        0.052052
     228        0.000100        0.007638        0.053619
     229        0.000100        0.007818        0.054179
     230        0.000100        0.007598        0.052987
     231        0.000100        0.007812        0.054403
     232        0.000100        0.007255        0.051292
     233        0.000100        0.007588        0.054133
     234        0.000100        0.007022        0.048726
     235        0.000100        0.007475        0.053093
     236        0.000100        0.007817        0.056992
     237        0.000100        0.006915        0.048922
     238        0.000100        0.007288        0.051614
     239        0.000100        0.007055        0.049568
     240        0.000100        0.007119        0.049152
     241        0.000100        0.006912        0.048189
     242        0.000100        0.007328        0.051118
     243        0.000100        0.006992        0.048957
     244        0.000100        0.007050        0.048908
     245        0.000100        0.006796        0.048836
     246        0.000100        0.007925        0.058296
     247        0.000100        0.008198        0.060562
     248        0.000100        0.006695        0.047286
     249        0.000100        0.006798        0.047658
     250        0.000100        0.006840        0.048131
     251        0.000100        0.007062        0.050286
     252        0.000100        0.006666        0.047921
     253        0.000100        0.006551        0.046803
     254        0.000100        0.010352        0.076175
     255        0.000100        0.006696        0.048499
     256        0.000100        0.006710        0.046646
     257        0.000100        0.007036        0.049009
     258        0.000100        0.006614        0.047186
     259        0.000100        0.006959        0.049538
     260        0.000100        0.006791        0.048867
     261        0.000100        0.006252        0.045918
     262        0.000100        0.007043        0.049803
     263        0.000100        0.006808        0.050588
     264        0.000100        0.006405        0.046213
     265        0.000100        0.006404        0.045436
     266        0.000100        0.006376        0.046313
     267        0.000100        0.006507        0.047988
     268        0.000100        0.006289        0.045228
     269        0.000100        0.006501        0.048045
     270        0.000100        0.006779        0.049243
     271        0.000100        0.010413        0.076618
     272        0.000100        0.006512        0.047037
     273        0.000100        0.006990        0.051083
     274        0.000100        0.006196        0.044760
     275        0.000100        0.007168        0.053140
     276        0.000100        0.007621        0.056495
     277        0.000100        0.006074        0.044225
     278        0.000100        0.007305        0.055557
     279        0.000100        0.008736        0.065991
     280        0.000100        0.008063        0.062310
     281        0.000100        0.006286        0.045744
     282        0.000100        0.006055        0.044039
     283        0.000100        0.006118        0.044574
     284        0.000100        0.008246        0.060542
     285        0.000100        0.006325        0.044714
     286        0.000100        0.006367        0.045535
     287        0.000100        0.006852        0.052729
     288        0.000100        0.005924        0.043562
     289        0.000100        0.006335        0.045292
     290        0.000100        0.007067        0.053974
     291        0.000100        0.005945        0.043324
     292        0.000100        0.005975        0.043947
     293        0.000100        0.005972        0.043928
     294        0.000100        0.006849        0.052510
     295        0.000100        0.009275        0.068610
     296        0.000100        0.005799        0.042816
     297        0.000100        0.006433        0.048506
     298        0.000100        0.005991        0.044461
     299        0.000100        0.006754        0.050823
     300        0.000100        0.006013        0.044251
     301        0.000100        0.005848        0.043616
     302        0.000100        0.005865        0.042697
     303        0.000100        0.006265        0.048684
     304        0.000100        0.005768        0.042594
     305        0.000100        0.006273        0.045988
     306        0.000100        0.006927        0.052983
     307        0.000100        0.005736        0.042294
     308        0.000100        0.005819        0.042186
     309        0.000100        0.005895        0.043637
     310        0.000100        0.006008        0.045222
     311        0.000100        0.007022        0.056108
     312        0.000100        0.005755        0.042993
     313        0.000100        0.005755        0.043465
     314        0.000100        0.006037        0.045268
     315        0.000100        0.006884        0.053703
     316        0.000100        0.006939        0.052698
     317        0.000100        0.006213        0.046315
     318        0.000100        0.006043        0.045515
     319        0.000100        0.005508        0.041663
     320        0.000100        0.006301        0.046417
     321        0.000100        0.005765        0.042553
     322        0.000100        0.005926        0.045172
     323        0.000100        0.007547        0.057714
     324        0.000100        0.005584        0.041336
     325        0.000100        0.005761        0.041798
     326        0.000100        0.005879        0.045549
     327        0.000100        0.005549        0.042005
     328        0.000100        0.005802        0.043628
     329        0.000100        0.005982        0.044825
     330        0.000100        0.005929        0.045080
     331        0.000100        0.005755        0.042785
     332        0.000100        0.006013        0.043923
     333        0.000100        0.005716        0.042958
     334        0.000100        0.006442        0.051137
     335        0.000100        0.005468        0.040746
     336        0.000100        0.005549        0.042178
     337        0.000100        0.005540        0.041424
     338        0.000100        0.005665        0.043433
     339        0.000100        0.006802        0.054264
     340        0.000100        0.005838        0.043681
     341        0.000100        0.006068        0.046713
     342        0.000100        0.005591        0.042343
     343        0.000100        0.007103        0.053601
     344        0.000100        0.006102        0.045584
     345        0.000100        0.005512        0.040988
     346        0.000100        0.005738        0.044436
     347        0.000100        0.005901        0.045350
     348        0.000100        0.005370        0.041625
     349        0.000100        0.005527        0.042659
     350        0.000100        0.005329        0.040653
     351        0.000100        0.005451        0.041868
     352        0.000100        0.005375        0.040644
     353        0.000100        0.005416        0.042233
     354        0.000100        0.005361        0.041294
     355        0.000100        0.005700        0.044782
     356        0.000100        0.006746        0.055251
     357        0.000100        0.006296        0.050830
     358        0.000100        0.006086        0.047236
     359        0.000100        0.006435        0.051933
     360        0.000100        0.006286        0.048735
     361        0.000100        0.005336        0.041194
     362        0.000100        0.005356        0.039841
     363        0.000100        0.005183        0.040163
     364        0.000100        0.005220        0.039767
     365        0.000100        0.005180        0.039236
     366        0.000100        0.005155        0.039950
     367        0.000100        0.005714        0.045044
     368        0.000100        0.005323        0.041143
     369        0.000100        0.005336        0.041296
     370        0.000100        0.006058        0.049497
     371        0.000100        0.005193        0.039321
     372        0.000100        0.005397        0.041927
     373        0.000100        0.005291        0.041108
     374        0.000100        0.007359        0.057454
     375        0.000100        0.005176        0.039754
     376        0.000100        0.005315        0.040512
     377        0.000100        0.005495        0.042215
     378        0.000100        0.005476        0.041130
     379        0.000100        0.005225        0.039734
     380        0.000100        0.005229        0.039303
     381        0.000100        0.006281        0.050656
     382        0.000100        0.005591        0.044699
     383        0.000100        0.005435        0.042022
     384        0.000100        0.005088        0.038392
     385        0.000100        0.005310        0.039637
     386        0.000100        0.005699        0.045658
     387        0.000100        0.005213        0.039842
     388        0.000100        0.006442        0.051139
     389        0.000100        0.005095        0.038441
     390        0.000100        0.005953        0.046276
     391        0.000100        0.005237        0.039285
     392        0.000100        0.005174        0.039548
     393        0.000100        0.005762        0.043638
     394        0.000100        0.005437        0.042672
     395        0.000100        0.005488        0.042138
     396        0.000100        0.005432        0.043299
     397        0.000100        0.005050        0.038686
     398        0.000100        0.005910        0.047898
     399        0.000100        0.005899        0.047516
     400        0.000100        0.005265        0.040835
     401        0.000100        0.005115        0.038508
     402        0.000100        0.006873        0.055574
     403        0.000100        0.006675        0.055020
     404        0.000100        0.005164        0.039881
     405        0.000100        0.005012        0.038209
     406        0.000100        0.005095        0.038365
     407        0.000100        0.005530        0.045362
     408        0.000100        0.005020        0.037835
     409        0.000100        0.005554        0.041684
     410        0.000100        0.005787        0.044212
     411        0.000100        0.006596        0.054721
     412        0.000100        0.004981        0.037778
     413        0.000100        0.004995        0.037925
     414        0.000100        0.004990        0.037997
     415        0.000100        0.005172        0.041006
     416        0.000100        0.005888        0.048973
     417        0.000100        0.005045        0.039405
     418        0.000100        0.004957        0.037770
     419        0.000100        0.005225        0.041268
     420        0.000100        0.004876        0.039571
     421        0.000100        0.004963        0.037828
     422        0.000100        0.004977        0.037959
     423        0.000100        0.005009        0.038108
     424        0.000100        0.004895        0.037330
     425        0.000100        0.005267        0.041684
     426        0.000100        0.005753        0.047494
     427        0.000100        0.005135        0.041220
     428        0.000100        0.008606        0.068677
     429        0.000100        0.005581        0.046060
     430        0.000100        0.004990        0.037765
     431        0.000100        0.005146        0.039184
     432        0.000100        0.004849        0.037034
     433        0.000100        0.004919        0.037931
     434        0.000100        0.004922        0.038868
     435        0.000100        0.005230        0.039789
     436        0.000100        0.006168        0.049121
     437        0.000100        0.005021        0.038777
     438        0.000100        0.005493        0.041936
     439        0.000100        0.004992        0.038170
     440        0.000100        0.004920        0.037915
     441        0.000100        0.004968        0.037966
     442        0.000100        0.005482        0.045192
     443        0.000100        0.008883        0.069930
     444        0.000100        0.005199        0.040499
     445        0.000100        0.007000        0.059509
     446        0.000100        0.005365        0.044135
     447        0.000100        0.004834        0.037837
     448        0.000100        0.005147        0.040586
     449        0.000100        0.005090        0.039116
     450        0.000100        0.004985        0.036813
     451        0.000100        0.005396        0.041965
     452        0.000100        0.004867        0.036674
     453        0.000100        0.004945        0.037906
     454        0.000100        0.008311        0.066239
     455        0.000100        0.006364        0.054675
     456        0.000100        0.005717        0.047783
     457        0.000100        0.004845        0.037277
     458        0.000100        0.004914        0.038250
     459        0.000100        0.004912        0.037589
     460        0.000100        0.004814        0.036489
     461        0.000100        0.004863        0.038143
     462        0.000100        0.005032        0.038011
     463        0.000100        0.004767        0.036752
     464        0.000100        0.007908        0.063783
     465        0.000100        0.005286        0.040505
     466        0.000100        0.005515        0.043330
     467        0.000100        0.004771        0.037045
     468        0.000100        0.005081        0.041558
     469        0.000100        0.005071        0.040797
     470        0.000100        0.004814        0.038159
     471        0.000100        0.004886        0.036567
     472        0.000100        0.006876        0.058939
     473        0.000100        0.004998        0.038836
     474        0.000100        0.004999        0.040983
     475        0.000100        0.004952        0.039477
     476        0.000100        0.004702        0.036723
     477        0.000100        0.004768        0.037394
     478        0.000100        0.004852        0.036337
     479        0.000100        0.005107        0.042062
     480        0.000100        0.005332        0.042049
     481        0.000100        0.004914        0.037258
     482        0.000100        0.004790        0.037205
     483        0.000100        0.004907        0.040282
     484        0.000100        0.005712        0.048161
     485        0.000100        0.004774        0.036801
     486        0.000100        0.004946        0.038924
     487        0.000100        0.005220        0.040652
     488        0.000100        0.004750        0.036098
     489        0.000100        0.004692        0.036215
     490        0.000100        0.004801        0.036739
     491        0.000100        0.004891        0.039347
     492        0.000100        0.005792        0.047577
     493        0.000100        0.004718        0.036336
     494        0.000100        0.005323        0.043339
     495        0.000100        0.004777        0.036803
     496        0.000100        0.005029        0.038404
     497        0.000100        0.005161        0.041758
     498        0.000100        0.004933        0.039724
     499        0.000100        0.004824        0.037368
     500        0.000100        0.005398        0.044650
     501        0.000100        0.004663        0.035766
     502        0.000100        0.006315        0.050910
     503        0.000100        0.006763        0.057901
     504        0.000100        0.004797        0.036574
     505        0.000100        0.004644        0.035947
     506        0.000100        0.004941        0.038035
     507        0.000100        0.004741        0.036295
     508        0.000100        0.004928        0.039271
     509        0.000100        0.004802        0.037292
     510        0.000100        0.005653        0.045295
     511        0.000100        0.005274        0.043805
     512        0.000100        0.005011        0.039633
     513        0.000100        0.004870        0.039478
     514        0.000100        0.004699        0.035688
     515        0.000100        0.004644        0.035956
     516        0.000100        0.004883        0.038827
     517        0.000100        0.004651        0.035612
     518        0.000100        0.006184        0.052468
     519        0.000100        0.004924        0.038183
     520        0.000100        0.004706        0.035737
     521        0.000100        0.004634        0.035478
     522        0.000100        0.004863        0.038540
     523        0.000100        0.005488        0.044261
     524        0.000100        0.005341        0.042475
     525        0.000100        0.005772        0.046653
     526        0.000100        0.004657        0.035779
     527        0.000100        0.005303        0.042004
     528        0.000100        0.004642        0.037328
     529        0.000100        0.004784        0.037315
     530        0.000100        0.004674        0.035483
     531        0.000100        0.005255        0.043198
     532        0.000100        0.004903        0.037985
     533        0.000100        0.004723        0.035692
     534        0.000100        0.004614        0.035537
     535        0.000100        0.004644        0.035166
     536        0.000100        0.005446        0.043217
     537        0.000100        0.004682        0.036197
     538        0.000100        0.004849        0.038622
     539        0.000100        0.006368        0.052236
     540        0.000100        0.004701        0.036329
     541        0.000100        0.005450        0.042007
     542        0.000100        0.004599        0.035261
     543        0.000100        0.005641        0.045329
     544        0.000100        0.004676        0.035955
     545        0.000100        0.005421        0.042917
     546        0.000100        0.004573        0.034924
     547        0.000100        0.004734        0.036329
     548        0.000100        0.004595        0.035207
     549        0.000100        0.005106        0.039831
     550        0.000100        0.004544        0.035703
     551        0.000100        0.004627        0.034929
     552        0.000100        0.004760        0.035481
     553        0.000100        0.010343        0.083728
     554        0.000100        0.004584        0.035356
     555        0.000100        0.004627        0.035204
     556        0.000100        0.004707        0.037938
     557        0.000100        0.004641        0.035459
     558        0.000100        0.004581        0.034600
     559        0.000100        0.005222        0.041436
     560        0.000100        0.004642        0.036457
     561        0.000100        0.004787        0.037659
     562        0.000100        0.004828        0.039090
     563        0.000100        0.004720        0.037650
     564        0.000100        0.004982        0.040217
     565        0.000100        0.004812        0.036664
     566        0.000100        0.004661        0.036863
     567        0.000100        0.004722        0.037227
     568        0.000100        0.005424        0.044053
     569        0.000100        0.006806        0.057179
     570        0.000100        0.005457        0.043805
     571        0.000100        0.005559        0.047357
     572        0.000100        0.004596        0.034988
     573        0.000100        0.005599        0.044717
     574        0.000100        0.004651        0.035224
     575        0.000100        0.005011        0.038155
     576        0.000100        0.004727        0.035914
     577        0.000100        0.004840        0.037359
     578        0.000100        0.004547        0.034625
     579        0.000100        0.004631        0.034832
     580        0.000100        0.005471        0.042827
     581        0.000100        0.004710        0.036418
     582        0.000100        0.004672        0.036488
     583        0.000100        0.004815        0.036781
     584        0.000100        0.004624        0.035029
     585        0.000100        0.009009        0.072015
     586        0.000100        0.004656        0.035891
     587        0.000100        0.004900        0.038175
     588        0.000100        0.004543        0.034674
     589        0.000100        0.008623        0.071200
     590        0.000100        0.006587        0.057132
     591        0.000100        0.004567        0.035201
     592        0.000100        0.005336        0.041332
     593        0.000100        0.004570        0.034793
     594        0.000100        0.004643        0.034820
     595        0.000100        0.005714        0.046003
     596        0.000100        0.004619        0.035284
     597        0.000100        0.005332        0.041607
     598        0.000100        0.004635        0.034965
     599        0.000100        0.005154        0.040500
     600        0.000100        0.005066        0.039564
     601        0.000100        0.008001        0.064581
     602        0.000100        0.004627        0.034495
     603        0.000100        0.004531        0.034438
     604        0.000100        0.004831        0.036739
     605        0.000100        0.004717        0.036229
     606        0.000100        0.004931        0.039207
     607        0.000100        0.005814        0.046893
     608        0.000100        0.004765        0.036143
     609        0.000100        0.004494        0.034512
     610        0.000100        0.004546        0.034387
     611        0.000100        0.004609        0.035220
     612        0.000100        0.004649        0.035892
     613        0.000100        0.005280        0.043679
     614        0.000100        0.004837        0.036769
     615        0.000100        0.004881        0.036670
     616        0.000100        0.004817        0.036859
     617        0.000100        0.004691        0.035216
     618        0.000100        0.004594        0.034610
     619        0.000100        0.004664        0.035418
     620        0.000100        0.004560        0.034337
     621        0.000100        0.005012        0.038706
     622        0.000100        0.004710        0.035360
     623        0.000100        0.004659        0.036466
     624        0.000100        0.006056        0.049740
     625        0.000100        0.004941        0.037799
     626        0.000100        0.005077        0.038472
     627        0.000100        0.005259        0.040546
     628        0.000100        0.004553        0.034091
     629        0.000100        0.004600        0.034548
     630        0.000100        0.004612        0.035197
     631        0.000100        0.005217        0.040573
     632        0.000100        0.004589        0.034983
     633        0.000100        0.005543        0.044585
     634        0.000100        0.004818        0.036323
     635        0.000100        0.005051        0.039377
     636        0.000100        0.004993        0.039357
     637        0.000100        0.004832        0.038167
     638        0.000100        0.004502        0.033979
     639        0.000100        0.004583        0.034845
     640        0.000100        0.005151        0.043160
     641        0.000100        0.004629        0.035697
     642        0.000100        0.006250        0.053173
     643        0.000100        0.005063        0.041891
     644        0.000100        0.004508        0.034235
     645        0.000100        0.005112        0.040194
     646        0.000100        0.005020        0.039127
     647        0.000100        0.004660        0.036812
     648        0.000100        0.004595        0.034309
     649        0.000100        0.004766        0.035427
     650        0.000100        0.004654        0.035378
     651        0.000100        0.004921        0.037833
     652        0.000100        0.004686        0.036876
     653        0.000100        0.004812        0.037650
     654        0.000100        0.006156        0.050841
     655        0.000100        0.005218        0.041070
     656        0.000100        0.005124        0.041365
     657        0.000100        0.004586        0.034099
     658        0.000100        0.004577        0.034201
     659        0.000100        0.004541        0.034037
     660        0.000100        0.005106        0.040572
     661        0.000100        0.004925        0.038523
     662        0.000100        0.004690        0.034480
     663        0.000100        0.005067        0.038807
     664        0.000100        0.004708        0.035353
     665        0.000100        0.004651        0.034921
     666        0.000100        0.005225        0.040919
     667        0.000100        0.005797        0.048508
     668        0.000100        0.006389        0.054162
     669        0.000100        0.004737        0.034508
     670        0.000100        0.004563        0.034083
     671        0.000100        0.005526        0.046921
     672        0.000100        0.005050        0.040280
     673        0.000100        0.004745        0.035227
     674        0.000100        0.004613        0.034756
     675        0.000100        0.004752        0.035949
     676        0.000100        0.004524        0.033908
     677        0.000100        0.004660        0.035208
     678        0.000100        0.004556        0.034026
     679        0.000100        0.005010        0.038511
     680        0.000100        0.004987        0.041199
     681        0.000100        0.005522        0.043015
     682        0.000100        0.004901        0.039017
     683        0.000100        0.004735        0.036286
     684        0.000100        0.005274        0.043963
     685        0.000100        0.004835        0.037366
     686        0.000100        0.004691        0.034462
     687        0.000100        0.004863        0.038672
     688        0.000100        0.004543        0.033627
     689        0.000100        0.006990        0.057963
     690        0.000100        0.004995        0.038669
     691        0.000100        0.004505        0.034493
     692        0.000100        0.004737        0.036001
     693        0.000100        0.004680        0.034470
     694        0.000100        0.004686        0.034820
     695        0.000100        0.004530        0.033966
     696        0.000100        0.004811        0.036359
     697        0.000100        0.004744        0.035979
     698        0.000100        0.005179        0.042786
     699        0.000100        0.005488        0.043178
     700        0.000100        0.004566        0.034381
     701        0.000100        0.006209        0.052939
     702        0.000100        0.004995        0.040396
     703        0.000100        0.004697        0.035311
     704        0.000100        0.004589        0.034073
     705        0.000100        0.004615        0.034363
     706        0.000100        0.004650        0.035230
     707        0.000100        0.004547        0.033781
     708        0.000100        0.005582        0.043701
     709        0.000100        0.004558        0.033472
     710        0.000100        0.004889        0.037709
     711        0.000100        0.004646        0.033943
     712        0.000100        0.004852        0.037348
     713        0.000100        0.004807        0.035475
     714        0.000100        0.004878        0.038060
     715        0.000100        0.004584        0.033619
     716        0.000100        0.006046        0.049138
     717        0.000100        0.004629        0.033603
     718        0.000100        0.005323        0.043940
     719        0.000100        0.004704        0.035350
     720        0.000100        0.004695        0.034573
     721        0.000100        0.004534        0.033715
     722        0.000100        0.005072        0.039373
     723        0.000100        0.004557        0.034346
     724        0.000100        0.004724        0.035324
     725        0.000100        0.004558        0.034161
     726        0.000100        0.004559        0.033834
     727        0.000100        0.005333        0.043538
     728        0.000100        0.005107        0.041409
     729        0.000100        0.005133        0.041323
     730        0.000100        0.004659        0.034304
     731        0.000100        0.004609        0.034626
     732        0.000100        0.004548        0.033582
     733        0.000100        0.005710        0.045400
     734        0.000100        0.004771        0.036621
     735        0.000100        0.004452        0.033772
     736        0.000100        0.004628        0.033971
     737        0.000100        0.004444        0.033164
     738        0.000100        0.004583        0.034039
     739        0.000100        0.004903        0.039267
     740        0.000100        0.004619        0.033683
     741        0.000100        0.004651        0.034662
     742        0.000100        0.004441        0.033949
     743        0.000100        0.004608        0.033735
     744        0.000100        0.005120        0.041603
     745        0.000100        0.005632        0.046949
     746        0.000100        0.004509        0.033422
     747        0.000100        0.004792        0.036997
     748        0.000100        0.004550        0.033681
     749        0.000100        0.004595        0.034528
     750        0.000100        0.004800        0.036344
     751        0.000100        0.008715        0.070650
     752        0.000100        0.004855        0.036989
     753        0.000100        0.004637        0.033400
     754        0.000100        0.005587        0.044454
     755        0.000100        0.004681        0.035893
     756        0.000100        0.004677        0.034983
     757        0.000100        0.004689        0.036268
     758        0.000100        0.004898        0.039379
     759        0.000100        0.004560        0.033502
     760        0.000100        0.004724        0.034691
     761        0.000100        0.004650        0.033703
     762        0.000100        0.004572        0.033768
     763        0.000100        0.004589        0.033769
     764        0.000100        0.005665        0.045313
     765        0.000100        0.004763        0.035068
     766        0.000100        0.004646        0.033961
     767        0.000100        0.004545        0.033172
     768        0.000100        0.004714        0.035290
     769        0.000100        0.004781        0.035138
     770        0.000100        0.004527        0.033455
     771        0.000100        0.004515        0.033215
     772        0.000100        0.004628        0.034404
     773        0.000100        0.004595        0.033308
     774        0.000100        0.004920        0.037036
     775        0.000100        0.004847        0.035085
     776        0.000100        0.004596        0.033346
     777        0.000100        0.004729        0.035052
     778        0.000100        0.004622        0.033574
     779        0.000100        0.005135        0.038879
     780        0.000100        0.005564        0.046506
     781        0.000100        0.004668        0.034182
     782        0.000100        0.004632        0.036421
     783        0.000100        0.004797        0.034940
     784        0.000100        0.005030        0.039481
     785        0.000100        0.004728        0.036184
     786        0.000100        0.004573        0.033709
     787        0.000100        0.004718        0.034548
     788        0.000100        0.004807        0.035524
     789        0.000100        0.005751        0.045252
     790        0.000100        0.005139        0.040773
     791        0.000100        0.004681        0.034165
     792        0.000100        0.004590        0.033745
     793        0.000100        0.004554        0.034045
     794        0.000100        0.004545        0.033230
     795        0.000100        0.004728        0.034523
     796        0.000100        0.005000        0.039553
     797        0.000100        0.004596        0.033953
     798        0.000100        0.004553        0.033028
     799        0.000100        0.004642        0.034314
     800        0.000100        0.005000        0.037848
     801        0.000100        0.004608        0.034137
     802        0.000100        0.004596        0.033062
     803        0.000100        0.004589        0.033576
     804        0.000100        0.008886        0.070874
     805        0.000100        0.005416        0.044703
     806        0.000100        0.004588        0.033385
     807        0.000100        0.005025        0.038069
     808        0.000100        0.005852        0.048517
     809        0.000100        0.005069        0.038715
     810        0.000100        0.005494        0.043420
     811        0.000100        0.004958        0.039700
     812        0.000100        0.006272        0.050227
     813        0.000100        0.004884        0.038782
     814        0.000100        0.006588        0.053241
     815        0.000100        0.004550        0.034025
     816        0.000100        0.004794        0.035691
     817        0.000100        0.004668        0.034031
     818        0.000100        0.004523        0.033457
     819        0.000100        0.004623        0.034385
     820        0.000100        0.004550        0.033085
     821        0.000100        0.004539        0.033933
     822        0.000100        0.005026        0.041081
     823        0.000100        0.004890        0.035690
     824        0.000100        0.004715        0.035701
     825        0.000100        0.004716        0.035110
     826        0.000100        0.005741        0.048168
     827        0.000100        0.005320        0.041921
     828        0.000100        0.004611        0.033065
     829        0.000100        0.004595        0.033687
     830        0.000100        0.004542        0.033607
     831        0.000100        0.005101        0.038540
     832        0.000100        0.004777        0.036651
     833        0.000100        0.004800        0.035699
     834        0.000100        0.004789        0.035407
     835        0.000100        0.004539        0.032845
     836        0.000100        0.004715        0.034751
     837        0.000100        0.004921        0.038677
     838        0.000100        0.005036        0.039453
     839        0.000100        0.004639        0.034325
     840        0.000100        0.004835        0.036292
     841        0.000100        0.004563        0.033065
     842        0.000100        0.004684        0.034661
     843        0.000100        0.005130        0.038393
     844        0.000100        0.004687        0.033753
     845        0.000100        0.004532        0.032790
     846        0.000100        0.004595        0.033811
     847        0.000100        0.004820        0.036777
     848        0.000100        0.004619        0.034646
     849        0.000100        0.004610        0.033021
     850        0.000100        0.004892        0.037184
     851        0.000100        0.005110        0.039139
     852        0.000100        0.004890        0.038951
     853        0.000100        0.004513        0.033600
     854        0.000100        0.004624        0.033137
     855        0.000100        0.004896        0.036061
     856        0.000100        0.006206        0.049661
     857        0.000100        0.004667        0.033535
     858        0.000100        0.004728        0.034697
     859        0.000100        0.004646        0.033992
     860        0.000100        0.005201        0.041638
     861        0.000100        0.004589        0.032755
     862        0.000100        0.004638        0.034818
     863        0.000100        0.005240        0.042191
     864        0.000100        0.004840        0.035238
     865        0.000100        0.004998        0.037179
     866        0.000100        0.004620        0.033861
     867        0.000100        0.004727        0.033854
     868        0.000100        0.005480        0.042371
     869        0.000100        0.004833        0.033769
     870        0.000100        0.006066        0.050337
     871        0.000100        0.004661        0.032942
     872        0.000100        0.004643        0.032684
     873        0.000100        0.004531        0.033071
     874        0.000100        0.004504        0.032849
     875        0.000100        0.004862        0.035580
     876        0.000100        0.004848        0.037587
     877        0.000100        0.006490        0.054437
     878        0.000100        0.004701        0.033440
     879        0.000100        0.004578        0.032905
     880        0.000100        0.005467        0.042062
     881        0.000100        0.004543        0.033566
     882        0.000100        0.004604        0.033604
     883        0.000100        0.005845        0.045799
     884        0.000100        0.004560        0.032833
     885        0.000100        0.007617        0.061780
     886        0.000100        0.005292        0.043512
     887        0.000100        0.004840        0.035793
     888        0.000100        0.004611        0.033237
     889        0.000100        0.005191        0.039305
     890        0.000100        0.004573        0.032797
     891        0.000100        0.004603        0.033495
     892        0.000100        0.004701        0.033845
     893        0.000100        0.004732        0.033651
     894        0.000100        0.004497        0.033091
     895        0.000100        0.004776        0.034062
     896        0.000100        0.004790        0.037386
     897        0.000100        0.004762        0.033970
     898        0.000100        0.004656        0.033501
     899        0.000100        0.004743        0.033895
     900        0.000100        0.004636        0.033301
     901        0.000100        0.004616        0.033419
     902        0.000100        0.005624        0.042490
     903        0.000100        0.004618        0.032786
     904        0.000100        0.004846        0.034372
     905        0.000100        0.005259        0.043204
     906        0.000100        0.004953        0.038569
     907        0.000100        0.005242        0.039804
     908        0.000100        0.007978        0.064735
     909        0.000100        0.005618        0.043209
     910        0.000100        0.004664        0.033636
     911        0.000100        0.004632        0.034196
     912        0.000100        0.004564        0.032584
     913        0.000100        0.005500        0.043042
     914        0.000100        0.004559        0.032403
     915        0.000100        0.004717        0.035103
     916        0.000100        0.004689        0.034958
     917        0.000100        0.004618        0.034366
     918        0.000100        0.004642        0.033249
     919        0.000100        0.005251        0.038981
     920        0.000100        0.005382        0.043621
     921        0.000100        0.005303        0.040130
     922        0.000100        0.004747        0.035387
     923        0.000100        0.004590        0.032472
     924        0.000100        0.004658        0.033397
     925        0.000100        0.004685        0.034637
     926        0.000100        0.005386        0.043198
     927        0.000100        0.004688        0.033410
     928        0.000100        0.004566        0.033357
     929        0.000100        0.004653        0.034239
     930        0.000100        0.004559        0.032451
     931        0.000100        0.005070        0.039943
     932        0.000100        0.004566        0.032192
     933        0.000100        0.004611        0.032856
     934        0.000100        0.004851        0.035970
     935        0.000100        0.004681        0.034607
     936        0.000100        0.004999        0.038438
     937        0.000100        0.004787        0.035699
     938        0.000100        0.004552        0.032589
     939        0.000100        0.005431        0.041457
     940        0.000100        0.004627        0.032847
     941        0.000100        0.004957        0.036566
     942        0.000100        0.005353        0.043420
     943        0.000100        0.005262        0.041955
     944        0.000100        0.005902        0.047549
     945        0.000100        0.004584        0.032653
     946        0.000100        0.004615        0.033942
     947        0.000100        0.004559        0.032559
     948        0.000100        0.004702        0.034104
     949        0.000100        0.004657        0.033393
     950        0.000100        0.004726        0.033386
     951        0.000100        0.005102        0.038195
     952        0.000100        0.006210        0.049347
     953        0.000100        0.004707        0.033889
     954        0.000100        0.004973        0.036397
     955        0.000100        0.004544        0.032827
     956        0.000100        0.005704        0.047484
     957        0.000100        0.004667        0.033033
     958        0.000100        0.004626        0.032482
     959        0.000100        0.004839        0.036978
     960        0.000100        0.008272        0.068467
     961        0.000100        0.004754        0.033888
     962        0.000100        0.004648        0.032995
     963        0.000100        0.005268        0.040543
     964        0.000100        0.005004        0.038069
     965        0.000100        0.007523        0.063879
     966        0.000100        0.004593        0.032610
     967        0.000100        0.004655        0.034540
     968        0.000100        0.004804        0.034108
     969        0.000100        0.005344        0.040303
     970        0.000100        0.004620        0.033469
     971        0.000100        0.004621        0.032614
     972        0.000100        0.005616        0.043778
     973        0.000100        0.004677        0.034258
     974        0.000100        0.004747        0.035482
     975        0.000100        0.004572        0.032134
     976        0.000100        0.004647        0.032392
     977        0.000100        0.004569        0.032375
     978        0.000100        0.004681        0.033565
     979        0.000100        0.004670        0.032322
     980        0.000100        0.004565        0.033510
     981        0.000100        0.004792        0.034933
     982        0.000100        0.004859        0.036787
     983        0.000100        0.008519        0.068454
     984        0.000100        0.004656        0.033803
     985        0.000100        0.004668        0.034380
     986        0.000100        0.004563        0.032119
     987        0.000100        0.004556        0.032037
     988        0.000100        0.004601        0.033185
     989        0.000100        0.004831        0.034046
     990        0.000100        0.005048        0.036831
     991        0.000100        0.005175        0.039267
     992        0.000100        0.004724        0.033698
     993        0.000100        0.004929        0.034990
     994        0.000100        0.004602        0.032163
     995        0.000100        0.004565        0.032879
     996        0.000100        0.004725        0.036073
     997        0.000100        0.004677        0.032640
     998        0.000100        0.004917        0.037628
     999        0.000100        0.004688        0.034957
    1000        0.000100        0.004594        0.031779
    1001        0.000100        0.004640        0.033525
    1002        0.000100        0.004761        0.034742
    1003        0.000100        0.004842        0.035272
    1004        0.000100        0.004741        0.033362
    1005        0.000100        0.004683        0.033066
    1006        0.000100        0.005078        0.037388
    1007        0.000100        0.005155        0.038853
    1008        0.000100        0.005263        0.041816
    1009        0.000100        0.004713        0.034447
    1010        0.000100        0.005931        0.044584
    1011        0.000100        0.004579        0.032208
    1012        0.000100        0.004842        0.035868
    1013        0.000100        0.005489        0.044292
    1014        0.000100        0.004871        0.037347
    1015        0.000100        0.009864        0.079676
    1016        0.000100        0.004611        0.031969
    1017        0.000100        0.004656        0.033690
    1018        0.000100        0.004811        0.034822
    1019        0.000100        0.004666        0.033712
    1020        0.000100        0.004664        0.032119
    1021        0.000100        0.005121        0.037771
    1022        0.000100        0.004693        0.033074
    1023        0.000100        0.004646        0.031967
    1024        0.000100        0.004655        0.032623
    1025        0.000100        0.004677        0.033109
    1026        0.000100        0.005240        0.041700
    1027        0.000100        0.004969        0.038462
    1028        0.000100        0.004647        0.032342
    1029        0.000100        0.005072        0.035414
    1030        0.000100        0.004608        0.032075
    1031        0.000100        0.005195        0.039262
    1032        0.000100        0.005954        0.047229
    1033        0.000100        0.004779        0.033698
    1034        0.000100        0.004545        0.031739
    1035        0.000100        0.004619        0.032501
    1036        0.000100        0.004578        0.032170
    1037        0.000100        0.004710        0.033181
    1038        0.000100        0.004962        0.038078
    1039        0.000100        0.005008        0.035220
    1040        0.000100        0.004614        0.032409
    1041        0.000100        0.005879        0.046494
    1042        0.000100        0.004886        0.034865
    1043        0.000100        0.005002        0.037021
    1044        0.000100        0.004681        0.034005
    1045        0.000100        0.004963        0.038020
    1046        0.000100        0.004653        0.033324
    1047        0.000100        0.004799        0.035055
    1048        0.000100        0.005080        0.035464
    1049        0.000100        0.004643        0.031930
    1050        0.000100        0.004670        0.032563
    1051        0.000100        0.004637        0.032274
    1052        0.000100        0.004655        0.032418
    1053        0.000100        0.005298        0.039513
    1054        0.000100        0.004681        0.033081
    1055        0.000100        0.004634        0.032239
    1056        0.000100        0.004706        0.033366
    1057        0.000100        0.004639        0.032196
    1058        0.000100        0.004623        0.032303
    1059        0.000100        0.005419        0.040900
    1060        0.000100        0.004631        0.032690
    1061        0.000100        0.004601        0.031675
    1062        0.000100        0.004764        0.033273
    1063        0.000100        0.005224        0.038234
    1064        0.000100        0.004892        0.036793
    1065        0.000100        0.004705        0.034007
    1066        0.000100        0.004769        0.034909
    1067        0.000100        0.004592        0.032293
    1068        0.000100        0.004904        0.036561
    1069        0.000100        0.004721        0.032709
    1070        0.000100        0.004595        0.032319
    1071        0.000100        0.004666        0.032855
    1072        0.000100        0.004643        0.032327
    1073        0.000100        0.004621        0.033221
    1074        0.000100        0.005186        0.037317
    1075        0.000100        0.005030        0.035575
    1076        0.000100        0.004649        0.032428
    1077        0.000100        0.004588        0.032220
    1078        0.000100        0.005169        0.040482
    1079        0.000100        0.004610        0.031860
    1080        0.000100        0.005397        0.040505
    1081        0.000100        0.004702        0.033052
    1082        0.000100        0.005717        0.044373
    1083        0.000100        0.004746        0.034742
    1084        0.000100        0.004637        0.031860
    1085        0.000100        0.004691        0.032091
    1086        0.000100        0.005405        0.043647
    1087        0.000100        0.004565        0.032248
    1088        0.000100        0.005718        0.046949
    1089        0.000100        0.004731        0.034568
    1090        0.000100        0.004855        0.034563
    1091        0.000100        0.004980        0.036413
    1092        0.000100        0.004753        0.033143
    1093        0.000100        0.004814        0.033698
    1094        0.000100        0.004632        0.033460
    1095        0.000100        0.004820        0.034228
    1096        0.000100        0.004765        0.032342
    1097        0.000100        0.005048        0.036953
    1098        0.000100        0.004543        0.032241
    1099        0.000100        0.005222        0.039420
    1100        0.000100        0.004730        0.033111
    1101        0.000100        0.004608        0.032074
    1102        0.000100        0.004513        0.032277
    1103        0.000100        0.005045        0.036904
    1104        0.000100        0.004701        0.032761
    1105        0.000100        0.005877        0.045555
    1106        0.000100        0.005266        0.039297
    1107        0.000100        0.004698        0.034198
    1108        0.000100        0.005328        0.039763
    1109        0.000100        0.004724        0.032994
    1110        0.000100        0.004600        0.032717
    1111        0.000100        0.004922        0.035527
    1112        0.000100        0.004854        0.036975
    1113        0.000100        0.005017        0.036136
    1114        0.000100        0.005263        0.042505
    1115        0.000100        0.004797        0.033996
    1116        0.000100        0.004790        0.034127
    1117        0.000100        0.004690        0.032853
    1118        0.000100        0.005276        0.039867
    1119        0.000100        0.004631        0.034338
    1120        0.000100        0.004961        0.037428
    1121        0.000100        0.004682        0.032703
    1122        0.000100        0.005307        0.039102
    1123        0.000100        0.004724        0.033286
    1124        0.000100        0.004538        0.031728
    1125        0.000100        0.006817        0.054374
    1126        0.000100        0.004763        0.033854
    1127        0.000100        0.005004        0.036811
    1128        0.000100        0.005206        0.040233
    1129        0.000100        0.004552        0.031899
    1130        0.000100        0.006252        0.050208
    1131        0.000100        0.004631        0.032105
    1132        0.000100        0.004594        0.031812
    1133        0.000100        0.004718        0.032780
    1134        0.000100        0.004652        0.033883
    1135        0.000100        0.004662        0.032566
    1136        0.000100        0.004634        0.032103
    1137        0.000100        0.004572        0.031798
    1138        0.000100        0.004810        0.035255
    1139        0.000100        0.004945        0.037565
    1140        0.000100        0.004914        0.037691
    1141        0.000100        0.005655        0.042959
    1142        0.000100        0.004803        0.035857
    1143        0.000100        0.004671        0.032324
    1144        0.000100        0.004755        0.032810
    1145        0.000100        0.004556        0.031716
    1146        0.000100        0.004485        0.031595
    1147        0.000100        0.004577        0.032703
    1148        0.000100        0.005108        0.039744
    1149        0.000100        0.005458        0.041621
    1150        0.000100        0.004587        0.032135
    1151        0.000100        0.004627        0.031717
    1152        0.000100        0.004845        0.034155
    1153        0.000100        0.006937        0.055281
    1154        0.000100        0.004940        0.035693
    1155        0.000100        0.004831        0.035406
    1156        0.000100        0.004837        0.035070
    1157        0.000100        0.005163        0.039432
    1158        0.000100        0.004668        0.031721
    1159        0.000100        0.004918        0.034761
    1160        0.000100        0.004833        0.037001
    1161        0.000100        0.004671        0.032335
    1162        0.000100        0.004993        0.035256
    1163        0.000100        0.004970        0.037840
    1164        0.000100        0.005323        0.039489
    1165        0.000100        0.004578        0.031978
    1166        0.000100        0.004680        0.033440
    1167        0.000100        0.004652        0.033248
    1168        0.000100        0.005213        0.042071
    1169        0.000100        0.004638        0.033852
    1170        0.000100        0.004706        0.033470
    1171        0.000100        0.004705        0.032626
    1172        0.000100        0.005147        0.037523
    1173        0.000100        0.004845        0.035363
    1174        0.000100        0.004746        0.032930
    1175        0.000100        0.004614        0.031686
    1176        0.000100        0.004673        0.032027
    1177        0.000100        0.004964        0.035997
    1178        0.000100        0.005438        0.041498
    1179        0.000100        0.005059        0.038465
    1180        0.000100        0.004775        0.035268
    1181        0.000100        0.005239        0.037410
    1182        0.000100        0.004703        0.034892
    1183        0.000100        0.004625        0.032394
    1184        0.000100        0.004734        0.034187
    1185        0.000100        0.004506        0.031272
    1186        0.000100        0.004572        0.032074
    1187        0.000100        0.004602        0.032395
    1188        0.000100        0.004787        0.032789
    1189        0.000100        0.005001        0.037475
    1190        0.000100        0.004764        0.033256
    1191        0.000100        0.004831        0.034259
    1192        0.000100        0.005016        0.036252
    1193        0.000100        0.004584        0.031470
    1194        0.000100        0.008301        0.069919
    1195        0.000100        0.004571        0.031821
    1196        0.000100        0.004647        0.031951
    1197        0.000100        0.004639        0.031555
    1198        0.000100        0.004646        0.032336
    1199        0.000100        0.004584        0.032067
    1200        0.000100        0.004803        0.035472
    1201        0.000100        0.004870        0.035455
    1202        0.000100        0.004757        0.034662
    1203        0.000100        0.005082        0.040026
    1204        0.000100        0.004583        0.032199
    1205        0.000100        0.005462        0.044750
    1206        0.000100        0.006299        0.049868
    1207        0.000100        0.004622        0.031904
    1208        0.000100        0.005011        0.039368
    1209        0.000100        0.004619        0.033769
    1210        0.000100        0.004618        0.031786
    1211        0.000100        0.004697        0.032938
    1212        0.000100        0.005139        0.037388
    1213        0.000100        0.004537        0.031593
    1214        0.000100        0.004667        0.032630
    1215        0.000100        0.004708        0.033149
    1216        0.000100        0.004635        0.031655
    1217        0.000100        0.004704        0.032993
    1218        0.000100        0.009869        0.080508
    1219        0.000100        0.004933        0.037804
    1220        0.000100        0.005994        0.049739
    1221        0.000100        0.004708        0.032733
    1222        0.000100        0.004840        0.036146
    1223        0.000100        0.005390        0.040810
    1224        0.000100        0.004882        0.036260
    1225        0.000100        0.004552        0.031918
    1226        0.000100        0.004544        0.031143
    1227        0.000100        0.005302        0.040391
    1228        0.000100        0.004785        0.034709
    1229        0.000100        0.004517        0.031257
    1230        0.000100        0.004625        0.032142
    1231        0.000100        0.004607        0.032679
    1232        0.000100        0.004618        0.032053
    1233        0.000100        0.004978        0.036906
    1234        0.000100        0.004653        0.032445
    1235        0.000100        0.004548        0.031263
    1236        0.000100        0.004555        0.031849
    1237        0.000100        0.004708        0.032879
    1238        0.000100        0.004662        0.033074
    1239        0.000100        0.004607        0.031391
    1240        0.000100        0.004842        0.035823
    1241        0.000100        0.004650        0.031738
    1242        0.000100        0.004927        0.036601
    1243        0.000100        0.004676        0.032581
    1244        0.000100        0.004738        0.034981
    1245        0.000100        0.007135        0.060438
    1246        0.000100        0.004594        0.031432
    1247        0.000100        0.004922        0.035088
    1248        0.000100        0.005728        0.043034
    1249        0.000100        0.004529        0.031564
    1250        0.000100        0.004619        0.031730
    1251        0.000100        0.004689        0.032084
    1252        0.000100        0.004627        0.032603
    1253        0.000100        0.005546        0.042521
    1254        0.000100        0.004646        0.031421
    1255        0.000100        0.004555        0.031821
    1256        0.000100        0.004707        0.032771
    1257        0.000100        0.005908        0.047606
    1258        0.000100        0.004612        0.031520
    1259        0.000100        0.004612        0.032267
    1260        0.000100        0.004657        0.031748
    1261        0.000100        0.004669        0.033057
    1262        0.000100        0.005890        0.046174
    1263        0.000100        0.005068        0.038772
    1264        0.000100        0.004532        0.031844
    1265        0.000100        0.004633        0.031759
    1266        0.000100        0.004619        0.033343
    1267        0.000100        0.004972        0.038558
    1268        0.000100        0.004606        0.031434
    1269        0.000100        0.004689        0.032185
    1270        0.000100        0.005473        0.044017
    1271        0.000100        0.004933        0.035416
    1272        0.000100        0.004569        0.031448
    1273        0.000100        0.005240        0.039261
    1274        0.000100        0.004752        0.032970
    1275        0.000100        0.004778        0.035608
    1276        0.000100        0.004769        0.032344
    1277        0.000100        0.004686        0.032780
    1278        0.000100        0.004678        0.031697
    1279        0.000100        0.004581        0.031236
    1280        0.000100        0.004620        0.032101
    1281        0.000100        0.004932        0.038660
    1282        0.000100        0.004945        0.037717
    1283        0.000100        0.004552        0.031234
    1284        0.000100        0.004609        0.031643
    1285        0.000100        0.004915        0.034452
    1286        0.000100        0.005138        0.037677
    1287        0.000100        0.004768        0.034885
    1288        0.000100        0.004644        0.031723
    1289        0.000100        0.005243        0.041874
    1290        0.000100        0.004738        0.034284
    1291        0.000100        0.005337        0.042469
    1292        0.000100        0.004519        0.031281
    1293        0.000100        0.004920        0.034858
    1294        0.000100        0.004956        0.037569
    1295        0.000100        0.004649        0.033307
    1296        0.000100        0.004555        0.031656
    1297        0.000100        0.006680        0.057183
    1298        0.000100        0.004546        0.031650
    1299        0.000100        0.004607        0.032252
    1300        0.000100        0.004869        0.034891
    1301        0.000100        0.005876        0.044974
    1302        0.000100        0.004617        0.034029
    1303        0.000100        0.004630        0.031705
    1304        0.000100        0.004704        0.033733
    1305        0.000100        0.004624        0.031854
    1306        0.000100        0.005073        0.039567
    1307        0.000100        0.004735        0.032881
    1308        0.000100        0.004784        0.034270
    1309        0.000100        0.004601        0.031073
    1310        0.000100        0.004610        0.032597
    1311        0.000100        0.005819        0.047939
    1312        0.000100        0.004644        0.031941
    1313        0.000100        0.004593        0.031342
    1314        0.000100        0.004759        0.034238
    1315        0.000100        0.004974        0.034444
    1316        0.000100        0.004836        0.036161
    1317        0.000100        0.005350        0.041117
    1318        0.000100        0.005082        0.040256
    1319        0.000100        0.005130        0.037486
    1320        0.000100        0.005578        0.040123
    1321        0.000100        0.004721        0.034899
    1322        0.000100        0.004674        0.033380
    1323        0.000100        0.005233        0.038504
    1324        0.000100        0.004643        0.031698
    1325        0.000100        0.006176        0.052910
    1326        0.000100        0.004546        0.031260
    1327        0.000100        0.004576        0.031614
    1328        0.000100        0.005591        0.042108
    1329        0.000100        0.004831        0.033774
    1330        0.000100        0.005190        0.040952
    1331        0.000100        0.005381        0.040343
    1332        0.000100        0.004831        0.035974
    1333        0.000100        0.004576        0.031057
    1334        0.000100        0.004722        0.034648
    1335        0.000100        0.004588        0.032793
    1336        0.000100        0.004670        0.031968
    1337        0.000100        0.004682        0.032019
    1338        0.000100        0.004745        0.034871
    1339        0.000100        0.004508        0.031261
    1340        0.000100        0.004540        0.030840
    1341        0.000100        0.004507        0.031376
    1342        0.000100        0.004755        0.035031
    1343        0.000100        0.004667        0.032403
    1344        0.000100        0.004619        0.031113
    1345        0.000100        0.004841        0.035943
    1346        0.000100        0.004652        0.032097
    1347        0.000100        0.005087        0.036657
    1348        0.000100        0.004589        0.031544
    1349        0.000100        0.004627        0.031769
    1350        0.000100        0.006176        0.052412
    1351        0.000100        0.005809        0.045298
    1352        0.000100        0.004583        0.033036
    1353        0.000100        0.005957        0.049644
    1354        0.000100        0.004653        0.033136
    1355        0.000100        0.004778        0.035629
    1356        0.000100        0.004892        0.037000
    1357        0.000100        0.004638        0.031266
    1358        0.000100        0.006019        0.049078
    1359        0.000100        0.004647        0.031494
    1360        0.000100        0.005349        0.040013
    1361        0.000100        0.004628        0.031936
    1362        0.000100        0.005032        0.038625
    1363        0.000100        0.004604        0.032525
