       0        0.000100     5661.341914       74.747314
       1        0.000100     5297.297402       72.288589
       2        0.000100     4878.745886       69.353729
       3        0.000100     4376.475851       65.659660
       4        0.000100     3801.061540       61.154182
       5        0.000100     3180.308008       55.887787
       6        0.000100     2547.127266       49.948086
       7        0.000100     1941.809407       43.518497
       8        0.000100     1399.159204       36.813568
       9        0.000100      946.325355       30.099722
      10        0.000100      599.077160       23.699236
      11        0.000100      353.611609       17.851265
      12        0.000100      197.377451       12.839284
      13        0.000100      107.865581        8.936804
      14        0.000100       61.863538        6.431441
      15        0.000100       40.057081        5.071923
      16        0.000100       30.451742        4.414223
      17        0.000100       25.908408        4.091519
      18        0.000100       23.304553        3.896922
      19        0.000100       21.419430        3.744097
      20        0.000100       19.737667        3.598669
      21        0.000100       18.159363        3.454276
      22        0.000100       16.668838        3.309455
      23        0.000100       15.252530        3.165647
      24        0.000100       13.900925        3.021115
      25        0.000100       12.636042        2.878556
      26        0.000100       11.449941        2.737351
      27        0.000100       10.365006        2.599926
      28        0.000100        9.335925        2.462293
      29        0.000100        8.403237        2.330136
      30        0.000100        7.550167        2.202946
      31        0.000100        6.782982        2.083614
      32        0.000100        6.080877        1.969823
      33        0.000100        5.464913        1.865201
      34        0.000100        4.907641        1.766313
      35        0.000100        4.405928        1.674271
      36        0.000100        3.969803        1.589891
      37        0.000100        3.581147        1.510688
      38        0.000100        3.237946        1.437318
      39        0.000100        2.933066        1.369784
      40        0.000100        2.667212        1.306532
      41        0.000100        2.432289        1.248021
      42        0.000100        2.219507        1.192133
      43        0.000100        2.036924        1.140318
      44        0.000100        1.867408        1.091378
      45        0.000100        1.719775        1.046739
      46        0.000100        1.586367        1.001732
      47        0.000100        1.471420        0.958084
      48        0.000100        1.361447        0.920623
      49        0.000100        1.265674        0.881981
      50        0.000100        1.178547        0.849424
      51        0.000100        1.100484        0.819025
      52        0.000100        1.029543        0.785442
      53        0.000100        0.965578        0.760563
      54        0.000100        0.907606        0.731569
      55        0.000100        0.854746        0.707501
      56        0.000100        0.805079        0.686324
      57        0.000100        0.763109        0.661309
      58        0.000100        0.720677        0.641520
      59        0.000100        0.682302        0.624737
      60        0.000100        0.648178        0.609215
      61        0.000100        0.616636        0.587345
      62        0.000100        0.585204        0.572484
      63        0.000100        0.556545        0.558336
      64        0.000100        0.529689        0.543795
      65        0.000100        0.504895        0.532487
      66        0.000100        0.482940        0.515538
      67        0.000100        0.458250        0.504802
      68        0.000100        0.436775        0.494017
      69        0.000100        0.416200        0.478909
      70        0.000100        0.395935        0.468745
      71        0.000100        0.377600        0.458405
      72        0.000100        0.359459        0.446168
      73        0.000100        0.342732        0.436731
      74        0.000100        0.326161        0.423547
      75        0.000100        0.310308        0.414621
      76        0.000100        0.295886        0.403470
      77        0.000100        0.281025        0.394393
      78        0.000100        0.267360        0.383989
      79        0.000100        0.254249        0.373502
      80        0.000100        0.241991        0.365084
      81        0.000100        0.231332        0.358983
      82        0.000100        0.218719        0.347007
      83        0.000100        0.208564        0.337871
      84        0.000100        0.198416        0.330383
      85        0.000100        0.188591        0.322201
      86        0.000100        0.179439        0.312676
      87        0.000100        0.170781        0.304132
      88        0.000100        0.162969        0.298169
      89        0.000100        0.157071        0.294850
      90        0.000100        0.147049        0.282282
      91        0.000100        0.142221        0.275032
      92        0.000100        0.134615        0.268423
      93        0.000100        0.130317        0.263416
      94        0.000100        0.122292        0.254427
      95        0.000100        0.116620        0.249762
      96        0.000100        0.111354        0.242838
      97        0.000100        0.106093        0.236901
      98        0.000100        0.101524        0.230607
      99        0.000100        0.097174        0.225729
     100        0.000100        0.094177        0.220765
     101        0.000100        0.092271        0.223864
     102        0.000100        0.087165        0.215340
     103        0.000100        0.081848        0.206860
     104        0.000100        0.078445        0.201775
     105        0.000100        0.075145        0.197346
     106        0.000100        0.074114        0.194315
     107        0.000100        0.069560        0.188867
     108        0.000100        0.068938        0.190834
     109        0.000100        0.064410        0.181900
     110        0.000100        0.061877        0.176316
     111        0.000100        0.059267        0.173496
     112        0.000100        0.057802        0.172453
     113        0.000100        0.055483        0.166946
     114        0.000100        0.053475        0.164736
     115        0.000100        0.051648        0.160623
     116        0.000100        0.048847        0.155835
     117        0.000100        0.047678        0.154359
     118        0.000100        0.046080        0.151635
     119        0.000100        0.044955        0.149348
     120        0.000100        0.042966        0.144458
     121        0.000100        0.041638        0.142734
     122        0.000100        0.040641        0.141099
     123        0.000100        0.038999        0.137048
     124        0.000100        0.038386        0.137417
     125        0.000100        0.037281        0.134834
     126        0.000100        0.035420        0.129481
     127        0.000100        0.034339        0.127496
     128        0.000100        0.035846        0.132189
     129        0.000100        0.034361        0.130542
     130        0.000100        0.032491        0.125224
     131        0.000100        0.031207        0.120988
     132        0.000100        0.030395        0.119550
     133        0.000100        0.029763        0.118468
     134        0.000100        0.028293        0.113347
     135        0.000100        0.027841        0.112916
     136        0.000100        0.027250        0.110753
     137        0.000100        0.026488        0.109367
     138        0.000100        0.025277        0.106271
     139        0.000100        0.024800        0.105220
     140        0.000100        0.024445        0.104874
     141        0.000100        0.023902        0.102427
     142        0.000100        0.023851        0.102753
     143        0.000100        0.023114        0.100822
     144        0.000100        0.022546        0.100135
     145        0.000100        0.021599        0.096802
     146        0.000100        0.021300        0.094975
     147        0.000100        0.021226        0.095886
     148        0.000100        0.020321        0.092866
     149        0.000100        0.019956        0.091450
     150        0.000100        0.019682        0.090997
     151        0.000100        0.019189        0.089588
     152        0.000100        0.019081        0.090109
     153        0.000100        0.018377        0.086299
     154        0.000100        0.018044        0.086242
     155        0.000100        0.018064        0.086183
     156        0.000100        0.017124        0.083348
     157        0.000100        0.017720        0.085652
     158        0.000100        0.017996        0.087869
     159        0.000100        0.016440        0.080811
     160        0.000100        0.016516        0.081173
     161        0.000100        0.015925        0.079827
     162        0.000100        0.015967        0.079473
     163        0.000100        0.015458        0.077897
     164        0.000100        0.015330        0.077037
     165        0.000100        0.015139        0.076384
     166        0.000100        0.014882        0.075500
     167        0.000100        0.014790        0.075040
     168        0.000100        0.016698        0.082736
     169        0.000100        0.013992        0.072815
     170        0.000100        0.014370        0.072627
     171        0.000100        0.014411        0.073898
     172        0.000100        0.014617        0.076067
     173        0.000100        0.015646        0.083568
     174        0.000100        0.013984        0.072844
     175        0.000100        0.013285        0.071079
     176        0.000100        0.013139        0.069388
     177        0.000100        0.012964        0.068117
     178        0.000100        0.014499        0.079144
     179        0.000100        0.012652        0.068175
     180        0.000100        0.012735        0.068358
     181        0.000100        0.012976        0.071719
     182        0.000100        0.012818        0.067975
     183        0.000100        0.012592        0.067311
     184        0.000100        0.012313        0.067101
     185        0.000100        0.012084        0.065870
     186        0.000100        0.012654        0.069488
     187        0.000100        0.012231        0.065291
     188        0.000100        0.011568        0.063284
     189        0.000100        0.012008        0.066012
     190        0.000100        0.011674        0.062800
     191        0.000100        0.012298        0.067469
     192        0.000100        0.011003        0.061183
     193        0.000100        0.010976        0.060741
     194        0.000100        0.011197        0.063050
     195        0.000100        0.010771        0.060721
     196        0.000100        0.010952        0.061443
     197        0.000100        0.011150        0.062223
     198        0.000100        0.010726        0.060445
     199        0.000100        0.011414        0.063641
     200        0.000100        0.010462        0.059162
     201        0.000100        0.010399        0.058637
     202        0.000100        0.010564        0.060305
     203        0.000100        0.010041        0.057821
     204        0.000100        0.010076        0.057461
     205        0.000100        0.010402        0.058842
     206        0.000100        0.010308        0.058553
     207        0.000100        0.010071        0.058694
     208        0.000100        0.010516        0.061748
     209        0.000100        0.010114        0.057320
     210        0.000100        0.009994        0.057213
     211        0.000100        0.009794        0.056969
     212        0.000100        0.009670        0.055827
     213        0.000100        0.009888        0.057971
     214        0.000100        0.010090        0.059686
     215        0.000100        0.009810        0.057492
     216        0.000100        0.009611        0.055387
     217        0.000100        0.009604        0.055174
     218        0.000100        0.009893        0.057053
     219        0.000100        0.009303        0.054660
     220        0.000100        0.009340        0.053294
     221        0.000100        0.009418        0.055060
     222        0.000100        0.009419        0.056041
     223        0.000100        0.009646        0.057856
     224        0.000100        0.009463        0.057446
     225        0.000100        0.009129        0.053636
     226        0.000100        0.009004        0.052708
     227        0.000100        0.009346        0.054996
     228        0.000100        0.008835        0.051894
     229        0.000100        0.008981        0.052925
     230        0.000100        0.008685        0.052062
     231        0.000100        0.009314        0.055058
     232        0.000100        0.008651        0.051484
     233        0.000100        0.010388        0.062168
     234        0.000100        0.008797        0.052107
     235        0.000100        0.008616        0.050768
     236        0.000100        0.008889        0.053219
     237        0.000100        0.008539        0.051456
     238        0.000100        0.008395        0.050548
     239        0.000100        0.008340        0.050428
     240        0.000100        0.008642        0.051974
     241        0.000100        0.008682        0.053885
     242        0.000100        0.008273        0.050236
     243        0.000100        0.008344        0.051048
     244        0.000100        0.008308        0.050762
     245        0.000100        0.008204        0.049774
     246        0.000100        0.008256        0.050110
     247        0.000100        0.008116        0.049608
     248        0.000100        0.008181        0.048945
     249        0.000100        0.008018        0.048955
     250        0.000100        0.008103        0.049789
     251        0.000100        0.008212        0.050843
     252        0.000100        0.007997        0.049097
     253        0.000100        0.008182        0.049087
     254        0.000100        0.007890        0.047728
     255        0.000100        0.008543        0.052609
     256        0.000100        0.007865        0.049307
     257        0.000100        0.007898        0.048414
     258        0.000100        0.008275        0.050880
     259        0.000100        0.007787        0.048139
     260        0.000100        0.007657        0.047474
     261        0.000100        0.008038        0.048647
     262        0.000100        0.007660        0.047071
     263        0.000100        0.007543        0.047032
     264        0.000100        0.007517        0.046735
     265        0.000100        0.008198        0.050819
     266        0.000100        0.008363        0.054335
     267        0.000100        0.007726        0.048269
     268        0.000100        0.007644        0.047798
     269        0.000100        0.007508        0.046972
     270        0.000100        0.007554        0.047007
     271        0.000100        0.007475        0.046297
     272        0.000100        0.008408        0.053319
     273        0.000100        0.007768        0.048923
     274        0.000100        0.007627        0.045702
     275        0.000100        0.007366        0.045285
     276        0.000100        0.007536        0.048341
     277        0.000100        0.007877        0.049778
     278        0.000100        0.007344        0.046030
     279        0.000100        0.007796        0.048938
     280        0.000100        0.007337        0.046180
     281        0.000100        0.007287        0.045322
     282        0.000100        0.007456        0.048374
     283        0.000100        0.007133        0.045340
     284        0.000100        0.007209        0.045159
     285        0.000100        0.007669        0.047074
     286        0.000100        0.007270        0.047862
     287        0.000100        0.007537        0.049201
     288        0.000100        0.007178        0.046046
     289        0.000100        0.007406        0.045797
     290        0.000100        0.007451        0.047638
     291        0.000100        0.006991        0.043965
     292        0.000100        0.006957        0.043830
     293        0.000100        0.007389        0.048778
     294        0.000100        0.006965        0.043472
     295        0.000100        0.006916        0.044555
     296        0.000100        0.007191        0.046290
     297        0.000100        0.006980        0.044108
     298        0.000100        0.006915        0.044203
     299        0.000100        0.006808        0.043826
     300        0.000100        0.006920        0.044019
     301        0.000100        0.009254        0.061940
     302        0.000100        0.006833        0.042958
     303        0.000100        0.007042        0.044536
     304        0.000100        0.006789        0.043324
     305        0.000100        0.007184        0.047054
     306        0.000100        0.006930        0.043982
     307        0.000100        0.006856        0.042989
     308        0.000100        0.006786        0.043549
     309        0.000100        0.007062        0.045622
     310        0.000100        0.006833        0.043467
     311        0.000100        0.006868        0.043430
     312        0.000100        0.006755        0.042971
     313        0.000100        0.006686        0.043324
     314        0.000100        0.006769        0.042311
     315        0.000100        0.006621        0.041929
     316        0.000100        0.006856        0.045358
     317        0.000100        0.006676        0.042754
     318        0.000100        0.006713        0.042841
     319        0.000100        0.006667        0.042603
     320        0.000100        0.006609        0.043250
     321        0.000100        0.006613        0.042735
     322        0.000100        0.007088        0.046845
     323        0.000100        0.006905        0.044044
     324        0.000100        0.006879        0.044017
     325        0.000100        0.006699        0.041862
     326        0.000100        0.006529        0.042828
     327        0.000100        0.006792        0.042713
     328        0.000100        0.006701        0.042546
     329        0.000100        0.006461        0.041331
     330        0.000100        0.006647        0.042539
     331        0.000100        0.006697        0.042601
     332        0.000100        0.006418        0.041061
     333        0.000100        0.006364        0.040776
     334        0.000100        0.006580        0.041996
     335        0.000100        0.007532        0.049438
     336        0.000100        0.006964        0.045768
     337        0.000100        0.006843        0.043440
     338        0.000100        0.006546        0.041453
     339        0.000100        0.007344        0.048261
     340        0.000100        0.006684        0.042095
     341        0.000100        0.006597        0.042060
     342        0.000100        0.006560        0.042482
     343        0.000100        0.006806        0.045130
     344        0.000100        0.006897        0.046810
     345        0.000100        0.006579        0.043040
     346        0.000100        0.006440        0.041866
     347        0.000100        0.006389        0.040768
     348        0.000100        0.006758        0.043084
     349        0.000100        0.006554        0.041225
     350        0.000100        0.006625        0.042947
     351        0.000100        0.006448        0.040413
     352        0.000100        0.007081        0.048714
     353        0.000100        0.006984        0.045181
     354        0.000100        0.006396        0.040035
     355        0.000100        0.006929        0.045206
     356        0.000100        0.006656        0.043576
     357        0.000100        0.006406        0.040360
     358        0.000100        0.006463        0.042114
     359        0.000100        0.006359        0.040128
     360        0.000100        0.006429        0.040590
     361        0.000100        0.006264        0.040062
     362        0.000100        0.006433        0.039844
     363        0.000100        0.006544        0.041355
     364        0.000100        0.006385        0.040445
     365        0.000100        0.006255        0.039873
     366        0.000100        0.006337        0.039913
     367        0.000100        0.006409        0.040959
     368        0.000100        0.006182        0.039502
     369        0.000100        0.006230        0.039813
     370        0.000100        0.006294        0.040037
     371        0.000100        0.006367        0.041697
     372        0.000100        0.006394        0.041960
     373        0.000100        0.006527        0.040798
     374        0.000100        0.006244        0.040281
     375        0.000100        0.006366        0.040644
     376        0.000100        0.006311        0.040886
     377        0.000100        0.006281        0.041520
     378        0.000100        0.006426        0.040531
     379        0.000100        0.006328        0.039644
     380        0.000100        0.006230        0.040247
     381        0.000100        0.006228        0.039400
     382        0.000100        0.006146        0.039658
     383        0.000100        0.006420        0.040558
     384        0.000100        0.006330        0.039577
     385        0.000100        0.006343        0.041582
     386        0.000100        0.006193        0.039472
     387        0.000100        0.006657        0.042681
     388        0.000100        0.006183        0.038753
     389        0.000100        0.006188        0.039993
     390        0.000100        0.006909        0.045465
     391        0.000100        0.006780        0.043901
     392        0.000100        0.006540        0.042494
     393        0.000100        0.006335        0.042504
     394        0.000100        0.006155        0.039771
     395        0.000100        0.006476        0.040566
     396        0.000100        0.006329        0.040878
     397        0.000100        0.006058        0.039217
     398        0.000100        0.006248        0.039390
     399        0.000100        0.005980        0.038745
     400        0.000100        0.006203        0.039140
     401        0.000100        0.006373        0.041266
     402        0.000100        0.006217        0.039106
     403        0.000100        0.006165        0.038972
     404        0.000100        0.006496        0.041657
     405        0.000100        0.006062        0.038888
     406        0.000100        0.006193        0.040251
     407        0.000100        0.006691        0.043392
     408        0.000100        0.006103        0.038272
     409        0.000100        0.006295        0.039900
     410        0.000100        0.006052        0.039029
     411        0.000100        0.005813        0.038561
     412        0.000100        0.006342        0.041045
     413        0.000100        0.006248        0.042340
     414        0.000100        0.006501        0.042808
     415        0.000100        0.006173        0.040741
     416        0.000100        0.006000        0.039480
     417        0.000100        0.006022        0.039261
     418        0.000100        0.006222        0.040918
     419        0.000100        0.006177        0.039954
     420        0.000100        0.006192        0.040423
     421        0.000100        0.006055        0.038363
     422        0.000100        0.006078        0.039846
     423        0.000100        0.006132        0.039301
     424        0.000100        0.006070        0.038688
     425        0.000100        0.006079        0.038351
     426        0.000100        0.006099        0.038060
     427        0.000100        0.006364        0.042127
     428        0.000100        0.005970        0.037688
     429        0.000100        0.005921        0.037573
     430        0.000100        0.006259        0.039595
     431        0.000100        0.005983        0.038277
     432        0.000100        0.006890        0.048185
     433        0.000100        0.005933        0.037656
     434        0.000100        0.006384        0.041280
     435        0.000100        0.005997        0.038452
     436        0.000100        0.005985        0.038386
     437        0.000100        0.006089        0.038502
     438        0.000100        0.006006        0.038167
     439        0.000100        0.006089        0.040064
     440        0.000100        0.006385        0.041932
     441        0.000100        0.005921        0.037848
     442        0.000100        0.005998        0.037653
     443        0.000100        0.005998        0.037671
     444        0.000100        0.005882        0.037529
     445        0.000100        0.005883        0.037215
     446        0.000100        0.005969        0.038346
     447        0.000100        0.005900        0.037753
     448        0.000100        0.006109        0.038768
     449        0.000100        0.006061        0.039297
     450        0.000100        0.006337        0.041489
     451        0.000100        0.005893        0.037789
     452        0.000100        0.006012        0.039582
     453        0.000100        0.006862        0.045912
     454        0.000100        0.006323        0.041293
     455        0.000100        0.006340        0.043269
     456        0.000100        0.005909        0.037713
     457        0.000100        0.005990        0.037692
     458        0.000100        0.006303        0.043168
     459        0.000100        0.005949        0.037689
     460        0.000100        0.006356        0.041810
     461        0.000100        0.006282        0.040123
     462        0.000100        0.005941        0.038005
     463        0.000100        0.005892        0.037070
     464        0.000100        0.006011        0.038279
     465        0.000100        0.006001        0.037733
     466        0.000100        0.005917        0.038208
     467        0.000100        0.006326        0.041809
     468        0.000100        0.005897        0.037938
     469        0.000100        0.006044        0.038349
     470        0.000100        0.005811        0.037604
     471        0.000100        0.005866        0.037189
     472        0.000100        0.006014        0.037887
     473        0.000100        0.006047        0.038421
     474        0.000100        0.006137        0.040778
     475        0.000100        0.006015        0.038618
     476        0.000100        0.005968        0.038422
     477        0.000100        0.005830        0.037638
     478        0.000100        0.005967        0.038408
     479        0.000100        0.005959        0.036733
     480        0.000100        0.005773        0.036765
     481        0.000100        0.005924        0.038150
     482        0.000100        0.005913        0.038211
     483        0.000100        0.006104        0.036983
     484        0.000100        0.005802        0.036853
     485        0.000100        0.005994        0.037009
     486        0.000100        0.005969        0.037184
     487        0.000100        0.005865        0.038579
     488        0.000100        0.005804        0.036850
     489        0.000100        0.005873        0.038354
     490        0.000100        0.005762        0.036472
     491        0.000100        0.005800        0.036612
     492        0.000100        0.006042        0.038306
     493        0.000100        0.005946        0.039697
     494        0.000100        0.005897        0.037126
     495        0.000100        0.005913        0.036915
     496        0.000100        0.005868        0.038120
     497        0.000100        0.005764        0.036600
     498        0.000100        0.005963        0.037657
     499        0.000100        0.005803        0.036742
     500        0.000100        0.005793        0.036815
     501        0.000100        0.006082        0.039251
     502        0.000100        0.005951        0.038082
     503        0.000100        0.005801        0.037249
     504        0.000100        0.006976        0.046668
     505        0.000100        0.005787        0.036968
     506        0.000100        0.006027        0.037567
     507        0.000100        0.005886        0.037432
     508        0.000100        0.005927        0.037086
     509        0.000100        0.005916        0.037409
     510        0.000100        0.005966        0.040469
     511        0.000100        0.005854        0.037577
     512        0.000100        0.006159        0.038407
     513        0.000100        0.006290        0.040521
     514        0.000100        0.005964        0.039767
     515        0.000100        0.005957        0.037352
     516        0.000100        0.005706        0.035980
     517        0.000100        0.005902        0.037873
     518        0.000100        0.005761        0.036333
     519        0.000100        0.005580        0.036322
     520        0.000100        0.005856        0.037433
     521        0.000100        0.005677        0.035878
     522        0.000100        0.005755        0.036450
     523        0.000100        0.005746        0.035688
     524        0.000100        0.005844        0.036433
     525        0.000100        0.005734        0.036547
     526        0.000100        0.005857        0.036837
     527        0.000100        0.005841        0.038420
     528        0.000100        0.005821        0.036599
     529        0.000100        0.006053        0.038452
     530        0.000100        0.005776        0.036445
     531        0.000100        0.005901        0.038692
     532        0.000100        0.005759        0.035813
     533        0.000100        0.005635        0.036264
     534        0.000100        0.005835        0.037923
     535        0.000100        0.006310        0.042066
     536        0.000100        0.006329        0.041637
     537        0.000100        0.006019        0.038575
     538        0.000100        0.005741        0.036832
     539        0.000100        0.006111        0.039684
     540        0.000100        0.005976        0.036242
     541        0.000100        0.005816        0.036538
     542        0.000100        0.005971        0.036692
     543        0.000100        0.005795        0.036322
     544        0.000100        0.005786        0.035923
     545        0.000100        0.005737        0.035716
     546        0.000100        0.006569        0.042605
     547        0.000100        0.005630        0.036010
     548        0.000100        0.005782        0.036115
     549        0.000100        0.006379        0.043938
     550        0.000100        0.005766        0.036399
     551        0.000100        0.005719        0.035744
     552        0.000100        0.005848        0.036290
     553        0.000100        0.005896        0.035967
     554        0.000100        0.005673        0.035534
     555        0.000100        0.005731        0.035786
     556        0.000100        0.005683        0.035700
     557        0.000100        0.005738        0.035446
     558        0.000100        0.005799        0.036401
     559        0.000100        0.005839        0.035663
     560        0.000100        0.005891        0.036373
     561        0.000100        0.005641        0.035398
     562        0.000100        0.005866        0.035496
     563        0.000100        0.005989        0.037034
     564        0.000100        0.005970        0.037459
     565        0.000100        0.005812        0.035812
     566        0.000100        0.005818        0.036849
     567        0.000100        0.005999        0.036154
     568        0.000100        0.005800        0.036037
     569        0.000100        0.005693        0.034866
     570        0.000100        0.005658        0.035696
     571        0.000100        0.005945        0.036489
     572        0.000100        0.005847        0.036181
     573        0.000100        0.005695        0.035219
     574        0.000100        0.005832        0.037189
     575        0.000100        0.005771        0.035701
     576        0.000100        0.005946        0.036249
     577        0.000100        0.005827        0.035470
     578        0.000100        0.005938        0.036699
     579        0.000100        0.006061        0.038417
     580        0.000100        0.005761        0.036264
     581        0.000100        0.005694        0.035535
     582        0.000100        0.005917        0.037480
     583        0.000100        0.005856        0.036133
     584        0.000100        0.006309        0.041244
     585        0.000100        0.005867        0.037137
     586        0.000100        0.005754        0.035650
     587        0.000100        0.005984        0.036719
     588        0.000100        0.005991        0.039753
     589        0.000100        0.005870        0.035596
     590        0.000100        0.005790        0.035325
     591        0.000100        0.005823        0.035074
     592        0.000100        0.005666        0.035501
     593        0.000100        0.005872        0.035862
     594        0.000100        0.006514        0.042614
     595        0.000100        0.005941        0.037386
     596        0.000100        0.006052        0.038746
     597        0.000100        0.005873        0.037717
     598        0.000100        0.005784        0.035696
     599        0.000100        0.006016        0.039215
     600        0.000100        0.005709        0.035423
     601        0.000100        0.005694        0.037700
     602        0.000100        0.005888        0.035464
     603        0.000100        0.005741        0.035107
     604        0.000100        0.006127        0.042106
     605        0.000100        0.005883        0.035820
     606        0.000100        0.005743        0.035247
     607        0.000100        0.005863        0.036231
     608        0.000100        0.005852        0.035467
     609        0.000100        0.005895        0.035636
     610        0.000100        0.005741        0.034773
     611        0.000100        0.005751        0.035490
     612        0.000100        0.005713        0.035543
     613        0.000100        0.006048        0.038644
     614        0.000100        0.005879        0.035819
     615        0.000100        0.005691        0.035340
     616        0.000100        0.005761        0.035050
     617        0.000100        0.005971        0.037048
     618        0.000100        0.006284        0.039781
     619        0.000100        0.006000        0.037581
     620        0.000100        0.005831        0.034963
     621        0.000100        0.005957        0.036439
     622        0.000100        0.005701        0.035111
     623        0.000100        0.006295        0.039070
     624        0.000100        0.005896        0.035795
     625        0.000100        0.005887        0.036070
     626        0.000100        0.005864        0.035007
     627        0.000100        0.005942        0.037381
     628        0.000100        0.005878        0.035563
     629        0.000100        0.005831        0.035020
     630        0.000100        0.005799        0.035037
     631        0.000100        0.005795        0.034514
     632        0.000100        0.006415        0.040434
     633        0.000100        0.005707        0.035608
     634        0.000100        0.005917        0.035115
     635        0.000100        0.005847        0.034726
     636        0.000100        0.005881        0.036911
     637        0.000100        0.006146        0.038724
     638        0.000100        0.006074        0.038697
     639        0.000100        0.005697        0.036860
     640        0.000100        0.005937        0.035783
     641        0.000100        0.005786        0.036356
     642        0.000100        0.005772        0.034722
     643        0.000100        0.005792        0.034652
     644        0.000100        0.005967        0.036474
     645        0.000100        0.005896        0.037123
     646        0.000100        0.005746        0.034948
     647        0.000100        0.005931        0.037582
     648        0.000100        0.006221        0.040644
     649        0.000100        0.005718        0.035035
     650        0.000100        0.005695        0.035044
     651        0.000100        0.005958        0.037426
     652        0.000100        0.005958        0.037733
     653        0.000100        0.005969        0.038615
     654        0.000100        0.005812        0.034665
     655        0.000100        0.006071        0.039311
     656        0.000100        0.005877        0.035383
     657        0.000100        0.005837        0.034664
     658        0.000100        0.005996        0.035737
     659        0.000100        0.005896        0.035670
     660        0.000100        0.005838        0.035445
     661        0.000100        0.005858        0.035723
     662        0.000100        0.005767        0.034237
     663        0.000100        0.005824        0.035316
     664        0.000100        0.005796        0.035963
     665        0.000100        0.005794        0.035023
     666        0.000100        0.006065        0.037422
     667        0.000100        0.005972        0.035220
     668        0.000100        0.005705        0.034454
     669        0.000100        0.006100        0.035674
     670        0.000100        0.005873        0.035310
     671        0.000100        0.005959        0.034866
     672        0.000100        0.005986        0.036613
     673        0.000100        0.005889        0.035178
     674        0.000100        0.006389        0.043376
     675        0.000100        0.006108        0.038323
     676        0.000100        0.005834        0.035530
     677        0.000100        0.005878        0.034412
     678        0.000100        0.005878        0.034624
     679        0.000100        0.005854        0.034723
     680        0.000100        0.005921        0.035737
     681        0.000100        0.006192        0.039820
     682        0.000100        0.006039        0.037593
     683        0.000100        0.005769        0.035009
     684        0.000100        0.006269        0.040476
     685        0.000100        0.006042        0.037528
     686        0.000100        0.006368        0.042432
     687        0.000100        0.005839        0.035003
     688        0.000100        0.005794        0.034412
     689        0.000100        0.005770        0.035628
     690        0.000100        0.005990        0.036723
     691        0.000100        0.005880        0.035394
     692        0.000100        0.006309        0.040378
     693        0.000100        0.005961        0.035120
     694        0.000100        0.005910        0.035196
     695        0.000100        0.005770        0.034268
     696        0.000100        0.005937        0.035242
     697        0.000100        0.006306        0.038022
     698        0.000100        0.005941        0.035321
     699        0.000100        0.005873        0.034612
     700        0.000100        0.005769        0.034213
     701        0.000100        0.005777        0.034155
     702        0.000100        0.005795        0.034441
     703        0.000100        0.006098        0.037390
     704        0.000100        0.005887        0.036199
     705        0.000100        0.005835        0.034468
     706        0.000100        0.005928        0.038751
     707        0.000100        0.006231        0.035607
     708        0.000100        0.005858        0.035363
     709        0.000100        0.005787        0.034502
     710        0.000100        0.006257        0.039460
     711        0.000100        0.005888        0.035042
     712        0.000100        0.005749        0.034487
     713        0.000100        0.005966        0.035300
     714        0.000100        0.005942        0.035077
     715        0.000100        0.005746        0.034340
     716        0.000100        0.005755        0.034145
     717        0.000100        0.006084        0.034928
     718        0.000100        0.005931        0.034206
     719        0.000100        0.005745        0.034506
     720        0.000100        0.006106        0.034035
     721        0.000100        0.005998        0.035482
     722        0.000100        0.005870        0.034170
     723        0.000100        0.005883        0.033934
     724        0.000100        0.005969        0.035595
     725        0.000100        0.005896        0.036607
     726        0.000100        0.005982        0.035728
     727        0.000100        0.005907        0.034759
     728        0.000100        0.005852        0.034629
     729        0.000100        0.006147        0.036255
     730        0.000100        0.006075        0.037460
     731        0.000100        0.006150        0.038267
     732        0.000100        0.006408        0.038782
     733        0.000100        0.005898        0.035050
     734        0.000100        0.005855        0.034389
     735        0.000100        0.006157        0.039748
     736        0.000100        0.006074        0.034938
     737        0.000100        0.005926        0.034158
     738        0.000100        0.006149        0.036917
     739        0.000100        0.006099        0.035746
     740        0.000100        0.005818        0.034012
     741        0.000100        0.005879        0.034617
     742        0.000100        0.005792        0.033784
     743        0.000100        0.006029        0.035122
     744        0.000100        0.005966        0.034804
     745        0.000100        0.005881        0.034146
     746        0.000100        0.005927        0.035270
     747        0.000100        0.005908        0.034036
     748        0.000100        0.005985        0.037396
     749        0.000100        0.005996        0.034622
     750        0.000100        0.005795        0.034435
     751        0.000100        0.006163        0.038739
     752        0.000100        0.005927        0.034539
     753        0.000100        0.005978        0.034736
     754        0.000100        0.005844        0.033678
     755        0.000100        0.005888        0.035496
     756        0.000100        0.005864        0.034179
     757        0.000100        0.005865        0.033837
     758        0.000100        0.005780        0.034698
     759        0.000100        0.005983        0.035189
     760        0.000100        0.006009        0.034266
     761        0.000100        0.005938        0.035934
     762        0.000100        0.006195        0.037249
     763        0.000100        0.006445        0.035327
     764        0.000100        0.006527        0.040076
     765        0.000100        0.006226        0.040646
     766        0.000100        0.006036        0.034192
     767        0.000100        0.006130        0.036466
     768        0.000100        0.005994        0.035219
     769        0.000100        0.006251        0.037259
     770        0.000100        0.005850        0.033529
     771        0.000100        0.005940        0.035033
     772        0.000100        0.005836        0.034154
     773        0.000100        0.005874        0.034272
     774        0.000100        0.006083        0.035607
     775        0.000100        0.006055        0.036318
     776        0.000100        0.005878        0.034947
     777        0.000100        0.005874        0.034285
     778        0.000100        0.005988        0.035027
     779        0.000100        0.005841        0.033380
     780        0.000100        0.005840        0.033720
     781        0.000100        0.005994        0.034253
     782        0.000100        0.005993        0.034516
     783        0.000100        0.005912        0.033748
     784        0.000100        0.005743        0.033818
     785        0.000100        0.005967        0.034148
     786        0.000100        0.005891        0.034449
     787        0.000100        0.005953        0.034064
     788        0.000100        0.006036        0.034965
     789        0.000100        0.005797        0.034087
     790        0.000100        0.006013        0.034147
     791        0.000100        0.006134        0.035695
     792        0.000100        0.005896        0.033736
     793        0.000100        0.005854        0.034328
     794        0.000100        0.005885        0.035344
     795        0.000100        0.005918        0.033983
     796        0.000100        0.006171        0.038219
     797        0.000100        0.006016        0.034807
     798        0.000100        0.006084        0.035576
     799        0.000100        0.006340        0.038395
     800        0.000100        0.005775        0.033517
     801        0.000100        0.006403        0.038935
     802        0.000100        0.005969        0.033828
     803        0.000100        0.006043        0.035692
     804        0.000100        0.006090        0.037051
     805        0.000100        0.005953        0.036315
     806        0.000100        0.005879        0.033634
     807        0.000100        0.006170        0.038836
     808        0.000100        0.005991        0.034108
     809        0.000100        0.005864        0.033976
     810        0.000100        0.006015        0.034187
     811        0.000100        0.006131        0.037750
     812        0.000100        0.006090        0.036130
     813        0.000100        0.006325        0.036713
     814        0.000100        0.006117        0.037483
     815        0.000100        0.005941        0.033310
     816        0.000100        0.006004        0.034579
     817        0.000100        0.005957        0.033604
     818        0.000100        0.005999        0.034288
     819        0.000100        0.006465        0.040096
     820        0.000100        0.005796        0.033864
     821        0.000100        0.006014        0.034174
     822        0.000100        0.005935        0.033258
     823        0.000100        0.005937        0.034796
     824        0.000100        0.005928        0.034405
     825        0.000100        0.006016        0.034558
     826        0.000100        0.005905        0.033711
     827        0.000100        0.006051        0.034642
     828        0.000100        0.006037        0.034150
     829        0.000100        0.005937        0.034366
     830        0.000100        0.005903        0.033833
     831        0.000100        0.006075        0.034751
     832        0.000100        0.005954        0.034330
     833        0.000100        0.005932        0.033388
     834        0.000100        0.006141        0.035318
     835        0.000100        0.005951        0.033964
     836        0.000100        0.006275        0.038442
     837        0.000100        0.005864        0.033518
     838        0.000100        0.005800        0.034204
     839        0.000100        0.006062        0.033877
     840        0.000100        0.006001        0.035774
     841        0.000100        0.006042        0.034276
     842        0.000100        0.005888        0.033467
     843        0.000100        0.006320        0.036494
     844        0.000100        0.005915        0.033117
     845        0.000100        0.005991        0.033977
     846        0.000100        0.005967        0.034164
     847        0.000100        0.006023        0.036189
     848        0.000100        0.005929        0.033911
     849        0.000100        0.005882        0.033289
     850        0.000100        0.006058        0.034449
     851        0.000100        0.005945        0.033766
     852        0.000100        0.006268        0.035203
     853        0.000100        0.005866        0.034032
     854        0.000100        0.005951        0.034064
     855        0.000100        0.005902        0.033687
     856        0.000100        0.005921        0.033706
     857        0.000100        0.005892        0.034451
     858        0.000100        0.005958        0.033185
     859        0.000100        0.006107        0.034105
     860        0.000100        0.006056        0.033940
     861        0.000100        0.005890        0.033225
     862        0.000100        0.005929        0.033438
     863        0.000100        0.006161        0.036050
     864        0.000100        0.006084        0.033812
     865        0.000100        0.006080        0.033510
     866        0.000100        0.006094        0.033631
     867        0.000100        0.006125        0.034938
     868        0.000100        0.006095        0.034679
     869        0.000100        0.006035        0.034853
     870        0.000100        0.005903        0.033845
     871        0.000100        0.006412        0.035578
     872        0.000100        0.005928        0.033336
     873        0.000100        0.006163        0.034919
     874        0.000100        0.006028        0.033085
     875        0.000100        0.005986        0.033847
     876        0.000100        0.005876        0.032792
     877        0.000100        0.006105        0.034680
     878        0.000100        0.005891        0.033438
     879        0.000100        0.005836        0.033196
     880        0.000100        0.005876        0.033201
     881        0.000100        0.006592        0.042318
     882        0.000100        0.005961        0.034082
     883        0.000100        0.006031        0.033610
     884        0.000100        0.006158        0.037034
     885        0.000100        0.006533        0.036338
     886        0.000100        0.005855        0.033133
     887        0.000100        0.006282        0.038591
     888        0.000100        0.006588        0.038338
     889        0.000100        0.005957        0.033170
     890        0.000100        0.005907        0.033122
     891        0.000100        0.006005        0.033728
     892        0.000100        0.005972        0.034634
     893        0.000100        0.005924        0.033093
     894        0.000100        0.006032        0.034032
     895        0.000100        0.006018        0.034222
     896        0.000100        0.005910        0.033283
     897        0.000100        0.006033        0.033324
     898        0.000100        0.006065        0.034677
     899        0.000100        0.005949        0.033275
     900        0.000100        0.005888        0.032778
     901        0.000100        0.006396        0.040021
     902        0.000100        0.006252        0.036722
     903        0.000100        0.006031        0.035832
     904        0.000100        0.006229        0.035490
     905        0.000100        0.005964        0.034941
     906        0.000100        0.005931        0.034118
     907        0.000100        0.006422        0.038313
     908        0.000100        0.006033        0.032987
     909        0.000100        0.005980        0.033447
     910        0.000100        0.006139        0.035399
     911        0.000100        0.006006        0.033219
     912        0.000100        0.005965        0.033066
     913        0.000100        0.006044        0.034051
     914        0.000100        0.005917        0.033542
     915        0.000100        0.005967        0.033238
     916        0.000100        0.005994        0.033725
     917        0.000100        0.005992        0.033220
     918        0.000100        0.006056        0.033580
     919        0.000100        0.006046        0.033669
     920        0.000100        0.005995        0.033168
     921        0.000100        0.006160        0.033156
     922        0.000100        0.006002        0.033353
     923        0.000100        0.006313        0.036809
     924        0.000100        0.006045        0.033889
     925        0.000100        0.006023        0.033048
     926        0.000100        0.005911        0.033315
     927        0.000100        0.006323        0.033467
     928        0.000100        0.006038        0.035493
     929        0.000100        0.006001        0.033099
     930        0.000100        0.006313        0.035648
     931        0.000100        0.006048        0.032949
     932        0.000100        0.006001        0.033626
     933        0.000100        0.006138        0.034544
     934        0.000100        0.006113        0.034997
     935        0.000100        0.005919        0.032797
     936        0.000100        0.006040        0.033131
     937        0.000100        0.005990        0.034153
     938        0.000100        0.006481        0.038109
     939        0.000100        0.006136        0.034112
     940        0.000100        0.005946        0.032880
     941        0.000100        0.006204        0.034216
     942        0.000100        0.006071        0.033421
     943        0.000100        0.006049        0.033136
     944        0.000100        0.006071        0.034076
     945        0.000100        0.006402        0.037321
     946        0.000100        0.006310        0.035657
     947        0.000100        0.006050        0.033363
     948        0.000100        0.005982        0.033496
     949        0.000100        0.006063        0.034196
     950        0.000100        0.005986        0.032685
     951        0.000100        0.005957        0.033919
     952        0.000100        0.006018        0.032678
     953        0.000100        0.006081        0.033363
     954        0.000100        0.006104        0.033333
     955        0.000100        0.006041        0.033668
     956        0.000100        0.006279        0.035089
     957        0.000100        0.005990        0.033240
     958        0.000100        0.006284        0.035001
     959        0.000100        0.006619        0.039186
     960        0.000100        0.006044        0.032774
     961        0.000100        0.006128        0.033615
     962        0.000100        0.006060        0.032798
     963        0.000100        0.006094        0.033202
     964        0.000100        0.006204        0.034253
     965        0.000100        0.005989        0.032863
     966        0.000100        0.006084        0.033213
     967        0.000100        0.006143        0.034300
     968        0.000100        0.006224        0.034625
     969        0.000100        0.006028        0.035297
     970        0.000100        0.006269        0.036926
     971        0.000100        0.006184        0.034944
     972        0.000100        0.006170        0.035837
     973        0.000100        0.006097        0.033799
     974        0.000100        0.006190        0.033563
     975        0.000100        0.006001        0.032589
     976        0.000100        0.006000        0.033808
     977        0.000100        0.005979        0.033490
     978        0.000100        0.006132        0.033256
     979        0.000100        0.006070        0.033134
     980        0.000100        0.006169        0.033203
     981        0.000100        0.006195        0.033148
     982        0.000100        0.006536        0.042557
     983        0.000100        0.006198        0.033158
     984        0.000100        0.006299        0.035286
     985        0.000100        0.006139        0.033280
     986        0.000100        0.006225        0.034847
     987        0.000100        0.006202        0.033477
     988        0.000100        0.006022        0.033071
     989        0.000100        0.006089        0.033037
     990        0.000100        0.006252        0.033061
     991        0.000100        0.006106        0.033945
     992        0.000100        0.006166        0.032956
     993        0.000100        0.006201        0.033816
     994        0.000100        0.006253        0.035179
     995        0.000100        0.006179        0.033325
     996        0.000100        0.006076        0.033525
     997        0.000100        0.006101        0.033767
     998        0.000100        0.006160        0.033455
     999        0.000100        0.006172        0.033631
    1000        0.000100        0.006100        0.034949
    1001        0.000100        0.006164        0.034341
    1002        0.000100        0.006013        0.033937
    1003        0.000100        0.006144        0.034196
    1004        0.000100        0.006315        0.034081
    1005        0.000100        0.006052        0.035218
    1006        0.000100        0.006152        0.033173
    1007        0.000100        0.006702        0.038292
    1008        0.000100        0.006290        0.034408
    1009        0.000100        0.005984        0.033428
    1010        0.000100        0.006204        0.033577
    1011        0.000100        0.006062        0.032674
    1012        0.000100        0.006189        0.033931
    1013        0.000100        0.006187        0.033276
    1014        0.000100        0.006112        0.033256
    1015        0.000100        0.006094        0.033191
    1016        0.000100        0.006163        0.034050
    1017        0.000100        0.006069        0.032617
    1018        0.000100        0.006081        0.034098
    1019        0.000100        0.006145        0.034718
    1020        0.000100        0.006649        0.042489
    1021        0.000100        0.006321        0.037106
    1022        0.000100        0.006100        0.032630
    1023        0.000100        0.006316        0.038512
    1024        0.000100        0.006183        0.033204
    1025        0.000100        0.006138        0.034246
    1026        0.000100        0.006241        0.033747
    1027        0.000100        0.006060        0.032947
    1028        0.000100        0.006020        0.033013
    1029        0.000100        0.006814        0.037840
    1030        0.000100        0.005947        0.033588
    1031        0.000100        0.006077        0.033620
    1032        0.000100        0.006046        0.032302
    1033        0.000100        0.006266        0.036712
    1034        0.000100        0.006191        0.032819
    1035        0.000100        0.006132        0.034178
    1036        0.000100        0.006171        0.033135
    1037        0.000100        0.006201        0.035700
    1038        0.000100        0.006158        0.032677
    1039        0.000100        0.006189        0.034135
    1040        0.000100        0.006076        0.033030
    1041        0.000100        0.006028        0.033090
    1042        0.000100        0.006162        0.035006
    1043        0.000100        0.006076        0.032742
    1044        0.000100        0.006398        0.035274
    1045        0.000100        0.006085        0.033917
    1046        0.000100        0.005937        0.033637
    1047        0.000100        0.006013        0.033049
    1048        0.000100        0.006007        0.032640
    1049        0.000100        0.006226        0.034551
    1050        0.000100        0.006043        0.033250
    1051        0.000100        0.006516        0.040940
    1052        0.000100        0.006202        0.033472
    1053        0.000100        0.006100        0.033094
    1054        0.000100        0.006405        0.035607
    1055        0.000100        0.006065        0.032715
    1056        0.000100        0.006126        0.033611
    1057        0.000100        0.006188        0.032736
    1058        0.000100        0.006121        0.033894
    1059        0.000100        0.006138        0.034604
    1060        0.000100        0.005957        0.033561
    1061        0.000100        0.006456        0.037518
    1062        0.000100        0.006218        0.034566
    1063        0.000100        0.006231        0.032789
    1064        0.000100        0.006012        0.033417
    1065        0.000100        0.006100        0.033301
    1066        0.000100        0.005949        0.032924
    1067        0.000100        0.006067        0.035797
    1068        0.000100        0.006253        0.034183
    1069        0.000100        0.006143        0.032678
    1070        0.000100        0.006329        0.037412
    1071        0.000100        0.006117        0.032987
    1072        0.000100        0.006131        0.032563
    1073        0.000100        0.006146        0.034555
    1074        0.000100        0.006108        0.032797
    1075        0.000100        0.006002        0.032405
    1076        0.000100        0.006158        0.034005
    1077        0.000100        0.006194        0.034356
    1078        0.000100        0.006112        0.034321
    1079        0.000100        0.006121        0.033342
    1080        0.000100        0.006642        0.037635
    1081        0.000100        0.006088        0.032543
    1082        0.000100        0.006023        0.032544
    1083        0.000100        0.006223        0.034645
    1084        0.000100        0.006230        0.033453
    1085        0.000100        0.006096        0.032400
    1086        0.000100        0.006003        0.032991
    1087        0.000100        0.006310        0.036727
    1088        0.000100        0.006110        0.033068
    1089        0.000100        0.006101        0.032667
    1090        0.000100        0.006118        0.032492
    1091        0.000100        0.006133        0.032497
    1092        0.000100        0.006161        0.033315
    1093        0.000100        0.006104        0.033274
    1094        0.000100        0.006236        0.032506
    1095        0.000100        0.006114        0.034850
    1096        0.000100        0.006188        0.034257
    1097        0.000100        0.006151        0.033130
    1098        0.000100        0.006218        0.032932
    1099        0.000100        0.006225        0.034132
    1100        0.000100        0.006321        0.035089
    1101        0.000100        0.006099        0.033519
    1102        0.000100        0.006080        0.033356
    1103        0.000100        0.006266        0.033461
    1104        0.000100        0.006756        0.039978
    1105        0.000100        0.006178        0.032821
    1106        0.000100        0.006183        0.033600
    1107        0.000100        0.006132        0.032890
    1108        0.000100        0.006138        0.032686
    1109        0.000100        0.006061        0.032730
    1110        0.000100        0.006239        0.034837
    1111        0.000100        0.006350        0.037349
    1112        0.000100        0.006270        0.034077
    1113        0.000100        0.006132        0.032546
    1114        0.000100        0.006293        0.033568
    1115        0.000100        0.006180        0.033719
    1116        0.000100        0.006251        0.034019
    1117        0.000100        0.006208        0.033676
    1118        0.000100        0.006283        0.034372
    1119        0.000100        0.006177        0.032816
    1120        0.000100        0.006254        0.033238
    1121        0.000100        0.006116        0.033001
    1122        0.000100        0.006082        0.032404
    1123        0.000100        0.006053        0.032673
    1124        0.000100        0.006436        0.034977
    1125        0.000100        0.006093        0.032841
    1126        0.000100        0.006190        0.033045
    1127        0.000100        0.006261        0.034310
    1128        0.000100        0.006192        0.033032
    1129        0.000100        0.005998        0.032645
    1130        0.000100        0.006079        0.032853
    1131        0.000100        0.006149        0.032831
    1132        0.000100        0.006336        0.035628
    1133        0.000100        0.006305        0.032871
    1134        0.000100        0.006134        0.033936
    1135        0.000100        0.006217        0.033092
    1136        0.000100        0.006196        0.032842
    1137        0.000100        0.006199        0.035041
    1138        0.000100        0.006296        0.035235
    1139        0.000100        0.006046        0.033383
    1140        0.000100        0.006016        0.032203
    1141        0.000100        0.006306        0.032726
    1142        0.000100        0.006188        0.033166
    1143        0.000100        0.006107        0.032518
    1144        0.000100        0.006021        0.032272
    1145        0.000100        0.006288        0.033738
    1146        0.000100        0.006094        0.033912
    1147        0.000100        0.006132        0.032519
    1148        0.000100        0.006068        0.032125
    1149        0.000100        0.006215        0.032622
    1150        0.000100        0.006161        0.033980
    1151        0.000100        0.006358        0.034723
    1152        0.000100        0.006255        0.035318
    1153        0.000100        0.006347        0.034557
    1154        0.000100        0.006075        0.032440
    1155        0.000100        0.006488        0.037756
    1156        0.000100        0.006602        0.039718
    1157        0.000100        0.006093        0.032322
    1158        0.000100        0.006070        0.032987
    1159        0.000100        0.006141        0.032625
    1160        0.000100        0.006520        0.035657
    1161        0.000100        0.006376        0.034461
    1162        0.000100        0.006090        0.032777
    1163        0.000100        0.006221        0.032513
    1164        0.000100        0.006176        0.033037
    1165        0.000100        0.006381        0.034626
    1166        0.000100        0.006214        0.034014
    1167        0.000100        0.006349        0.034701
    1168        0.000100        0.006161        0.032693
    1169        0.000100        0.006270        0.034459
    1170        0.000100        0.006159        0.032678
    1171        0.000100        0.006135        0.032342
    1172        0.000100        0.006218        0.034961
    1173        0.000100        0.006110        0.032500
    1174        0.000100        0.006136        0.033013
    1175        0.000100        0.006163        0.032330
    1176        0.000100        0.006151        0.032415
    1177        0.000100        0.006161        0.034114
    1178        0.000100        0.006048        0.032405
    1179        0.000100        0.006178        0.032754
    1180        0.000100        0.006224        0.032509
    1181        0.000100        0.006447        0.036223
    1182        0.000100        0.006181        0.032687
    1183        0.000100        0.006171        0.033059
    1184        0.000100        0.006120        0.032186
    1185        0.000100        0.006499        0.038485
    1186        0.000100        0.006208        0.032443
    1187        0.000100        0.006196        0.033181
    1188        0.000100        0.006417        0.034440
    1189        0.000100        0.006303        0.032852
    1190        0.000100        0.006206        0.032604
    1191        0.000100        0.006368        0.034844
    1192        0.000100        0.006074        0.032606
    1193        0.000100        0.006189        0.033467
    1194        0.000100        0.006127        0.032274
    1195        0.000100        0.006148        0.032345
    1196        0.000100        0.006385        0.034594
    1197        0.000100        0.006341        0.033591
    1198        0.000100        0.006100        0.032182
    1199        0.000100        0.006257        0.033156
    1200        0.000100        0.006178        0.032412
    1201        0.000100        0.006222        0.032652
    1202        0.000100        0.006263        0.032690
    1203        0.000100        0.006157        0.034358
    1204        0.000100        0.006248        0.032059
    1205        0.000100        0.006403        0.034315
    1206        0.000100        0.006178        0.032621
    1207        0.000100        0.006289        0.033412
    1208        0.000100        0.006387        0.033335
    1209        0.000100        0.006454        0.037426
    1210        0.000100        0.006159        0.033376
    1211        0.000100        0.006522        0.034478
    1212        0.000100        0.006271        0.032066
    1213        0.000100        0.006130        0.033531
    1214        0.000100        0.006114        0.032384
    1215        0.000100        0.006231        0.032574
    1216        0.000100        0.006169        0.032439
    1217        0.000100        0.006464        0.033385
    1218        0.000100        0.006176        0.033444
    1219        0.000100        0.006356        0.033874
    1220        0.000100        0.006253        0.032565
    1221        0.000100        0.006524        0.035580
    1222        0.000100        0.006173        0.032437
    1223        0.000100        0.006355        0.036580
    1224        0.000100        0.006209        0.032279
    1225        0.000100        0.006338        0.032703
    1226        0.000100        0.006270        0.033015
    1227        0.000100        0.006179        0.032582
    1228        0.000100        0.006141        0.032247
    1229        0.000100        0.006337        0.032804
    1230        0.000100        0.006762        0.039576
    1231        0.000100        0.006180        0.032727
    1232        0.000100        0.006212        0.033485
    1233        0.000100        0.006561        0.036194
    1234        0.000100        0.006185        0.032757
    1235        0.000100        0.006318        0.032277
    1236        0.000100        0.006404        0.034134
    1237        0.000100        0.006155        0.032827
    1238        0.000100        0.006226        0.032246
    1239        0.000100        0.006322        0.033536
    1240        0.000100        0.006243        0.032446
    1241        0.000100        0.006195        0.032211
    1242        0.000100        0.006159        0.032092
    1243        0.000100        0.006129        0.032804
    1244        0.000100        0.006213        0.032791
    1245        0.000100        0.006195        0.032330
    1246        0.000100        0.006161        0.033254
    1247        0.000100        0.006323        0.032410
    1248        0.000100        0.006137        0.033018
    1249        0.000100        0.006538        0.037268
    1250        0.000100        0.006913        0.040589
    1251        0.000100        0.006233        0.033092
    1252        0.000100        0.006462        0.034630
    1253        0.000100        0.006503        0.034456
    1254        0.000100        0.006184        0.032420
    1255        0.000100        0.006284        0.031865
    1256        0.000100        0.006326        0.035046
    1257        0.000100        0.006190        0.032192
    1258        0.000100        0.006229        0.032394
    1259        0.000100        0.006171        0.032401
    1260        0.000100        0.006216        0.032086
    1261        0.000100        0.006389        0.032936
    1262        0.000100        0.006236        0.032093
    1263        0.000100        0.006247        0.034907
    1264        0.000100        0.006256        0.033332
    1265        0.000100        0.006205        0.033467
    1266        0.000100        0.006197        0.031993
    1267        0.000100        0.006216        0.032178
    1268        0.000100        0.006278        0.035524
    1269        0.000100        0.006169        0.032377
    1270        0.000100        0.006336        0.034392
    1271        0.000100        0.006535        0.036022
    1272        0.000100        0.006209        0.031916
    1273        0.000100        0.006354        0.036811
    1274        0.000100        0.006451        0.035375
    1275        0.000100        0.006282        0.033374
    1276        0.000100        0.006132        0.031944
    1277        0.000100        0.006691        0.038045
    1278        0.000100        0.006194        0.032252
    1279        0.000100        0.006181        0.032479
    1280        0.000100        0.006287        0.032278
    1281        0.000100        0.006235        0.032095
    1282        0.000100        0.006362        0.033022
    1283        0.000100        0.006242        0.036147
    1284        0.000100        0.006313        0.033502
    1285        0.000100        0.006234        0.031955
    1286        0.000100        0.006810        0.034961
    1287        0.000100        0.006238        0.033543
    1288        0.000100        0.006208        0.033642
    1289        0.000100        0.006193        0.032773
    1290        0.000100        0.006268        0.032398
    1291        0.000100        0.006337        0.033997
    1292        0.000100        0.006334        0.032876
    1293        0.000100        0.006181        0.031934
    1294        0.000100        0.006093        0.032223
    1295        0.000100        0.006292        0.032326
    1296        0.000100        0.006140        0.032447
    1297        0.000100        0.006120        0.034305
    1298        0.000100        0.006284        0.032585
    1299        0.000100        0.006239        0.033123
    1300        0.000100        0.006220        0.032219
    1301        0.000100        0.006190        0.033717
    1302        0.000100        0.006245        0.032047
    1303        0.000100        0.006153        0.032315
    1304        0.000100        0.006517        0.034409
    1305        0.000100        0.006160        0.032716
    1306        0.000100        0.006213        0.032346
    1307        0.000100        0.006147        0.032152
    1308        0.000100        0.006634        0.032860
    1309        0.000100        0.006379        0.032541
    1310        0.000100        0.006270        0.032119
    1311        0.000100        0.006415        0.034164
    1312        0.000100        0.006331        0.032509
    1313        0.000100        0.006559        0.035599
    1314        0.000100        0.006142        0.031998
    1315        0.000100        0.006342        0.032805
    1316        0.000100        0.006192        0.032241
    1317        0.000100        0.006139        0.031886
    1318        0.000100        0.006248        0.033581
    1319        0.000100        0.006250        0.032366
    1320        0.000100        0.006294        0.033498
    1321        0.000100        0.006234        0.032188
    1322        0.000100        0.006268        0.032670
    1323        0.000100        0.006202        0.032949
    1324        0.000100        0.006143        0.031679
    1325        0.000100        0.006157        0.033245
    1326        0.000100        0.006275        0.031900
    1327        0.000100        0.006176        0.032324
    1328        0.000100        0.006258        0.034218
    1329        0.000100        0.006288        0.032326
    1330        0.000100        0.006218        0.032547
    1331        0.000100        0.006366        0.034444
    1332        0.000100        0.006246        0.032206
    1333        0.000100        0.006236        0.032108
    1334        0.000100        0.006358        0.032759
    1335        0.000100        0.006195        0.032726
    1336        0.000100        0.006211        0.032146
    1337        0.000100        0.006255        0.032215
    1338        0.000100        0.006177        0.031977
    1339        0.000100        0.006367        0.032631
    1340        0.000100        0.006262        0.034738
    1341        0.000100        0.006205        0.032158
    1342        0.000100        0.006162        0.031964
    1343        0.000100        0.006377        0.033676
    1344        0.000100        0.006176        0.032404
    1345        0.000100        0.006237        0.031757
    1346        0.000100        0.006415        0.032677
    1347        0.000100        0.006323        0.032729
    1348        0.000100        0.006320        0.033548
    1349        0.000100        0.006217        0.032358
    1350        0.000100        0.006388        0.032937
    1351        0.000100        0.006342        0.032868
    1352        0.000100        0.006405        0.033992
    1353        0.000100        0.006296        0.034593
    1354        0.000100        0.006421        0.034050
    1355        0.000100        0.006279        0.033099
    1356        0.000100        0.006140        0.033723
    1357        0.000100        0.006287        0.032062
    1358        0.000100        0.006447        0.033537
    1359        0.000100        0.006318        0.034785
    1360        0.000100        0.006263        0.032089
    1361        0.000100        0.006249        0.032200
    1362        0.000100        0.006409        0.033991
    1363        0.000100        0.006188        0.033220
    1364        0.000100        0.006419        0.032520
    1365        0.000100        0.006171        0.033213
    1366        0.000100        0.006388        0.032332
    1367        0.000100        0.006090        0.032205
    1368        0.000100        0.006379        0.032254
    1369        0.000100        0.006319        0.036147
    1370        0.000100        0.006414        0.032490
    1371        0.000100        0.006345        0.036537
    1372        0.000100        0.006296        0.032268
    1373        0.000100        0.006343        0.034574
    1374        0.000100        0.006213        0.032158
    1375        0.000100        0.006339        0.032219
    1376        0.000100        0.006241        0.032446
    1377        0.000100        0.006232        0.032705
    1378        0.000100        0.006168        0.032267
    1379        0.000100        0.006269        0.032000
    1380        0.000100        0.006267        0.032648
    1381        0.000100        0.006245        0.033291
    1382        0.000100        0.006215        0.032336
    1383        0.000100        0.006529        0.035509
    1384        0.000100        0.006418        0.032452
    1385        0.000100        0.006248        0.032242
    1386        0.000100        0.006215        0.033527
    1387        0.000100        0.006352        0.034061
    1388        0.000100        0.006386        0.033058
    1389        0.000100        0.006276        0.032526
    1390        0.000100        0.006213        0.031775
    1391        0.000100        0.006293        0.034012
    1392        0.000100        0.006254        0.031765
    1393        0.000100        0.006210        0.031806
    1394        0.000100        0.006348        0.032823
    1395        0.000100        0.006228        0.033022
    1396        0.000100        0.006406        0.033713
    1397        0.000100        0.006786        0.037251
    1398        0.000100        0.006106        0.032154
    1399        0.000100        0.006223        0.032794
    1400        0.000100        0.006217        0.032071
    1401        0.000100        0.006367        0.035154
    1402        0.000100        0.006210        0.034179
    1403        0.000100        0.006216        0.032322
    1404        0.000100        0.006380        0.032590
    1405        0.000100        0.006276        0.032210
    1406        0.000100        0.006170        0.032983
    1407        0.000100        0.006127        0.032591
    1408        0.000100        0.006297        0.033437
    1409        0.000100        0.006205        0.031788
    1410        0.000100        0.006408        0.034120
    1411        0.000100        0.006271        0.032540
    1412        0.000100        0.006306        0.032742
    1413        0.000100        0.006278        0.032275
    1414        0.000100        0.006027        0.032725
    1415        0.000100        0.006154        0.031950
    1416        0.000100        0.006217        0.031856
    1417        0.000100        0.006359        0.033101
    1418        0.000100        0.006384        0.033432
    1419        0.000100        0.006290        0.031921
    1420        0.000100        0.006334        0.032463
    1421        0.000100        0.006191        0.031901
    1422        0.000100        0.006458        0.033193
    1423        0.000100        0.006316        0.031900
    1424        0.000100        0.006124        0.032111
    1425        0.000100        0.006506        0.036616
    1426        0.000100        0.006242        0.032064
    1427        0.000100        0.006479        0.035487
    1428        0.000100        0.006220        0.032017
    1429        0.000100        0.006268        0.033076
    1430        0.000100        0.006336        0.032706
    1431        0.000100        0.006282        0.032908
    1432        0.000100        0.006171        0.032127
    1433        0.000100        0.006224        0.031764
    1434        0.000100        0.006243        0.032451
    1435        0.000100        0.006215        0.032287
    1436        0.000100        0.006181        0.032091
    1437        0.000100        0.006259        0.032328
    1438        0.000100        0.006431        0.033628
    1439        0.000100        0.006214        0.032405
    1440        0.000100        0.006220        0.032033
    1441        0.000100        0.006238        0.032133
    1442        0.000100        0.006257        0.031851
    1443        0.000100        0.006165        0.031976
    1444        0.000100        0.006139        0.031946
    1445        0.000100        0.006362        0.032757
    1446        0.000100        0.006390        0.033982
    1447        0.000100        0.006252        0.031811
    1448        0.000100        0.006493        0.036731
    1449        0.000100        0.006407        0.033556
    1450        0.000100        0.006266        0.032103
    1451        0.000100        0.006222        0.032877
    1452        0.000100        0.006275        0.033122
    1453        0.000100        0.006254        0.032253
    1454        0.000100        0.006319        0.033030
    1455        0.000100        0.006299        0.032896
    1456        0.000100        0.006311        0.032082
    1457        0.000100        0.006270        0.031850
    1458        0.000100        0.006326        0.032492
    1459        0.000100        0.006162        0.031755
    1460        0.000100        0.006208        0.031629
    1461        0.000100        0.006289        0.032907
    1462        0.000100        0.006193        0.032397
    1463        0.000100        0.006172        0.032177
    1464        0.000100        0.006284        0.032925
    1465        0.000100        0.006239        0.031846
    1466        0.000100        0.006207        0.031885
    1467        0.000100        0.006212        0.031878
    1468        0.000100        0.006393        0.033786
    1469        0.000100        0.006539        0.035921
    1470        0.000100        0.006331        0.032387
    1471        0.000100        0.006203        0.031431
    1472        0.000100        0.006113        0.031704
    1473        0.000100        0.006523        0.034760
    1474        0.000100        0.006340        0.033880
    1475        0.000100        0.006668        0.036761
    1476        0.000100        0.006146        0.032485
    1477        0.000100        0.006268        0.032055
    1478        0.000100        0.006358        0.033052
    1479        0.000100        0.006492        0.035802
    1480        0.000100        0.006982        0.039848
