       0        0.000100     3232.667336       56.394779
       1        0.000100      585.741270       23.317045
       2        0.000100       52.917181        5.827832
       3        0.000100       27.591566        4.264633
       4        0.000100       18.043636        3.444822
       5        0.000100       11.234474        2.709035
       6        0.000100        6.930423        2.126302
       7        0.000100        4.480795        1.711104
       8        0.000100        3.134577        1.421994
       9        0.000100        2.341318        1.218736
      10        0.000100        1.809514        1.064873
      11        0.000100        1.414574        0.937871
      12        0.000100        1.106532        0.826194
      13        0.000100        0.863289        0.727021
      14        0.000100        0.672599        0.639367
      15        0.000100        0.525500        0.562346
      16        0.000100        0.413543        0.496347
      17        0.000100        0.328670        0.440422
      18        0.000100        0.264312        0.393049
      19        0.000100        0.215350        0.352965
      20        0.000100        0.177732        0.319001
      21        0.000100        0.147964        0.290067
      22        0.000100        0.123163        0.263619
      23        0.000100        0.102409        0.239221
      24        0.000100        0.085140        0.216987
      25        0.000100        0.070538        0.196096
      26        0.000100        0.058509        0.177093
      27        0.000100        0.049306        0.161629
      28        0.000100        0.042758        0.150765
      29        0.000100        0.037900        0.142593
      30        0.000100        0.033882        0.135328
      31        0.000100        0.029940        0.127283
      32        0.000100        0.025705        0.117212
      33        0.000100        0.021894        0.106999
      34        0.000100        0.019061        0.098931
      35        0.000100        0.017077        0.093108
      36        0.000100        0.015626        0.088714
      37        0.000100        0.014493        0.085205
      38        0.000100        0.013589        0.082394
      39        0.000100        0.012852        0.080108
      40        0.000100        0.012199        0.078042
      41        0.000100        0.011564        0.075855
      42        0.000100        0.010932        0.073499
      43        0.000100        0.010329        0.071119
      44        0.000100        0.009786        0.068874
      45        0.000100        0.009276        0.066732
      46        0.000100        0.008843        0.064852
      47        0.000100        0.008431        0.063034
      48        0.000100        0.008072        0.061382
      49        0.000100        0.007732        0.059803
      50        0.000100        0.007436        0.058370
      51        0.000100        0.007148        0.056970
      52        0.000100        0.006901        0.055714
      53        0.000100        0.006660        0.054495
      54        0.000100        0.006452        0.053399
      55        0.000100        0.006250        0.052345
      56        0.000100        0.006077        0.051413
      57        0.000100        0.005906        0.050505
      58        0.000100        0.005764        0.049710
      59        0.000100        0.005616        0.048904
      60        0.000100        0.005417        0.047646
      61        0.000100        0.005217        0.046494
      62        0.000100        0.005053        0.045451
      63        0.000100        0.004921        0.044659
      64        0.000100        0.004818        0.044050
      65        0.000100        0.004719        0.043422
      66        0.000100        0.004633        0.042892
      67        0.000100        0.004549        0.042348
      68        0.000100        0.004475        0.041880
      69        0.000100        0.004402        0.041403
      70        0.000100        0.004339        0.041012
      71        0.000100        0.004278        0.040609
      72        0.000100        0.004223        0.040258
      73        0.000100        0.004167        0.039869
      74        0.000100        0.004120        0.039556
      75        0.000100        0.004073        0.039236
      76        0.000100        0.004031        0.038959
      77        0.000100        0.003989        0.038672
      78        0.000100        0.003951        0.038404
      79        0.000100        0.003913        0.038138
      80        0.000100        0.003879        0.037905
      81        0.000100        0.003847        0.037672
      82        0.000100        0.003817        0.037466
      83        0.000100        0.003788        0.037246
      84        0.000100        0.003761        0.037059
      85        0.000100        0.003735        0.036846
      86        0.000100        0.003713        0.036680
      87        0.000100        0.003689        0.036499
      88        0.000100        0.003666        0.036320
      89        0.000100        0.003643        0.036143
      90        0.000100        0.003624        0.035985
      91        0.000100        0.003604        0.035825
      92        0.000100        0.003586        0.035676
      93        0.000100        0.003565        0.035520
      94        0.000100        0.003552        0.035399
      95        0.000100        0.003533        0.035262
      96        0.000100        0.003519        0.035139
      97        0.000100        0.003503        0.035005
      98        0.000100        0.003490        0.034883
      99        0.000100        0.003476        0.034773
     100        0.000100        0.003464        0.034644
     101        0.000100        0.003452        0.034554
     102        0.000100        0.003441        0.034441
     103        0.000100        0.003429        0.034345
     104        0.000100        0.003418        0.034246
     105        0.000100        0.003410        0.034182
     106        0.000100        0.003399        0.034101
     107        0.000100        0.003391        0.034044
     108        0.000100        0.003384        0.033959
     109        0.000100        0.003372        0.033877
     110        0.000100        0.003366        0.033825
     111        0.000100        0.003361        0.033763
     112        0.000100        0.003350        0.033703
     113        0.000100        0.003344        0.033643
     114        0.000100        0.003353        0.033612
     115        0.000100        0.003315        0.033479
     116        0.000100        0.003344        0.033437
     117        0.000100        0.003318        0.033356
     118        0.000100        0.003319        0.033321
     119        0.000100        0.003304        0.033243
     120        0.000100        0.003304        0.033214
     121        0.000100        0.003290        0.033108
     122        0.000100        0.003287        0.033032
     123        0.000100        0.003269        0.032973
     124        0.000100        0.003286        0.032966
     125        0.000100        0.003239        0.032789
     126        0.000100        0.003260        0.032727
     127        0.000100        0.003249        0.032700
     128        0.000100        0.003242        0.032538
     129        0.000100        0.003240        0.032523
     130        0.000100        0.003197        0.032275
     131        0.000100        0.003246        0.032416
     132        0.000100        0.003211        0.032201
     133        0.000100        0.003217        0.032220
     134        0.000100        0.003193        0.031986
     135        0.000100        0.003222        0.032101
     136        0.000100        0.003195        0.031926
     137        0.000100        0.003182        0.031819
     138        0.000100        0.003217        0.031944
     139        0.000100        0.003182        0.031732
     140        0.000100        0.003210        0.031748
     141        0.000100        0.003185        0.031651
     142        0.000100        0.003156        0.031400
     143        0.000100        0.003210        0.031688
     144        0.000100        0.003177        0.031383
     145        0.000100        0.003166        0.031345
     146        0.000100        0.003162        0.031244
     147        0.000100        0.003178        0.031333
     148        0.000100        0.003169        0.031240
     149        0.000100        0.003138        0.031045
     150        0.000100        0.003206        0.031372
     151        0.000100        0.003141        0.031001
     152        0.000100        0.003172        0.031049
     153        0.000100        0.003122        0.030744
     154        0.000100        0.003179        0.030999
     155        0.000100        0.003128        0.030724
     156        0.000100        0.003153        0.030746
     157        0.000100        0.003181        0.030938
     158        0.000100        0.003106        0.030369
     159        0.000100        0.003134        0.030602
     160        0.000100        0.003138        0.030558
     161        0.000100        0.003114        0.030366
     162        0.000100        0.003173        0.030700
     163        0.000100        0.003100        0.030183
     164        0.000100        0.003149        0.030518
     165        0.000100        0.003110        0.030248
     166        0.000100        0.003160        0.030508
     167        0.000100        0.003079        0.030011
     168        0.000100        0.003163        0.030492
     169        0.000100        0.003091        0.030078
     170        0.000100        0.003145        0.030346
     171        0.000100        0.003063        0.029823
     172        0.000100        0.003147        0.030298
     173        0.000100        0.003088        0.029983
     174        0.000100        0.003122        0.030125
     175        0.000100        0.003041        0.029565
     176        0.000100        0.003126        0.030156
     177        0.000100        0.003071        0.029788
     178        0.000100        0.003110        0.029969
     179        0.000100        0.003052        0.029574
     180        0.000100        0.003113        0.029964
     181        0.000100        0.003036        0.029457
     182        0.000100        0.003107        0.029816
     183        0.000100        0.003031        0.029394
     184        0.000100        0.003081        0.029684
     185        0.000100        0.003019        0.029256
     186        0.000100        0.003092        0.029778
     187        0.000100        0.003016        0.029267
     188        0.000100        0.003069        0.029578
     189        0.000100        0.003001        0.029153
     190        0.000100        0.003100        0.029684
     191        0.000100        0.003007        0.029103
     192        0.000100        0.003050        0.029361
     193        0.000100        0.002989        0.028973
     194        0.000100        0.003066        0.029509
     195        0.000100        0.002999        0.029051
     196        0.000100        0.003052        0.029356
     197        0.000100        0.002981        0.028887
     198        0.000100        0.003063        0.029430
     199        0.000100        0.002987        0.028973
     200        0.000100        0.003045        0.029256
     201        0.000100        0.002971        0.028761
     202        0.000100        0.003043        0.029272
     203        0.000100        0.002958        0.028749
     204        0.000100        0.003038        0.029157
     205        0.000100        0.002953        0.028634
     206        0.000100        0.003019        0.029083
     207        0.000100        0.002941        0.028560
     208        0.000100        0.003033        0.029091
     209        0.000100        0.002945        0.028549
     210        0.000100        0.003005        0.028902
     211        0.000100        0.002915        0.028408
     212        0.000100        0.003013        0.028870
     213        0.000100        0.002914        0.028345
     214        0.000100        0.002980        0.028701
     215        0.000100        0.002901        0.028283
     216        0.000100        0.002987        0.028763
     217        0.000100        0.002908        0.028280
     218        0.000100        0.002974        0.028693
     219        0.000100        0.002892        0.028182
     220        0.000100        0.002967        0.028553
     221        0.000100        0.002902        0.028162
     222        0.000100        0.002951        0.028471
     223        0.000100        0.002875        0.028018
     224        0.000100        0.002958        0.028455
     225        0.000100        0.002882        0.028025
     226        0.000100        0.002932        0.028381
     227        0.000100        0.002870        0.028041
     228        0.000100        0.002935        0.028316
     229        0.000100        0.002869        0.027982
     230        0.000100        0.002921        0.028308
     231        0.000100        0.002853        0.027877
     232        0.000100        0.002938        0.028327
     233        0.000100        0.002836        0.027784
     234        0.000100        0.002958        0.028451
     235        0.000100        0.002845        0.027803
     236        0.000100        0.002928        0.028240
     237        0.000100        0.002828        0.027711
     238        0.000100        0.002945        0.028368
     239        0.000100        0.002831        0.027670
     240        0.000100        0.002931        0.028262
     241        0.000100        0.002833        0.027679
     242        0.000100        0.002919        0.028142
     243        0.000100        0.002819        0.027559
     244        0.000100        0.002932        0.028199
     245        0.000100        0.002822        0.027540
     246        0.000100        0.002916        0.028070
     247        0.000100        0.002815        0.027496
     248        0.000100        0.002916        0.028060
     249        0.000100        0.002808        0.027414
     250        0.000100        0.002904        0.027990
     251        0.000100        0.002824        0.027492
     252        0.000100        0.002875        0.027823
     253        0.000100        0.002805        0.027347
     254        0.000100        0.002888        0.027818
     255        0.000100        0.002804        0.027348
     256        0.000100        0.002865        0.027753
     257        0.000100        0.002802        0.027273
     258        0.000100        0.002856        0.027707
     259        0.000100        0.002805        0.027235
     260        0.000100        0.002866        0.027742
     261        0.000100        0.002802        0.027302
     262        0.000100        0.002876        0.027833
     263        0.000100        0.002798        0.027247
     264        0.000100        0.002874        0.027816
     265        0.000100        0.002773        0.027119
     266        0.000100        0.002846        0.027666
     267        0.000100        0.002813        0.027277
     268        0.000100        0.002851        0.027644
     269        0.000100        0.002768        0.027065
     270        0.000100        0.002848        0.027582
     271        0.000100        0.002762        0.027062
     272        0.000100        0.002831        0.027631
     273        0.000100        0.002781        0.027021
     274        0.000100        0.002847        0.027522
     275        0.000100        0.002779        0.027083
     276        0.000100        0.002832        0.027500
     277        0.000100        0.002779        0.026997
     278        0.000100        0.002839        0.027514
     279        0.000100        0.002823        0.027135
     280        0.000100        0.002836        0.027411
     281        0.000100        0.002822        0.027130
     282        0.000100        0.002804        0.027224
     283        0.000100        0.002797        0.026955
     284        0.000100        0.002820        0.027281
     285        0.000100        0.002823        0.027040
     286        0.000100        0.002827        0.027286
     287        0.000100        0.002798        0.026845
     288        0.000100        0.002801        0.027061
     289        0.000100        0.002790        0.026760
     290        0.000100        0.002804        0.027071
     291        0.000100        0.002788        0.026695
     292        0.000100        0.002794        0.026992
     293        0.000100        0.002781        0.026629
     294        0.000100        0.002780        0.026892
     295        0.000100        0.002765        0.026516
     296        0.000100        0.002766        0.026812
     297        0.000100        0.002785        0.026572
     298        0.000100        0.002778        0.026897
     299        0.000100        0.002756        0.026421
     300        0.000100        0.002770        0.026811
     301        0.000100        0.002749        0.026375
     302        0.000100        0.002755        0.026649
     303        0.000100        0.002757        0.026493
     304        0.000100        0.002735        0.026563
     305        0.000100        0.002734        0.026314
     306        0.000100        0.002731        0.026555
     307        0.000100        0.002726        0.026308
     308        0.000100        0.002733        0.026589
     309        0.000100        0.002728        0.026328
     310        0.000100        0.002726        0.026515
     311        0.000100        0.002738        0.026468
     312        0.000100        0.002723        0.026517
     313        0.000100        0.002724        0.026280
     314        0.000100        0.002723        0.026481
     315        0.000100        0.002747        0.026385
     316        0.000100        0.002723        0.026506
     317        0.000100        0.002747        0.026378
     318        0.000100        0.002756        0.026636
     319        0.000100        0.002733        0.026311
     320        0.000100        0.002710        0.026382
     321        0.000100        0.002737        0.026346
     322        0.000100        0.002719        0.026389
     323        0.000100        0.002758        0.026318
     324        0.000100        0.002704        0.026307
     325        0.000100        0.002722        0.026104
     326        0.000100        0.002703        0.026231
     327        0.000100        0.002714        0.026049
     328        0.000100        0.002683        0.026177
     329        0.000100        0.002724        0.026159
     330        0.000100        0.002696        0.026158
     331        0.000100        0.002714        0.026000
     332        0.000100        0.002679        0.026051
     333        0.000100        0.002705        0.025914
     334        0.000100        0.002679        0.026059
     335        0.000100        0.002701        0.025923
     336        0.000100        0.002675        0.026007
     337        0.000100        0.002702        0.025845
     338        0.000100        0.002672        0.025960
     339        0.000100        0.002699        0.025809
     340        0.000100        0.002672        0.025939
     341        0.000100        0.002702        0.025894
     342        0.000100        0.002669        0.025903
     343        0.000100        0.002701        0.025788
     344        0.000100        0.002679        0.025907
     345        0.000100        0.002702        0.025768
     346        0.000100        0.002660        0.025828
     347        0.000100        0.002706        0.025680
     348        0.000100        0.002679        0.025887
     349        0.000100        0.002708        0.025752
     350        0.000100        0.002659        0.025805
     351        0.000100        0.002703        0.025680
     352        0.000100        0.002663        0.025795
     353        0.000100        0.002710        0.025688
     354        0.000100        0.002659        0.025808
     355        0.000100        0.002706        0.025662
     356        0.000100        0.002662        0.025764
     357        0.000100        0.002702        0.025587
     358        0.000100        0.002669        0.025759
     359        0.000100        0.002697        0.025622
     360        0.000100        0.002655        0.025729
     361        0.000100        0.002701        0.025538
     362        0.000100        0.002662        0.025669
     363        0.000100        0.002703        0.025584
     364        0.000100        0.002662        0.025668
     365        0.000100        0.002702        0.025549
     366        0.000100        0.002655        0.025636
     367        0.000100        0.002719        0.025606
     368        0.000100        0.002649        0.025570
     369        0.000100        0.002696        0.025510
     370        0.000100        0.002649        0.025578
     371        0.000100        0.002733        0.025714
     372        0.000100        0.002615        0.025352
     373        0.000100        0.002720        0.025704
     374        0.000100        0.002672        0.025508
     375        0.000100        0.002627        0.025474
     376        0.000100        0.002732        0.025568
     377        0.000100        0.002656        0.025507
     378        0.000100        0.002681        0.025360
     379        0.000100        0.002658        0.025552
     380        0.000100        0.002706        0.025408
     381        0.000100        0.002633        0.025390
     382        0.000100        0.002734        0.025724
     383        0.000100        0.002643        0.025352
     384        0.000100        0.002691        0.025517
     385        0.000100        0.002664        0.025226
     386        0.000100        0.002656        0.025477
     387        0.000100        0.002697        0.025359
     388        0.000100        0.002671        0.025497
     389        0.000100        0.002698        0.025403
     390        0.000100        0.002638        0.025312
     391        0.000100        0.002712        0.025256
     392        0.000100        0.002661        0.025430
     393        0.000100        0.002698        0.025404
     394        0.000100        0.002648        0.025353
     395        0.000100        0.002700        0.025147
     396        0.000100        0.002660        0.025450
     397        0.000100        0.002696        0.025295
     398        0.000100        0.002660        0.025046
     399        0.000100        0.002622        0.025273
     400        0.000100        0.002710        0.025316
     401        0.000100        0.002644        0.025148
     402        0.000100        0.002723        0.025456
     403        0.000100        0.002646        0.025152
     404        0.000100        0.002671        0.025283
     405        0.000100        0.002674        0.025042
     406        0.000100        0.002645        0.025295
     407        0.000100        0.002694        0.025188
     408        0.000100        0.002682        0.025379
     409        0.000100        0.002674        0.025058
     410        0.000100        0.002643        0.025176
     411        0.000100        0.002681        0.025114
     412        0.000100        0.002633        0.025206
     413        0.000100        0.002712        0.025194
     414        0.000100        0.002650        0.025178
     415        0.000100        0.002679        0.025118
     416        0.000100        0.002614        0.025056
     417        0.000100        0.002704        0.025048
     418        0.000100        0.002652        0.025240
     419        0.000100        0.002668        0.024991
     420        0.000100        0.002642        0.024916
     421        0.000100        0.002632        0.025053
     422        0.000100        0.002722        0.025181
     423        0.000100        0.002639        0.024952
     424        0.000100        0.002655        0.025234
     425        0.000100        0.002695        0.024979
     426        0.000100        0.002639        0.025072
     427        0.000100        0.002655        0.025002
     428        0.000100        0.002659        0.025071
     429        0.000100        0.002636        0.024787
     430        0.000100        0.002624        0.025036
     431        0.000100        0.002693        0.024919
     432        0.000100        0.002657        0.025064
     433        0.000100        0.002668        0.024976
     434        0.000100        0.002655        0.024975
     435        0.000100        0.002650        0.024759
     436        0.000100        0.002609        0.024947
     437        0.000100        0.002696        0.024926
     438        0.000100        0.002657        0.024985
     439        0.000100        0.002664        0.024845
     440        0.000100        0.002631        0.024925
     441        0.000100        0.002695        0.024865
     442        0.000100        0.002618        0.024901
     443        0.000100        0.002687        0.024883
     444        0.000100        0.002638        0.024780
     445        0.000100        0.002645        0.024948
     446        0.000100        0.002690        0.024859
     447        0.000100        0.002610        0.024932
     448        0.000100        0.002675        0.024894
     449        0.000100        0.002636        0.024737
     450        0.000100        0.002635        0.024806
     451        0.000100        0.002670        0.024694
     452        0.000100        0.002621        0.024943
     453        0.000100        0.002674        0.024867
     454        0.000100        0.002631        0.024787
     455        0.000100        0.002648        0.024681
     456        0.000100        0.002605        0.024826
     457        0.000100        0.002688        0.024703
     458        0.000100        0.002625        0.024825
     459        0.000100        0.002673        0.024712
     460        0.000100        0.002620        0.024707
     461        0.000100        0.002662        0.024802
     462        0.000100        0.002610        0.024704
     463        0.000100        0.002695        0.024667
     464        0.000100        0.002621        0.024761
     465        0.000100        0.002650        0.024694
     466        0.000100        0.002633        0.024625
     467        0.000100        0.002624        0.024741
     468        0.000100        0.002688        0.024867
     469        0.000100        0.002643        0.024683
     470        0.000100        0.002613        0.024756
     471        0.000100        0.002671        0.024661
     472        0.000100        0.002634        0.024745
     473        0.000100        0.002632        0.024586
     474        0.000100        0.002632        0.024724
     475        0.000100        0.002691        0.024574
     476        0.000100        0.002609        0.024698
     477        0.000100        0.002647        0.024605
     478        0.000100        0.002629        0.024647
     479        0.000100        0.002621        0.024542
     480        0.000100        0.002617        0.024776
     481        0.000100        0.002682        0.024643
     482        0.000100        0.002615        0.024631
     483        0.000100        0.002645        0.024577
     484        0.000100        0.002620        0.024640
     485        0.000100        0.002639        0.024421
     486        0.000100        0.002594        0.024685
     487        0.000100        0.002660        0.024520
     488        0.000100        0.002621        0.024648
     489        0.000100        0.002642        0.024592
     490        0.000100        0.002575        0.024538
     491        0.000100        0.002687        0.024535
     492        0.000100        0.002606        0.024627
     493        0.000100        0.002648        0.024503
     494        0.000100        0.002603        0.024489
     495        0.000100        0.002637        0.024614
     496        0.000100        0.002619        0.024420
     497        0.000100        0.002589        0.024726
     498        0.000100        0.002651        0.024597
     499        0.000100        0.002614        0.024557
     500        0.000100        0.002635        0.024447
     501        0.000100        0.002589        0.024665
     502        0.000100        0.002663        0.024645
     503        0.000100        0.002614        0.024444
     504        0.000100        0.002600        0.024535
     505        0.000100        0.002671        0.024466
     506        0.000100        0.002595        0.024538
     507        0.000100        0.002631        0.024494
     508        0.000100        0.002612        0.024554
     509        0.000100        0.002636        0.024390
     510        0.000100        0.002588        0.024587
     511        0.000100        0.002647        0.024406
     512        0.000100        0.002615        0.024520
     513        0.000100        0.002632        0.024429
     514        0.000100        0.002621        0.024573
     515        0.000100        0.002673        0.024381
     516        0.000100        0.002609        0.024449
     517        0.000100        0.002605        0.024400
     518        0.000100        0.002627        0.024472
     519        0.000100        0.002599        0.024389
     520        0.000100        0.002615        0.024624
     521        0.000100        0.002657        0.024349
     522        0.000100        0.002595        0.024488
     523        0.000100        0.002585        0.024407
     524        0.000100        0.002603        0.024412
     525        0.000100        0.002576        0.024381
     526        0.000100        0.002603        0.024578
     527        0.000100        0.002659        0.024353
     528        0.000100        0.002592        0.024455
     529        0.000100        0.002569        0.024434
     530        0.000100        0.002589        0.024389
     531        0.000100        0.002571        0.024324
     532        0.000100        0.002611        0.024564
     533        0.000100        0.002645        0.024383
     534        0.000100        0.002586        0.024434
     535        0.000100        0.002566        0.024303
     536        0.000100        0.002583        0.024310
     537        0.000100        0.002559        0.024314
     538        0.000100        0.002615        0.024582
     539        0.000100        0.002588        0.024171
     540        0.000100        0.002585        0.024440
     541        0.000100        0.002560        0.024336
     542        0.000100        0.002601        0.024379
     543        0.000100        0.002553        0.024281
     544        0.000100        0.002618        0.024543
     545        0.000100        0.002571        0.024306
     546        0.000100        0.002599        0.024413
     547        0.000100        0.002559        0.024228
     548        0.000100        0.002618        0.024532
     549        0.000100        0.002563        0.024320
     550        0.000100        0.002599        0.024449
     551        0.000100        0.002552        0.024274
     552        0.000100        0.002595        0.024449
     553        0.000100        0.002554        0.024270
     554        0.000100        0.002593        0.024490
     555        0.000100        0.002552        0.024301
     556        0.000100        0.002593        0.024525
     557        0.000100        0.002548        0.024250
     558        0.000100        0.002586        0.024436
     559        0.000100        0.002542        0.024255
     560        0.000100        0.002570        0.024389
     561        0.000100        0.002547        0.024280
     562        0.000100        0.002579        0.024379
     563        0.000100        0.002542        0.024197
     564        0.000100        0.002579        0.024378
     565        0.000100        0.002543        0.024263
     566        0.000100        0.002577        0.024423
     567        0.000100        0.002547        0.024247
     568        0.000100        0.002582        0.024352
     569        0.000100        0.002549        0.024290
     570        0.000100        0.002575        0.024350
     571        0.000100        0.002538        0.024197
     572        0.000100        0.002586        0.024370
     573        0.000100        0.002543        0.024177
     574        0.000100        0.002582        0.024356
     575        0.000100        0.002538        0.024169
     576        0.000100        0.002590        0.024410
     577        0.000100        0.002538        0.024160
     578        0.000100        0.002595        0.024404
     579        0.000100        0.002538        0.024222
     580        0.000100        0.002585        0.024369
     581        0.000100        0.002533        0.024159
     582        0.000100        0.002588        0.024425
     583        0.000100        0.002535        0.024165
     584        0.000100        0.002588        0.024401
     585        0.000100        0.002530        0.024146
     586        0.000100        0.002587        0.024405
     587        0.000100        0.002525        0.024150
     588        0.000100        0.002582        0.024362
     589        0.000100        0.002522        0.024128
     590        0.000100        0.002573        0.024351
     591        0.000100        0.002522        0.024146
     592        0.000100        0.002581        0.024374
     593        0.000100        0.002530        0.024198
     594        0.000100        0.002583        0.024363
     595        0.000100        0.002521        0.024116
     596        0.000100        0.002572        0.024376
     597        0.000100        0.002517        0.024115
     598        0.000100        0.002573        0.024340
     599        0.000100        0.002526        0.024112
     600        0.000100        0.002584        0.024369
     601        0.000100        0.002520        0.024095
     602        0.000100        0.002570        0.024274
     603        0.000100        0.002520        0.024056
     604        0.000100        0.002582        0.024342
     605        0.000100        0.002524        0.024065
     606        0.000100        0.002572        0.024270
     607        0.000100        0.002518        0.024056
     608        0.000100        0.002581        0.024320
     609        0.000100        0.002517        0.024025
     610        0.000100        0.002573        0.024250
     611        0.000100        0.002519        0.024031
     612        0.000100        0.002576        0.024255
     613        0.000100        0.002521        0.024016
     614        0.000100        0.002563        0.024185
     615        0.000100        0.002521        0.024072
     616        0.000100        0.002579        0.024272
     617        0.000100        0.002517        0.023968
     618        0.000100        0.002576        0.024211
     619        0.000100        0.002511        0.023996
     620        0.000100        0.002573        0.024222
     621        0.000100        0.002516        0.023952
     622        0.000100        0.002578        0.024216
     623        0.000100        0.002508        0.023972
     624        0.000100        0.002563        0.024145
     625        0.000100        0.002518        0.023995
     626        0.000100        0.002580        0.024230
     627        0.000100        0.002520        0.023969
     628        0.000100        0.002587        0.024231
     629        0.000100        0.002516        0.024051
     630        0.000100        0.002562        0.024109
     631        0.000100        0.002513        0.023978
     632        0.000100        0.002581        0.024218
     633        0.000100        0.002517        0.024073
     634        0.000100        0.002574        0.024193
     635        0.000100        0.002517        0.024111
     636        0.000100        0.002557        0.024178
     637        0.000100        0.002512        0.024147
     638        0.000100        0.002550        0.024182
     639        0.000100        0.002501        0.024130
     640        0.000100        0.002554        0.024240
     641        0.000100        0.002496        0.024129
     642        0.000100        0.002544        0.024210
     643        0.000100        0.002480        0.024054
     644        0.000100        0.002542        0.024230
     645        0.000100        0.002479        0.024091
     646        0.000100        0.002537        0.024211
     647        0.000100        0.002483        0.024079
     648        0.000100        0.002532        0.024191
     649        0.000100        0.002476        0.024015
     650        0.000100        0.002536        0.024183
     651        0.000100        0.002482        0.024066
     652        0.000100        0.002537        0.024208
     653        0.000100        0.002470        0.024034
     654        0.000100        0.002528        0.024112
     655        0.000100        0.002474        0.024021
     656        0.000100        0.002550        0.024221
     657        0.000100        0.002475        0.024020
     658        0.000100        0.002537        0.024122
     659        0.000100        0.002476        0.024006
     660        0.000100        0.002546        0.024206
     661        0.000100        0.002470        0.024011
     662        0.000100        0.002536        0.024180
     663        0.000100        0.002469        0.023991
     664        0.000100        0.002532        0.024137
     665        0.000100        0.002471        0.024031
     666        0.000100        0.002529        0.024123
     667        0.000100        0.002461        0.023991
     668        0.000100        0.002521        0.024097
     669        0.000100        0.002461        0.023988
     670        0.000100        0.002522        0.024115
     671        0.000100        0.002456        0.024013
     672        0.000100        0.002503        0.024033
     673        0.000100        0.002446        0.023904
     674        0.000100        0.002510        0.024130
     675        0.000100        0.002449        0.023974
     676        0.000100        0.002507        0.024089
     677        0.000100        0.002442        0.023914
     678        0.000100        0.002499        0.024067
     679        0.000100        0.002444        0.023936
     680        0.000100        0.002500        0.024082
     681        0.000100        0.002449        0.023934
     682        0.000100        0.002497        0.024041
     683        0.000100        0.002451        0.023948
     684        0.000100        0.002503        0.024011
     685        0.000100        0.002453        0.023923
     686        0.000100        0.002494        0.023967
     687        0.000100        0.002457        0.024001
     688        0.000100        0.002500        0.023970
     689        0.000100        0.002457        0.023912
     690        0.000100        0.002507        0.023976
     691        0.000100        0.002459        0.023965
     692        0.000100        0.002496        0.023931
     693        0.000100        0.002458        0.023962
     694        0.000100        0.002493        0.023907
     695        0.000100        0.002458        0.023947
     696        0.000100        0.002504        0.023982
     697        0.000100        0.002454        0.023906
     698        0.000100        0.002489        0.023917
     699        0.000100        0.002453        0.023951
     700        0.000100        0.002490        0.023947
     701        0.000100        0.002466        0.023964
     702        0.000100        0.002487        0.023868
     703        0.000100        0.002452        0.023940
     704        0.000100        0.002484        0.023927
     705        0.000100        0.002467        0.024051
     706        0.000100        0.002485        0.023995
     707        0.000100        0.002450        0.023936
     708        0.000100        0.002484        0.023922
     709        0.000100        0.002454        0.023957
     710        0.000100        0.002482        0.024001
     711        0.000100        0.002455        0.024043
     712        0.000100        0.002474        0.023950
     713        0.000100        0.002448        0.023986
     714        0.000100        0.002485        0.023986
     715        0.000100        0.002447        0.023918
     716        0.000100        0.002490        0.024110
     717        0.000100        0.002445        0.023944
     718        0.000100        0.002473        0.024025
     719        0.000100        0.002440        0.023945
     720        0.000100        0.002483        0.024111
     721        0.000100        0.002443        0.023978
     722        0.000100        0.002480        0.024071
     723        0.000100        0.002441        0.023977
     724        0.000100        0.002476        0.024092
     725        0.000100        0.002430        0.023943
     726        0.000100        0.002482        0.024218
     727        0.000100        0.002437        0.023978
     728        0.000100        0.002481        0.024178
     729        0.000100        0.002435        0.024013
     730        0.000100        0.002479        0.024220
     731        0.000100        0.002425        0.023955
     732        0.000100        0.002488        0.024271
     733        0.000100        0.002420        0.023880
     734        0.000100        0.002476        0.024225
     735        0.000100        0.002412        0.023728
     736        0.000100        0.002481        0.024238
     737        0.000100        0.002411        0.023718
     738        0.000100        0.002473        0.024180
     739        0.000100        0.002396        0.023649
     740        0.000100        0.002470        0.024162
     741        0.000100        0.002395        0.023604
     742        0.000100        0.002470        0.024149
     743        0.000100        0.002390        0.023562
     744        0.000100        0.002446        0.023956
     745        0.000100        0.002402        0.023718
     746        0.000100        0.002466        0.024049
     747        0.000100        0.002394        0.023564
     748        0.000100        0.002435        0.023744
     749        0.000100        0.002414        0.023799
     750        0.000100        0.002430        0.023645
     751        0.000100        0.002405        0.023630
     752        0.000100        0.002433        0.023618
     753        0.000100        0.002404        0.023641
     754        0.000100        0.002421        0.023497
     755        0.000100        0.002421        0.023753
     756        0.000100        0.002431        0.023540
     757        0.000100        0.002412        0.023651
     758        0.000100        0.002429        0.023538
     759        0.000100        0.002423        0.023745
     760        0.000100        0.002436        0.023574
     761        0.000100        0.002438        0.023844
     762        0.000100        0.002433        0.023488
     763        0.000100        0.002399        0.023659
     764        0.000100        0.002446        0.023603
     765        0.000100        0.002404        0.023631
     766        0.000100        0.002424        0.023471
     767        0.000100        0.002409        0.023600
     768        0.000100        0.002453        0.023662
     769        0.000100        0.002404        0.023486
     770        0.000100        0.002421        0.023421
     771        0.000100        0.002400        0.023557
     772        0.000100        0.002449        0.023602
     773        0.000100        0.002399        0.023437
     774        0.000100        0.002418        0.023379
     775        0.000100        0.002396        0.023497
     776        0.000100        0.002445        0.023577
     777        0.000100        0.002394        0.023519
     778        0.000100        0.002432        0.023696
     779        0.000100        0.002386        0.023450
     780        0.000100        0.002464        0.023973
     781        0.000100        0.002380        0.023405
     782        0.000100        0.002434        0.023765
     783        0.000100        0.002357        0.023278
     784        0.000100        0.002444        0.023856
     785        0.000100        0.002349        0.023164
     786        0.000100        0.002434        0.023782
     787        0.000100        0.002348        0.023183
     788        0.000100        0.002443        0.023696
     789        0.000100        0.002333        0.023176
     790        0.000100        0.002437        0.023784
     791        0.000100        0.002348        0.023111
     792        0.000100        0.002441        0.023633
     793        0.000100        0.002353        0.023247
     794        0.000100        0.002412        0.023376
     795        0.000100        0.002345        0.023195
     796        0.000100        0.002424        0.023371
     797        0.000100        0.002368        0.023165
     798        0.000100        0.002428        0.023284
     799        0.000100        0.002364        0.023341
     800        0.000100        0.002438        0.023356
     801        0.000100        0.002369        0.023322
     802        0.000100        0.002445        0.023380
     803        0.000100        0.002379        0.023429
     804        0.000100        0.002423        0.023332
     805        0.000100        0.002374        0.023392
     806        0.000100        0.002442        0.023404
     807        0.000100        0.002395        0.023442
     808        0.000100        0.002413        0.023331
     809        0.000100        0.002409        0.023293
     810        0.000100        0.002433        0.023344
     811        0.000100        0.002396        0.023361
     812        0.000100        0.002450        0.023355
     813        0.000100        0.002393        0.023240
     814        0.000100        0.002441        0.023308
     815        0.000100        0.002386        0.023347
     816        0.000100        0.002429        0.023264
     817        0.000100        0.002386        0.023299
     818        0.000100        0.002407        0.023199
     819        0.000100        0.002363        0.023221
     820        0.000100        0.002397        0.023245
     821        0.000100        0.002349        0.023272
     822        0.000100        0.002399        0.023344
     823        0.000100        0.002358        0.023276
     824        0.000100        0.002383        0.023287
     825        0.000100        0.002333        0.023220
     826        0.000100        0.002390        0.023312
     827        0.000100        0.002342        0.023234
     828        0.000100        0.002377        0.023203
     829        0.000100        0.002342        0.023276
     830        0.000100        0.002369        0.023122
     831        0.000100        0.002347        0.023223
     832        0.000100        0.002385        0.023213
     833        0.000100        0.002350        0.023314
     834        0.000100        0.002370        0.023145
     835        0.000100        0.002366        0.023384
     836        0.000100        0.002399        0.023230
     837        0.000100        0.002361        0.023319
     838        0.000100        0.002377        0.023149
     839        0.000100        0.002366        0.023376
     840        0.000100        0.002403        0.023234
     841        0.000100        0.002368        0.023292
     842        0.000100        0.002389        0.023182
     843        0.000100        0.002371        0.023330
     844        0.000100        0.002396        0.023204
     845        0.000100        0.002368        0.023270
     846        0.000100        0.002386        0.023179
     847        0.000100        0.002378        0.023371
     848        0.000100        0.002387        0.023168
     849        0.000100        0.002374        0.023349
     850        0.000100        0.002382        0.023205
     851        0.000100        0.002376        0.023325
     852        0.000100        0.002372        0.023215
     853        0.000100        0.002363        0.023424
     854        0.000100        0.002391        0.023467
     855        0.000100        0.002367        0.023424
     856        0.000100        0.002394        0.023503
     857        0.000100        0.002366        0.023480
     858        0.000100        0.002385        0.023561
     859        0.000100        0.002367        0.023532
     860        0.000100        0.002399        0.023578
     861        0.000100        0.002362        0.023529
     862        0.000100        0.002377        0.023469
     863        0.000100        0.002352        0.023439
     864        0.000100        0.002380        0.023419
     865        0.000100        0.002348        0.023366
     866        0.000100        0.002364        0.023237
     867        0.000100        0.002337        0.023286
     868        0.000100        0.002358        0.023154
     869        0.000100        0.002338        0.023285
     870        0.000100        0.002364        0.023144
     871        0.000100        0.002353        0.023313
     872        0.000100        0.002360        0.023093
     873        0.000100        0.002333        0.023226
     874        0.000100        0.002363        0.023154
     875        0.000100        0.002351        0.023348
     876        0.000100        0.002357        0.023159
     877        0.000100        0.002342        0.023341
     878        0.000100        0.002378        0.023222
     879        0.000100        0.002338        0.023234
     880        0.000100        0.002355        0.023133
     881        0.000100        0.002323        0.023214
     882        0.000100        0.002372        0.023186
     883        0.000100        0.002344        0.023247
     884        0.000100        0.002360        0.023142
     885        0.000100        0.002330        0.023216
     886        0.000100        0.002370        0.023164
     887        0.000100        0.002354        0.023302
     888        0.000100        0.002359        0.023116
     889        0.000100        0.002330        0.023151
     890        0.000100        0.002372        0.023176
     891        0.000100        0.002335        0.023196
     892        0.000100        0.002342        0.023075
     893        0.000100        0.002327        0.023136
     894        0.000100        0.002365        0.023149
     895        0.000100        0.002325        0.023067
     896        0.000100        0.002346        0.023136
     897        0.000100        0.002319        0.023221
     898        0.000100        0.002390        0.023616
     899        0.000100        0.002339        0.023454
     900        0.000100        0.002423        0.024072
     901        0.000100        0.002329        0.023321
     902        0.000100        0.002421        0.023974
     903        0.000100        0.002321        0.023179
     904        0.000100        0.002407        0.023827
     905        0.000100        0.002304        0.023019
     906        0.000100        0.002392        0.023748
     907        0.000100        0.002297        0.023027
     908        0.000100        0.002373        0.023496
     909        0.000100        0.002292        0.023026
     910        0.000100        0.002363        0.023438
     911        0.000100        0.002292        0.022993
     912        0.000100        0.002333        0.023161
     913        0.000100        0.002293        0.022974
     914        0.000100        0.002311        0.022886
     915        0.000100        0.002279        0.022837
     916        0.000100        0.002307        0.022798
     917        0.000100        0.002286        0.022956
     918        0.000100        0.002304        0.022815
     919        0.000100        0.002298        0.023124
     920        0.000100        0.002307        0.022843
     921        0.000100        0.002293        0.023077
     922        0.000100        0.002314        0.022854
     923        0.000100        0.002296        0.023078
     924        0.000100        0.002323        0.022870
     925        0.000100        0.002300        0.023086
     926        0.000100        0.002328        0.022887
     927        0.000100        0.002300        0.023016
     928        0.000100        0.002340        0.022915
     929        0.000100        0.002297        0.023110
     930        0.000100        0.002333        0.022843
     931        0.000100        0.002297        0.022928
     932        0.000100        0.002366        0.022971
     933        0.000100        0.002304        0.022934
     934        0.000100        0.002353        0.022977
     935        0.000100        0.002290        0.022970
     936        0.000100        0.002351        0.022864
     937        0.000100        0.002296        0.022781
     938        0.000100        0.002330        0.022905
     939        0.000100        0.002287        0.022868
     940        0.000100        0.002290        0.022882
     941        0.000100        0.002347        0.022922
     942        0.000100        0.002301        0.022989
     943        0.000100        0.002339        0.022959
     944        0.000100        0.002287        0.022910
     945        0.000100        0.002361        0.023100
     946        0.000100        0.002303        0.022811
     947        0.000100        0.002383        0.023120
     948        0.000100        0.002294        0.022840
     949        0.000100        0.002343        0.022980
     950        0.000100        0.002293        0.022804
     951        0.000100        0.002330        0.022979
     952        0.000100        0.002281        0.022815
     953        0.000100        0.002332        0.023097
     954        0.000100        0.002303        0.022858
     955        0.000100        0.002289        0.022875
     956        0.000100        0.002336        0.023167
     957        0.000100        0.002278        0.022773
     958        0.000100        0.002313        0.023037
     959        0.000100        0.002270        0.022779
     960        0.000100        0.002320        0.022942
     961        0.000100        0.002281        0.022694
     962        0.000100        0.002261        0.022693
     963        0.000100        0.002281        0.022656
     964        0.000100        0.002267        0.022775
     965        0.000100        0.002281        0.022687
     966        0.000100        0.002261        0.022718
     967        0.000100        0.002308        0.022751
     968        0.000100        0.002268        0.022953
     969        0.000100        0.002287        0.022733
     970        0.000100        0.002271        0.022944
     971        0.000100        0.002293        0.022732
     972        0.000100        0.002263        0.022881
     973        0.000100        0.002292        0.022750
     974        0.000100        0.002261        0.022884
     975        0.000100        0.002290        0.022740
     976        0.000100        0.002264        0.022937
     977        0.000100        0.002301        0.022765
     978        0.000100        0.002268        0.022901
     979        0.000100        0.002291        0.022720
     980        0.000100        0.002264        0.022805
     981        0.000100        0.002298        0.022690
     982        0.000100        0.002274        0.022907
     983        0.000100        0.002289        0.022701
     984        0.000100        0.002273        0.022884
     985        0.000100        0.002284        0.022735
     986        0.000100        0.002271        0.022880
     987        0.000100        0.002273        0.022649
     988        0.000100        0.002256        0.022757
     989        0.000100        0.002273        0.022705
     990        0.000100        0.002253        0.022695
     991        0.000100        0.002289        0.022779
     992        0.000100        0.002257        0.022717
     993        0.000100        0.002298        0.022894
     994        0.000100        0.002261        0.022711
     995        0.000100        0.002294        0.022849
     996        0.000100        0.002258        0.022723
     997        0.000100        0.002287        0.022740
     998        0.000100        0.002249        0.022708
     999        0.000100        0.002272        0.022725
    1000        0.000100        0.002248        0.022701
    1001        0.000100        0.002271        0.022679
    1002        0.000100        0.002236        0.022647
    1003        0.000100        0.002258        0.022614
    1004        0.000100        0.002230        0.022663
    1005        0.000100        0.002257        0.022609
    1006        0.000100        0.002230        0.022711
    1007        0.000100        0.002245        0.022616
    1008        0.000100        0.002225        0.022710
    1009        0.000100        0.002241        0.022570
    1010        0.000100        0.002231        0.022841
    1011        0.000100        0.002239        0.022592
    1012        0.000100        0.002229        0.022819
    1013        0.000100        0.002240        0.022667
    1014        0.000100        0.002226        0.022806
    1015        0.000100        0.002239        0.022584
    1016        0.000100        0.002220        0.022769
    1017        0.000100        0.002260        0.022693
    1018        0.000100        0.002216        0.022661
    1019        0.000100        0.002245        0.022623
    1020        0.000100        0.002217        0.022707
    1021        0.000100        0.002253        0.022621
    1022        0.000100        0.002234        0.022634
    1023        0.000100        0.002241        0.022584
    1024        0.000100        0.002230        0.022734
    1025        0.000100        0.002253        0.022586
    1026        0.000100        0.002243        0.022671
    1027        0.000100        0.002250        0.022570
    1028        0.000100        0.002228        0.022630
    1029        0.000100        0.002248        0.022538
    1030        0.000100        0.002233        0.022657
    1031        0.000100        0.002240        0.022520
    1032        0.000100        0.002235        0.022749
    1033        0.000100        0.002237        0.022561
    1034        0.000100        0.002223        0.022638
    1035        0.000100        0.002242        0.022557
    1036        0.000100        0.002244        0.022604
    1037        0.000100        0.002269        0.022897
    1038        0.000100        0.002250        0.022745
    1039        0.000100        0.002300        0.023180
    1040        0.000100        0.002255        0.022688
    1041        0.000100        0.002282        0.022888
    1042        0.000100        0.002234        0.022509
    1043        0.000100        0.002264        0.022812
    1044        0.000100        0.002218        0.022452
    1045        0.000100        0.002248        0.022750
    1046        0.000100        0.002212        0.022480
    1047        0.000100        0.002235        0.022706
    1048        0.000100        0.002212        0.022449
    1049        0.000100        0.002230        0.022589
    1050        0.000100        0.002219        0.022463
    1051        0.000100        0.002226        0.022451
    1052        0.000100        0.002220        0.022465
    1053        0.000100        0.002221        0.022373
    1054        0.000100        0.002235        0.022529
    1055        0.000100        0.002233        0.022387
    1056        0.000100        0.002231        0.022599
    1057        0.000100        0.002225        0.022374
    1058        0.000100        0.002230        0.022625
    1059        0.000100        0.002239        0.022490
    1060        0.000100        0.002233        0.022637
    1061        0.000100        0.002237        0.022465
    1062        0.000100        0.002241        0.022686
    1063        0.000100        0.002238        0.022475
    1064        0.000100        0.002235        0.022655
    1065        0.000100        0.002239        0.022473
    1066        0.000100        0.002241        0.022682
    1067        0.000100        0.002242        0.022500
    1068        0.000100        0.002242        0.022641
    1069        0.000100        0.002248        0.022447
    1070        0.000100        0.002247        0.022672
    1071        0.000100        0.002252        0.022473
    1072        0.000100        0.002242        0.022614
    1073        0.000100        0.002251        0.022448
    1074        0.000100        0.002245        0.022632
    1075        0.000100        0.002258        0.022465
    1076        0.000100        0.002235        0.022579
    1077        0.000100        0.002247        0.022459
    1078        0.000100        0.002239        0.022627
    1079        0.000100        0.002246        0.022470
    1080        0.000100        0.002243        0.022650
    1081        0.000100        0.002252        0.022503
    1082        0.000100        0.002250        0.022871
    1083        0.000100        0.002244        0.022513
    1084        0.000100        0.002237        0.022589
    1085        0.000100        0.002239        0.022430
    1086        0.000100        0.002230        0.022496
    1087        0.000100        0.002242        0.022591
    1088        0.000100        0.002230        0.022498
    1089        0.000100        0.002248        0.022591
    1090        0.000100        0.002214        0.022407
    1091        0.000100        0.002236        0.022523
    1092        0.000100        0.002215        0.022396
    1093        0.000100        0.002227        0.022427
    1094        0.000100        0.002208        0.022333
    1095        0.000100        0.002227        0.022418
    1096        0.000100        0.002191        0.022314
    1097        0.000100        0.002212        0.022412
    1098        0.000100        0.002188        0.022301
    1099        0.000100        0.002199        0.022277
    1100        0.000100        0.002178        0.022265
    1101        0.000100        0.002196        0.022268
    1102        0.000100        0.002199        0.022395
    1103        0.000100        0.002199        0.022261
    1104        0.000100        0.002204        0.022467
    1105        0.000100        0.002209        0.022294
    1106        0.000100        0.002214        0.022491
    1107        0.000100        0.002217        0.022298
    1108        0.000100        0.002211        0.022475
    1109        0.000100        0.002221        0.022344
    1110        0.000100        0.002213        0.022557
    1111        0.000100        0.002218        0.022303
    1112        0.000100        0.002211        0.022475
    1113        0.000100        0.002221        0.022326
    1114        0.000100        0.002201        0.022465
    1115        0.000100        0.002217        0.022332
    1116        0.000100        0.002212        0.022422
    1117        0.000100        0.002226        0.022300
    1118        0.000100        0.002216        0.022465
    1119        0.000100        0.002224        0.022309
    1120        0.000100        0.002218        0.022486
    1121        0.000100        0.002225        0.022324
    1122        0.000100        0.002209        0.022432
    1123        0.000100        0.002224        0.022321
    1124        0.000100        0.002215        0.022460
    1125        0.000100        0.002219        0.022285
    1126        0.000100        0.002215        0.022536
    1127        0.000100        0.002215        0.022320
    1128        0.000100        0.002211        0.022577
    1129        0.000100        0.002223        0.022372
    1130        0.000100        0.002215        0.022454
    1131        0.000100        0.002225        0.022459
    1132        0.000100        0.002210        0.022402
    1133        0.000100        0.002243        0.022603
    1134        0.000100        0.002202        0.022350
    1135        0.000100        0.002230        0.022461
    1136        0.000100        0.002192        0.022277
    1137        0.000100        0.002215        0.022408
    1138        0.000100        0.002185        0.022242
    1139        0.000100        0.002202        0.022357
    1140        0.000100        0.002181        0.022235
    1141        0.000100        0.002201        0.022388
    1142        0.000100        0.002169        0.022215
    1143        0.000100        0.002194        0.022345
    1144        0.000100        0.002170        0.022208
    1145        0.000100        0.002190        0.022248
    1146        0.000100        0.002172        0.022187
    1147        0.000100        0.002188        0.022223
    1148        0.000100        0.002180        0.022266
    1149        0.000100        0.002191        0.022201
    1150        0.000100        0.002173        0.022242
    1151        0.000100        0.002190        0.022215
    1152        0.000100        0.002185        0.022326
    1153        0.000100        0.002193        0.022236
    1154        0.000100        0.002188        0.022451
    1155        0.000100        0.002205        0.022353
    1156        0.000100        0.002187        0.022394
    1157        0.000100        0.002192        0.022183
    1158        0.000100        0.002178        0.022353
    1159        0.000100        0.002197        0.022229
    1160        0.000100        0.002186        0.022335
    1161        0.000100        0.002196        0.022242
    1162        0.000100        0.002188        0.022334
    1163        0.000100        0.002208        0.022191
    1164        0.000100        0.002185        0.022305
    1165        0.000100        0.002204        0.022261
    1166        0.000100        0.002187        0.022288
    1167        0.000100        0.002206        0.022206
    1168        0.000100        0.002181        0.022273
    1169        0.000100        0.002198        0.022178
    1170        0.000100        0.002181        0.022295
    1171        0.000100        0.002200        0.022201
    1172        0.000100        0.002191        0.022526
    1173        0.000100        0.002203        0.022261
    1174        0.000100        0.002195        0.022460
    1175        0.000100        0.002208        0.022255
    1176        0.000100        0.002193        0.022331
    1177        0.000100        0.002225        0.022479
    1178        0.000100        0.002194        0.022309
    1179        0.000100        0.002228        0.022472
    1180        0.000100        0.002187        0.022220
    1181        0.000100        0.002212        0.022344
    1182        0.000100        0.002178        0.022193
    1183        0.000100        0.002202        0.022274
    1184        0.000100        0.002172        0.022174
    1185        0.000100        0.002199        0.022318
    1186        0.000100        0.002169        0.022157
    1187        0.000100        0.002189        0.022307
    1188        0.000100        0.002156        0.022128
    1189        0.000100        0.002197        0.022299
    1190        0.000100        0.002165        0.022146
    1191        0.000100        0.002185        0.022152
    1192        0.000100        0.002161        0.022193
    1193        0.000100        0.002178        0.022162
    1194        0.000100        0.002166        0.022210
    1195        0.000100        0.002180        0.022122
    1196        0.000100        0.002168        0.022207
    1197        0.000100        0.002183        0.022207
    1198        0.000100        0.002173        0.022358
    1199        0.000100        0.002186        0.022274
    1200        0.000100        0.002178        0.022370
    1201        0.000100        0.002186        0.022231
    1202        0.000100        0.002172        0.022283
    1203        0.000100        0.002175        0.022142
    1204        0.000100        0.002164        0.022258
    1205        0.000100        0.002176        0.022135
    1206        0.000100        0.002165        0.022216
    1207        0.000100        0.002185        0.022160
    1208        0.000100        0.002168        0.022168
    1209        0.000100        0.002184        0.022074
    1210        0.000100        0.002168        0.022173
    1211        0.000100        0.002187        0.022123
    1212        0.000100        0.002174        0.022240
    1213        0.000100        0.002187        0.022085
    1214        0.000100        0.002178        0.022223
    1215        0.000100        0.002184        0.022104
    1216        0.000100        0.002180        0.022341
    1217        0.000100        0.002189        0.022197
    1218        0.000100        0.002186        0.022436
    1219        0.000100        0.002189        0.022217
    1220        0.000100        0.002187        0.022488
    1221        0.000100        0.002190        0.022266
    1222        0.000100        0.002176        0.022427
    1223        0.000100        0.002186        0.022156
    1224        0.000100        0.002173        0.022276
    1225        0.000100        0.002200        0.022428
    1226        0.000100        0.002173        0.022218
    1227        0.000100        0.002192        0.022351
    1228        0.000100        0.002161        0.022159
    1229        0.000100        0.002182        0.022261
    1230        0.000100        0.002162        0.022149
    1231        0.000100        0.002187        0.022357
    1232        0.000100        0.002152        0.022144
    1233        0.000100        0.002187        0.022379
    1234        0.000100        0.002149        0.022128
    1235        0.000100        0.002187        0.022369
    1236        0.000100        0.002145        0.022097
    1237        0.000100        0.002184        0.022249
    1238        0.000100        0.002144        0.022077
    1239        0.000100        0.002176        0.022177
    1240        0.000100        0.002148        0.022169
    1241        0.000100        0.002175        0.022142
    1242        0.000100        0.002148        0.022178
    1243        0.000100        0.002179        0.022147
    1244        0.000100        0.002150        0.022186
    1245        0.000100        0.002175        0.022139
    1246        0.000100        0.002152        0.022193
    1247        0.000100        0.002204        0.022349
    1248        0.000100        0.002169        0.022421
    1249        0.000100        0.002158        0.022094
    1250        0.000100        0.002158        0.022166
    1251        0.000100        0.002170        0.022116
    1252        0.000100        0.002156        0.022359
    1253        0.000100        0.002167        0.022263
    1254        0.000100        0.002150        0.022168
    1255        0.000100        0.002151        0.021997
    1256        0.000100        0.002162        0.022037
    1257        0.000100        0.002173        0.022148
    1258        0.000100        0.002144        0.022195
    1259        0.000100        0.002141        0.021957
    1260        0.000100        0.002154        0.022004
    1261        0.000100        0.002201        0.022260
    1262        0.000100        0.002161        0.022204
    1263        0.000100        0.002149        0.021999
    1264        0.000100        0.002154        0.021994
    1265        0.000100        0.002203        0.022173
    1266        0.000100        0.002158        0.022211
    1267        0.000100        0.002179        0.022314
    1268        0.000100        0.002132        0.022095
    1269        0.000100        0.002154        0.022047
    1270        0.000100        0.002157        0.022182
    1271        0.000100        0.002168        0.022261
    1272        0.000100        0.002142        0.022272
    1273        0.000100        0.002158        0.022132
    1274        0.000100        0.002156        0.022207
    1275        0.000100        0.002176        0.022487
    1276        0.000100        0.002153        0.022590
    1277        0.000100        0.002163        0.022121
    1278        0.000100        0.002156        0.022108
    1279        0.000100        0.002163        0.022213
    1280        0.000100        0.002149        0.022314
    1281        0.000100        0.002180        0.022519
    1282        0.000100        0.002170        0.022387
    1283        0.000100        0.002147        0.022196
    1284        0.000100        0.002135        0.022190
    1285        0.000100        0.002155        0.022327
    1286        0.000100        0.002150        0.022272
    1287        0.000100        0.002171        0.022336
    1288        0.000100        0.002122        0.022156
    1289        0.000100        0.002139        0.022265
    1290        0.000100        0.002136        0.022235
    1291        0.000100        0.002183        0.022328
    1292        0.000100        0.002118        0.022066
    1293        0.000100        0.002130        0.022060
    1294        0.000100        0.002145        0.022258
    1295        0.000100        0.002132        0.022019
    1296        0.000100        0.002119        0.022103
    1297        0.000100        0.002127        0.021989
    1298        0.000100        0.002125        0.022342
    1299        0.000100        0.002138        0.022150
    1300        0.000100        0.002163        0.022574
    1301        0.000100        0.002139        0.022145
    1302        0.000100        0.002135        0.022327
    1303        0.000100        0.002148        0.022136
    1304        0.000100        0.002131        0.022375
    1305        0.000100        0.002145        0.022147
    1306        0.000100        0.002103        0.022130
    1307        0.000100        0.002168        0.022218
    1308        0.000100        0.002114        0.022049
    1309        0.000100        0.002161        0.022203
    1310        0.000100        0.002112        0.021995
    1311        0.000100        0.002147        0.022142
    1312        0.000100        0.002124        0.022047
    1313        0.000100        0.002146        0.021978
    1314        0.000100        0.002140        0.022105
    1315        0.000100        0.002124        0.021988
    1316        0.000100        0.002126        0.021937
    1317        0.000100        0.002160        0.021979
    1318        0.000100        0.002144        0.022102
    1319        0.000100        0.002154        0.022058
    1320        0.000100        0.002137        0.022080
