       0        0.000100     6155.879922       77.947052
       1        0.000100     6104.530860       77.623390
       2        0.000100     6020.969251       77.093422
       3        0.000100     5927.960613       76.496666
       4        0.000100     5829.165330       75.855614
       5        0.000100     5726.205959       75.180420
       6        0.000100     5620.303355       74.478958
       7        0.000100     5511.639578       73.751747
       8        0.000100     5399.894861       72.995926
       9        0.000100     5284.528619       72.207146
      10        0.000100     5165.254833       71.382362
      11        0.000100     5041.943061       70.519440
      12        0.000100     4914.577502       69.616837
      13        0.000100     4783.266508       68.673859
      14        0.000100     4648.222906       67.690338
      15        0.000100     4509.711569       66.666428
      16        0.000100     4368.003156       65.602264
      17        0.000100     4223.401087       64.498299
      18        0.000100     4076.275108       63.355263
      19        0.000100     3927.020053       62.174175
      20        0.000100     3776.005431       60.955872
      21        0.000100     3623.646330       59.701534
      22        0.000100     3470.373398       58.412418
      23        0.000100     3316.710919       57.090824
      24        0.000100     3163.041738       55.737755
      25        0.000100     3009.786728       54.354755
      26        0.000100     2857.395095       52.943741
      27        0.000100     2706.313869       51.506714
      28        0.000100     2556.985154       50.045784
      29        0.000100     2409.843468       48.563255
      30        0.000100     2265.310448       47.061581
      31        0.000100     2123.787654       45.543186
      32        0.000100     1985.665596       44.010788
      33        0.000100     1851.305425       42.467106
      34        0.000100     1721.052450       40.915070
      35        0.000100     1595.217090       39.357578
      36        0.000100     1474.081022       37.797688
      37        0.000100     1357.896612       36.238552
      38        0.000100     1246.881193       34.683411
      39        0.000100     1141.211836       33.135490
      40        0.000100     1041.030196       31.598047
      41        0.000100      946.436696       30.074446
      42        0.000100      857.498188       28.568008
      43        0.000100      774.235641       27.082035
      44        0.000100      696.634664       25.619808
      45        0.000100      624.639977       24.184557
      46        0.000100      558.160887       22.779373
      47        0.000100      497.070575       21.407309
      48        0.000100      441.210557       20.071228
      49        0.000100      390.391471       18.773954
      50        0.000100      344.397726       17.518305
      51        0.000100      302.991825       16.306585
      52        0.000100      265.917366       15.141467
      53        0.000100      232.902376       14.027005
      54        0.000100      203.664449       12.964555
      55        0.000100      177.916692       11.958058
      56        0.000100      155.369915       11.013823
      57        0.000100      135.737068       10.135083
      58        0.000100      118.736545        9.329308
      59        0.000100      104.095995        8.598245
      60        0.000100       91.556145        7.944175
      61        0.000100       80.870728        7.371925
      62        0.000100       71.810580        6.874799
      63        0.000100       64.163359        6.444019
      64        0.000100       57.735516        6.071334
      65        0.000100       52.351869        5.753535
      66        0.000100       47.855615        5.483809
      67        0.000100       44.107634        5.255429
      68        0.000100       40.986311        5.064988
      69        0.000100       38.385525        4.907565
      70        0.000100       36.214059        4.775658
      71        0.000100       34.394142        4.664791
      72        0.000100       32.860259        4.570355
      73        0.000100       31.557118        4.488611
      74        0.000100       30.439401        4.417094
      75        0.000100       29.469366        4.352949
      76        0.000100       28.616495        4.294923
      77        0.000100       27.855820        4.241666
      78        0.000100       27.167571        4.192031
      79        0.000100       26.535881        4.145514
      80        0.000100       25.948283        4.101388
      81        0.000100       25.395061        4.059005
      82        0.000100       24.868634        4.018198
      83        0.000100       24.363155        3.978497
      84        0.000100       23.874210        3.939561
      85        0.000100       23.398497        3.901137
      86        0.000100       22.933563        3.863058
      87        0.000100       22.477544        3.825223
      88        0.000100       22.029134        3.787498
      89        0.000100       21.587384        3.749874
      90        0.000100       21.151661        3.712291
      91        0.000100       20.721539        3.674662
      92        0.000100       20.296706        3.637029
      93        0.000100       19.877045        3.599359
      94        0.000100       19.462399        3.561657
      95        0.000100       19.052801        3.523949
      96        0.000100       18.648242        3.486184
      97        0.000100       18.248747        3.448384
      98        0.000100       17.854377        3.410557
      99        0.000100       17.465200        3.372788
     100        0.000100       17.081275        3.335078
     101        0.000100       16.702672        3.297387
     102        0.000100       16.329461        3.259749
     103        0.000100       15.961717        3.222157
     104        0.000100       15.599480        3.184721
     105        0.000100       15.242816        3.147361
     106        0.000100       14.891787        3.110118
     107        0.000100       14.546412        3.073019
     108        0.000100       14.206751        3.036082
     109        0.000100       13.872855        2.999287
     110        0.000100       13.544719        2.962662
     111        0.000100       13.222381        2.926221
     112        0.000100       12.905865        2.889918
     113        0.000100       12.595186        2.853838
     114        0.000100       12.290344        2.818126
     115        0.000100       11.991343        2.782688
     116        0.000100       11.698193        2.747565
     117        0.000100       11.410864        2.712648
     118        0.000100       11.129367        2.677948
     119        0.000100       10.853673        2.643512
     120        0.000100       10.583754        2.609371
     121        0.000100       10.319610        2.575563
     122        0.000100       10.061178        2.542128
     123        0.000100        9.808455        2.509010
     124        0.000100        9.561372        2.476217
     125        0.000100        9.319911        2.443784
     126        0.000100        9.083998        2.411680
     127        0.000100        8.853603        2.379953
     128        0.000100        8.628659        2.348614
     129        0.000100        8.409114        2.317598
     130        0.000100        8.194905        2.286954
     131        0.000100        7.985953        2.256748
     132        0.000100        7.782220        2.226962
     133        0.000100        7.583598        2.197587
     134        0.000100        7.390043        2.168696
     135        0.000100        7.201467        2.140226
     136        0.000100        7.017773        2.112172
     137        0.000100        6.838894        2.084530
     138        0.000100        6.664739        2.057294
     139        0.000100        6.495240        2.030478
     140        0.000100        6.330301        2.004130
     141        0.000100        6.169823        1.978255
     142        0.000100        6.013714        1.952809
     143        0.000100        5.861909        1.927712
     144        0.000100        5.714285        1.903076
     145        0.000100        5.570758        1.878904
     146        0.000100        5.431236        1.855157
     147        0.000100        5.295629        1.831786
     148        0.000100        5.163841        1.808790
     149        0.000100        5.035773        1.786176
     150        0.000100        4.911338        1.763989
     151        0.000100        4.790425        1.742242
     152        0.000100        4.672964        1.720835
     153        0.000100        4.558853        1.699748
     154        0.000100        4.447991        1.679004
     155        0.000100        4.340293        1.658549
     156        0.000100        4.235671        1.638427
     157        0.000100        4.134041        1.618676
     158        0.000100        4.035304        1.599231
     159        0.000100        3.939380        1.580068
     160        0.000100        3.846183        1.561208
     161        0.000100        3.755625        1.542677
     162        0.000100        3.667636        1.524440
     163        0.000100        3.582142        1.506450
     164        0.000100        3.499050        1.488656
     165        0.000100        3.418289        1.471132
     166        0.000100        3.339791        1.453890
     167        0.000100        3.263470        1.436911
     168        0.000100        3.189278        1.420188
     169        0.000100        3.117136        1.403706
     170        0.000100        3.046971        1.387434
     171        0.000100        2.978737        1.371383
     172        0.000100        2.912358        1.355548
     173        0.000100        2.847776        1.339952
     174        0.000100        2.784948        1.324620
     175        0.000100        2.723798        1.309536
     176        0.000100        2.664297        1.294698
     177        0.000100        2.606371        1.280085
     178        0.000100        2.549990        1.265757
     179        0.000100        2.495086        1.251690
     180        0.000100        2.441632        1.237900
     181        0.000100        2.389574        1.224370
     182        0.000100        2.338876        1.211014
     183        0.000100        2.289488        1.197843
     184        0.000100        2.241391        1.184868
     185        0.000100        2.194526        1.172099
     186        0.000100        2.148868        1.159543
     187        0.000100        2.104373        1.147170
     188        0.000100        2.061016        1.134986
     189        0.000100        2.018763        1.122947
     190        0.000100        1.977589        1.111081
     191        0.000100        1.937456        1.099404
     192        0.000100        1.898332        1.087885
     193        0.000100        1.860207        1.076526
     194        0.000100        1.823040        1.065316
     195        0.000100        1.786809        1.054288
     196        0.000100        1.751491        1.043432
     197        0.000100        1.717060        1.032797
     198        0.000100        1.683490        1.022354
     199        0.000100        1.650767        1.012068
     200        0.000100        1.618860        1.001912
     201        0.000100        1.587751        0.991904
     202        0.000100        1.557423        0.982045
     203        0.000100        1.527850        0.972333
     204        0.000100        1.499017        0.962786
     205        0.000100        1.470902        0.953390
     206        0.000100        1.443489        0.944140
     207        0.000100        1.416756        0.935044
     208        0.000100        1.390689        0.926086
     209        0.000100        1.365271        0.917262
     210        0.000100        1.340480        0.908605
     211        0.000100        1.316302        0.900087
     212        0.000100        1.292726        0.891683
     213        0.000100        1.269729        0.883393
     214        0.000100        1.247301        0.875218
     215        0.000100        1.225416        0.867159
     216        0.000100        1.204073        0.859214
     217        0.000100        1.183249        0.851392
     218        0.000100        1.162934        0.843679
     219        0.000100        1.143110        0.836076
     220        0.000100        1.123767        0.828591
     221        0.000100        1.104889        0.821210
     222        0.000100        1.086460        0.813941
     223        0.000100        1.068474        0.806809
     224        0.000100        1.050912        0.799774
     225        0.000100        1.033764        0.792832
     226        0.000100        1.017020        0.785989
     227        0.000100        1.000664        0.779275
     228        0.000100        0.984691        0.772679
     229        0.000100        0.969083        0.766214
     230        0.000100        0.953830        0.759831
     231        0.000100        0.938923        0.753527
     232        0.000100        0.924354        0.747306
     233        0.000100        0.910109        0.741176
     234        0.000100        0.896178        0.735125
     235        0.000100        0.882550        0.729157
     236        0.000100        0.869224        0.723273
     237        0.000100        0.856179        0.717472
     238        0.000100        0.843413        0.711752
     239        0.000100        0.830915        0.706106
     240        0.000100        0.818679        0.700520
     241        0.000100        0.806694        0.694981
     242        0.000100        0.794953        0.689499
     243        0.000100        0.783451        0.684078
     244        0.000100        0.772176        0.678744
     245        0.000100        0.761126        0.673472
     246        0.000100        0.750289        0.668258
     247        0.000100        0.739658        0.663103
     248        0.000100        0.729229        0.658018
     249        0.000100        0.718999        0.652997
     250        0.000100        0.708955        0.648043
     251        0.000100        0.699095        0.643150
     252        0.000100        0.689414        0.638321
     253        0.000100        0.679905        0.633548
     254        0.000100        0.670561        0.628821
     255        0.000100        0.661379        0.624145
     256        0.000100        0.652355        0.619501
     257        0.000100        0.643484        0.614890
     258        0.000100        0.634757        0.610306
     259        0.000100        0.626178        0.605766
     260        0.000100        0.617739        0.601280
     261        0.000100        0.609430        0.596839
     262        0.000100        0.601257        0.592443
     263        0.000100        0.593210        0.588092
     264        0.000100        0.585288        0.583798
     265        0.000100        0.577487        0.579552
     266        0.000100        0.569803        0.575339
     267        0.000100        0.562234        0.571171
     268        0.000100        0.554777        0.567036
     269        0.000100        0.547429        0.562939
     270        0.000100        0.540186        0.558877
     271        0.000100        0.533047        0.554850
     272        0.000100        0.526012        0.550845
     273        0.000100        0.519072        0.546860
     274        0.000100        0.512230        0.542903
     275        0.000100        0.505483        0.538972
     276        0.000100        0.498829        0.535076
     277        0.000100        0.492265        0.531207
     278        0.000100        0.485790        0.527366
     279        0.000100        0.479401        0.523558
     280        0.000100        0.473098        0.519789
     281        0.000100        0.466880        0.516052
     282        0.000100        0.460742        0.512338
     283        0.000100        0.454686        0.508641
     284        0.000100        0.448709        0.504969
     285        0.000100        0.442810        0.501330
     286        0.000100        0.436989        0.497709
     287        0.000100        0.431242        0.494105
     288        0.000100        0.425569        0.490529
     289        0.000100        0.419973        0.486973
     290        0.000100        0.414445        0.483440
     291        0.000100        0.408991        0.479936
     292        0.000100        0.403606        0.476453
     293        0.000100        0.398291        0.472986
     294        0.000100        0.393045        0.469537
     295        0.000100        0.387865        0.466113
     296        0.000100        0.382753        0.462711
     297        0.000100        0.377708        0.459331
     298        0.000100        0.372726        0.455974
     299        0.000100        0.367809        0.452638
     300        0.000100        0.362958        0.449327
     301        0.000100        0.358169        0.446034
     302        0.000100        0.353442        0.442766
     303        0.000100        0.348777        0.439526
     304        0.000100        0.344174        0.436315
     305        0.000100        0.339631        0.433122
     306        0.000100        0.335148        0.429949
     307        0.000100        0.330725        0.426803
     308        0.000100        0.326359        0.423676
     309        0.000100        0.322054        0.420580
     310        0.000100        0.317805        0.417506
     311        0.000100        0.313613        0.414455
     312        0.000100        0.309477        0.411431
     313        0.000100        0.305399        0.408431
     314        0.000100        0.301377        0.405455
     315        0.000100        0.297409        0.402499
     316        0.000100        0.293494        0.399568
     317        0.000100        0.289634        0.396659
     318        0.000100        0.285830        0.393769
     319        0.000100        0.282077        0.390903
     320        0.000100        0.278376        0.388059
     321        0.000100        0.274728        0.385241
     322        0.000100        0.271131        0.382451
     323        0.000100        0.267586        0.379699
     324        0.000100        0.264091        0.376968
     325        0.000100        0.260648        0.374261
     326        0.000100        0.257252        0.371577
     327        0.000100        0.253907        0.368917
     328        0.000100        0.250611        0.366280
     329        0.000100        0.247363        0.363674
     330        0.000100        0.244163        0.361094
     331        0.000100        0.241011        0.358549
     332        0.000100        0.237906        0.356033
     333        0.000100        0.234847        0.353538
     334        0.000100        0.231835        0.351064
     335        0.000100        0.228870        0.348614
     336        0.000100        0.225948        0.346188
     337        0.000100        0.223074        0.343798
     338        0.000100        0.220242        0.341437
     339        0.000100        0.217454        0.339098
     340        0.000100        0.214711        0.336781
     341        0.000100        0.212011        0.334482
     342        0.000100        0.209355        0.332204
     343        0.000100        0.206738        0.329944
     344        0.000100        0.204166        0.327709
     345        0.000100        0.201634        0.325497
     346        0.000100        0.199144        0.323304
     347        0.000100        0.196692        0.321134
     348        0.000100        0.194281        0.318982
     349        0.000100        0.191910        0.316850
     350        0.000100        0.189576        0.314740
     351        0.000100        0.187280        0.312649
     352        0.000100        0.185020        0.310577
     353        0.000100        0.182798        0.308526
     354        0.000100        0.180609        0.306488
     355        0.000100        0.178458        0.304467
     356        0.000100        0.176337        0.302465
     357        0.000100        0.174252        0.300484
     358        0.000100        0.172197        0.298524
     359        0.000100        0.170174        0.296586
     360        0.000100        0.168179        0.294673
     361        0.000100        0.166214        0.292780
     362        0.000100        0.164277        0.290906
     363        0.000100        0.162367        0.289050
     364        0.000100        0.160481        0.287213
     365        0.000100        0.158621        0.285390
     366        0.000100        0.156784        0.283579
     367        0.000100        0.154971        0.281780
     368        0.000100        0.153178        0.279986
     369        0.000100        0.151408        0.278203
     370        0.000100        0.149659        0.276426
     371        0.000100        0.147930        0.274662
     372        0.000100        0.146220        0.272905
     373        0.000100        0.144527        0.271155
     374        0.000100        0.142854        0.269416
     375        0.000100        0.141200        0.267685
     376        0.000100        0.139563        0.265958
     377        0.000100        0.137943        0.264235
     378        0.000100        0.136341        0.262516
     379        0.000100        0.134758        0.260806
     380        0.000100        0.133192        0.259105
     381        0.000100        0.131640        0.257407
     382        0.000100        0.130110        0.255725
     383        0.000100        0.128596        0.254046
     384        0.000100        0.127101        0.252372
     385        0.000100        0.125622        0.250704
     386        0.000100        0.124161        0.249051
     387        0.000100        0.122720        0.247416
     388        0.000100        0.121295        0.245794
     389        0.000100        0.119890        0.244184
     390        0.000100        0.118503        0.242584
     391        0.000100        0.117133        0.240994
     392        0.000100        0.115783        0.239421
     393        0.000100        0.114449        0.237857
     394        0.000100        0.113136        0.236312
     395        0.000100        0.111839        0.234784
     396        0.000100        0.110559        0.233265
     397        0.000100        0.109299        0.231761
     398        0.000100        0.108055        0.230269
     399        0.000100        0.106831        0.228798
     400        0.000100        0.105622        0.227336
     401        0.000100        0.104431        0.225892
     402        0.000100        0.103259        0.224465
     403        0.000100        0.102103        0.223053
     404        0.000100        0.100964        0.221655
     405        0.000100        0.099840        0.220266
     406        0.000100        0.098733        0.218893
     407        0.000100        0.097642        0.217535
     408        0.000100        0.096567        0.216186
     409        0.000100        0.095509        0.214853
     410        0.000100        0.094464        0.213532
     411        0.000100        0.093436        0.212227
     412        0.000100        0.092422        0.210937
     413        0.000100        0.091423        0.209660
     414        0.000100        0.090440        0.208398
     415        0.000100        0.089470        0.207147
     416        0.000100        0.088514        0.205908
     417        0.000100        0.087572        0.204684
     418        0.000100        0.086644        0.203470
     419        0.000100        0.085730        0.202265
     420        0.000100        0.084829        0.201068
     421        0.000100        0.083940        0.199882
     422        0.000100        0.083065        0.198706
     423        0.000100        0.082202        0.197545
     424        0.000100        0.081352        0.196396
     425        0.000100        0.080515        0.195261
     426        0.000100        0.079689        0.194132
     427        0.000100        0.078876        0.193018
     428        0.000100        0.078075        0.191911
     429        0.000100        0.077285        0.190813
     430        0.000100        0.076506        0.189726
     431        0.000100        0.075739        0.188651
     432        0.000100        0.074982        0.187583
     433        0.000100        0.074237        0.186526
     434        0.000100        0.073503        0.185481
     435        0.000100        0.072779        0.184448
     436        0.000100        0.072065        0.183425
     437        0.000100        0.071362        0.182415
     438        0.000100        0.070670        0.181416
     439        0.000100        0.069986        0.180424
     440        0.000100        0.069314        0.179446
     441        0.000100        0.068650        0.178476
     442        0.000100        0.067996        0.177515
     443        0.000100        0.067352        0.176573
     444        0.000100        0.066717        0.175644
     445        0.000100        0.066090        0.174728
     446        0.000100        0.065473        0.173825
     447        0.000100        0.064865        0.172929
     448        0.000100        0.064266        0.172045
     449        0.000100        0.063674        0.171164
     450        0.000100        0.063092        0.170293
     451        0.000100        0.062518        0.169427
     452        0.000100        0.061953        0.168572
     453        0.000100        0.061395        0.167724
     454        0.000100        0.060846        0.166886
     455        0.000100        0.060303        0.166053
     456        0.000100        0.059770        0.165235
     457        0.000100        0.059242        0.164417
     458        0.000100        0.058725        0.163622
     459        0.000100        0.058210        0.162822
     460        0.000100        0.057711        0.162047
     461        0.000100        0.057207        0.161256
     462        0.000100        0.056727        0.160502
     463        0.000100        0.056230        0.159716
     464        0.000100        0.055774        0.158996
     465        0.000100        0.055278        0.158204
     466        0.000100        0.054855        0.157536
     467        0.000100        0.054345        0.156708
     468        0.000100        0.053979        0.156121
     469        0.000100        0.053427        0.155205
     470        0.000100        0.053174        0.154802
     471        0.000100        0.052533        0.153690
     472        0.000100        0.052509        0.153653
     473        0.000100        0.051728        0.152239
     474        0.000100        0.051946        0.152586
     475        0.000100        0.050994        0.150972
     476        0.000100        0.051004        0.151132
     477        0.000100        0.050153        0.149694
     478        0.000100        0.049966        0.149553
     479        0.000100        0.049350        0.148475
     480        0.000100        0.049092        0.148126
     481        0.000100        0.048602        0.147272
     482        0.000100        0.048309        0.146818
     483        0.000100        0.047880        0.146070
     484        0.000100        0.047571        0.145567
     485        0.000100        0.047178        0.144886
     486        0.000100        0.046864        0.144361
     487        0.000100        0.046493        0.143715
     488        0.000100        0.046179        0.143183
     489        0.000100        0.045826        0.142569
     490        0.000100        0.045515        0.142039
     491        0.000100        0.045176        0.141447
     492        0.000100        0.044870        0.140918
     493        0.000100        0.044541        0.140339
     494        0.000100        0.044244        0.139818
     495        0.000100        0.043925        0.139252
     496        0.000100        0.043635        0.138740
     497        0.000100        0.043323        0.138183
     498        0.000100        0.043041        0.137682
     499        0.000100        0.042738        0.137139
     500        0.000100        0.042464        0.136646
     501        0.000100        0.042167        0.136104
     502        0.000100        0.041902        0.135622
     503        0.000100        0.041610        0.135089
     504        0.000100        0.041353        0.134617
     505        0.000100        0.041065        0.134081
     506        0.000100        0.040819        0.133624
     507        0.000100        0.040532        0.133086
     508        0.000100        0.040297        0.132647
     509        0.000100        0.040010        0.132102
     510        0.000100        0.039790        0.131683
     511        0.000100        0.039498        0.131120
     512        0.000100        0.039297        0.130730
     513        0.000100        0.038992        0.130132
     514        0.000100        0.038821        0.129795
     515        0.000100        0.038494        0.129146
     516        0.000100        0.038363        0.128875
     517        0.000100        0.037998        0.128143
     518        0.000100        0.037933        0.127983
     519        0.000100        0.037508        0.127123
     520        0.000100        0.037540        0.127127
     521        0.000100        0.037031        0.126102
     522        0.000100        0.037193        0.126322
     523        0.000100        0.036585        0.125110
     524        0.000100        0.036843        0.125506
     525        0.000100        0.036162        0.124152
     526        0.000100        0.036391        0.124549
     527        0.000100        0.035731        0.123223
     528        0.000100        0.035854        0.123457
     529        0.000100        0.035300        0.122304
     530        0.000100        0.035332        0.122361
     531        0.000100        0.034886        0.121391
     532        0.000100        0.034855        0.121325
     533        0.000100        0.034484        0.120487
     534        0.000100        0.034411        0.120325
     535        0.000100        0.034090        0.119578
     536        0.000100        0.033991        0.119350
     537        0.000100        0.033702        0.118667
     538        0.000100        0.033588        0.118397
     539        0.000100        0.033319        0.117756
     540        0.000100        0.033198        0.117462
     541        0.000100        0.032944        0.116847
     542        0.000100        0.032818        0.116536
     543        0.000100        0.032575        0.115944
     544        0.000100        0.032450        0.115632
     545        0.000100        0.032214        0.115049
     546        0.000100        0.032091        0.114739
     547        0.000100        0.031860        0.114165
     548        0.000100        0.031744        0.113865
     549        0.000100        0.031513        0.113290
     550        0.000100        0.031406        0.113008
     551        0.000100        0.031174        0.112425
     552        0.000100        0.031079        0.112167
     553        0.000100        0.030840        0.111569
     554        0.000100        0.030764        0.111347
     555        0.000100        0.030513        0.110726
     556        0.000100        0.030463        0.110550
     557        0.000100        0.030191        0.109893
     558        0.000100        0.030178        0.109779
     559        0.000100        0.029874        0.109064
     560        0.000100        0.029912        0.109039
     561        0.000100        0.029564        0.108246
     562        0.000100        0.029668        0.108333
     563        0.000100        0.029266        0.107456
     564        0.000100        0.029441        0.107667
     565        0.000100        0.028983        0.106694
     566        0.000100        0.029209        0.106996
     567        0.000100        0.028713        0.105953
     568        0.000100        0.028941        0.106277
     569        0.000100        0.028449        0.105239
     570        0.000100        0.028635        0.105504
     571        0.000100        0.028189        0.104546
     572        0.000100        0.028321        0.104714
     573        0.000100        0.027938        0.103870
     574        0.000100        0.028021        0.103946
     575        0.000100        0.027696        0.103211
     576        0.000100        0.027742        0.103217
     577        0.000100        0.027459        0.102565
     578        0.000100        0.027481        0.102515
     579        0.000100        0.027228        0.101925
     580        0.000100        0.027233        0.101833
     581        0.000100        0.027000        0.101287
     582        0.000100        0.026997        0.101174
     583        0.000100        0.026777        0.100654
     584        0.000100        0.026770        0.100535
     585        0.000100        0.026557        0.100030
     586        0.000100        0.026552        0.099917
     587        0.000100        0.026340        0.099414
     588        0.000100        0.026342        0.099314
     589        0.000100        0.026127        0.098805
     590        0.000100        0.026142        0.098729
     591        0.000100        0.025917        0.098204
     592        0.000100        0.025950        0.098170
     593        0.000100        0.025709        0.097615
     594        0.000100        0.025769        0.097637
     595        0.000100        0.025505        0.097035
     596        0.000100        0.025599        0.097132
     597        0.000100        0.025303        0.096463
     598        0.000100        0.025442        0.096654
     599        0.000100        0.025106        0.095901
     600        0.000100        0.025297        0.096194
     601        0.000100        0.024917        0.095354
     602        0.000100        0.025154        0.095740
     603        0.000100        0.024735        0.094822
     604        0.000100        0.025001        0.095272
     605        0.000100        0.024561        0.094310
     606        0.000100        0.024829        0.094780
     607        0.000100        0.024393        0.093817
     608        0.000100        0.024639        0.094261
     609        0.000100        0.024232        0.093344
     610        0.000100        0.024443        0.093729
     611        0.000100        0.024075        0.092885
     612        0.000100        0.024251        0.093206
     613        0.000100        0.023925        0.092437
     614        0.000100        0.024069        0.092699
     615        0.000100        0.023777        0.091997
     616        0.000100        0.023898        0.092211
     617        0.000100        0.023632        0.091560
     618        0.000100        0.023737        0.091743
     619        0.000100        0.023490        0.091127
     620        0.000100        0.023585        0.091296
     621        0.000100        0.023349        0.090699
     622        0.000100        0.023441        0.090865
     623        0.000100        0.023209        0.090274
     624        0.000100        0.023303        0.090448
     625        0.000100        0.023071        0.089854
     626        0.000100        0.023173        0.090048
     627        0.000100        0.022935        0.089435
     628        0.000100        0.023051        0.089663
     629        0.000100        0.022800        0.089018
     630        0.000100        0.022936        0.089293
     631        0.000100        0.022667        0.088601
     632        0.000100        0.022828        0.088935
     633        0.000100        0.022536        0.088186
     634        0.000100        0.022727        0.088591
     635        0.000100        0.022408        0.087775
     636        0.000100        0.022633        0.088259
     637        0.000100        0.022283        0.087374
     638        0.000100        0.022539        0.087932
     639        0.000100        0.022164        0.086982
     640        0.000100        0.022442        0.087603
     641        0.000100        0.022050        0.086603
     642        0.000100        0.022337        0.087260
     643        0.000100        0.021941        0.086242
     644        0.000100        0.022222        0.086899
     645        0.000100        0.021837        0.085897
     646        0.000100        0.022100        0.086524
     647        0.000100        0.021737        0.085568
     648        0.000100        0.021977        0.086148
     649        0.000100        0.021641        0.085247
     650        0.000100        0.021857        0.085777
     651        0.000100        0.021547        0.084933
     652        0.000100        0.021742        0.085419
     653        0.000100        0.021454        0.084622
     654        0.000100        0.021634        0.085072
     655        0.000100        0.021364        0.084317
     656        0.000100        0.021531        0.084735
     657        0.000100        0.021274        0.084012
     658        0.000100        0.021436        0.084415
     659        0.000100        0.021186        0.083709
     660        0.000100        0.021346        0.084107
     661        0.000100        0.021099        0.083406
     662        0.000100        0.021262        0.083814
     663        0.000100        0.021013        0.083105
     664        0.000100        0.021183        0.083530
     665        0.000100        0.020926        0.082801
     666        0.000100        0.021108        0.083254
     667        0.000100        0.020842        0.082499
     668        0.000100        0.021040        0.082992
     669        0.000100        0.020758        0.082198
     670        0.000100        0.020974        0.082735
     671        0.000100        0.020676        0.081900
     672        0.000100        0.020914        0.082490
     673        0.000100        0.020597        0.081608
     674        0.000100        0.020854        0.082248
     675        0.000100        0.020521        0.081322
     676        0.000100        0.020794        0.082006
     677        0.000100        0.020448        0.081043
     678        0.000100        0.020732        0.081761
     679        0.000100        0.020379        0.080772
     680        0.000100        0.020664        0.081502
     681        0.000100        0.020311        0.080509
     682        0.000100        0.020593        0.081236
     683        0.000100        0.020248        0.080259
     684        0.000100        0.020519        0.080967
     685        0.000100        0.020188        0.080018
     686        0.000100        0.020445        0.080694
     687        0.000100        0.020130        0.079784
     688        0.000100        0.020372        0.080426
     689        0.000100        0.020074        0.079552
     690        0.000100        0.020301        0.080161
     691        0.000100        0.020019        0.079323
     692        0.000100        0.020235        0.079904
     693        0.000100        0.019964        0.079093
     694        0.000100        0.020172        0.079652
     695        0.000100        0.019910        0.078863
     696        0.000100        0.020114        0.079410
     697        0.000100        0.019857        0.078632
     698        0.000100        0.020059        0.079176
     699        0.000100        0.019805        0.078404
     700        0.000100        0.020010        0.078956
     701        0.000100        0.019754        0.078176
     702        0.000100        0.019964        0.078743
     703        0.000100        0.019704        0.077949
     704        0.000100        0.019921        0.078535
     705        0.000100        0.019654        0.077720
     706        0.000100        0.019881        0.078331
     707        0.000100        0.019605        0.077493
     708        0.000100        0.019844        0.078136
     709        0.000100        0.019557        0.077267
     710        0.000100        0.019809        0.077944
     711        0.000100        0.019512        0.077047
     712        0.000100        0.019775        0.077757
     713        0.000100        0.019468        0.076831
     714        0.000100        0.019741        0.077567
     715        0.000100        0.019427        0.076623
     716        0.000100        0.019706        0.077377
     717        0.000100        0.019388        0.076418
     718        0.000100        0.019669        0.077180
     719        0.000100        0.019350        0.076219
     720        0.000100        0.019632        0.076982
     721        0.000100        0.019315        0.076027
     722        0.000100        0.019591        0.076776
     723        0.000100        0.019281        0.075840
     724        0.000100        0.019550        0.076572
     725        0.000100        0.019250        0.075662
     726        0.000100        0.019510        0.076371
     727        0.000100        0.019219        0.075483
     728        0.000100        0.019470        0.076170
     729        0.000100        0.019190        0.075310
     730        0.000100        0.019434        0.075976
     731        0.000100        0.019163        0.075142
     732        0.000100        0.019398        0.075782
     733        0.000100        0.019136        0.074971
     734        0.000100        0.019366        0.075596
     735        0.000100        0.019109        0.074797
     736        0.000100        0.019336        0.075414
     737        0.000100        0.019083        0.074625
     738        0.000100        0.019309        0.075238
     739        0.000100        0.019057        0.074452
     740        0.000100        0.019283        0.075065
     741        0.000100        0.019032        0.074281
     742        0.000100        0.019261        0.074899
     743        0.000100        0.019008        0.074110
     744        0.000100        0.019242        0.074740
     745        0.000100        0.018984        0.073942
     746        0.000100        0.019224        0.074584
     747        0.000100        0.018962        0.073774
     748        0.000100        0.019208        0.074431
     749        0.000100        0.018940        0.073604
     750        0.000100        0.019193        0.074282
     751        0.000100        0.018920        0.073439
     752        0.000100        0.019179        0.074131
     753        0.000100        0.018901        0.073275
     754        0.000100        0.019165        0.073983
     755        0.000100        0.018883        0.073118
     756        0.000100        0.019151        0.073836
     757        0.000100        0.018866        0.072960
     758        0.000100        0.019136        0.073685
     759        0.000100        0.018851        0.072809
     760        0.000100        0.019120        0.073532
     761        0.000100        0.018839        0.072668
     762        0.000100        0.019104        0.073381
     763        0.000100        0.018827        0.072522
     764        0.000100        0.019089        0.073230
     765        0.000100        0.018816        0.072385
     766        0.000100        0.019072        0.073075
     767        0.000100        0.018806        0.072246
     768        0.000100        0.019057        0.072922
     769        0.000100        0.018797        0.072113
     770        0.000100        0.019041        0.072768
     771        0.000100        0.018788        0.071980
     772        0.000100        0.019028        0.072623
     773        0.000100        0.018780        0.071845
     774        0.000100        0.019015        0.072474
     775        0.000100        0.018773        0.071714
     776        0.000100        0.019004        0.072331
     777        0.000100        0.018766        0.071584
     778        0.000100        0.018994        0.072188
     779        0.000100        0.018761        0.071457
     780        0.000100        0.018987        0.072055
     781        0.000100        0.018755        0.071327
     782        0.000100        0.018981        0.071923
     783        0.000100        0.018751        0.071200
     784        0.000100        0.018976        0.071791
     785        0.000100        0.018746        0.071071
     786        0.000100        0.018973        0.071668
     787        0.000100        0.018742        0.070948
     788        0.000100        0.018971        0.071548
     789        0.000100        0.018739        0.070825
     790        0.000100        0.018971        0.071432
     791        0.000100        0.018736        0.070704
     792        0.000100        0.018971        0.071316
     793        0.000100        0.018734        0.070586
     794        0.000100        0.018972        0.071199
     795        0.000100        0.018733        0.070469
     796        0.000100        0.018974        0.071090
     797        0.000100        0.018734        0.070355
     798        0.000100        0.018976        0.070979
     799        0.000100        0.018734        0.070239
     800        0.000100        0.018979        0.070869
     801        0.000100        0.018736        0.070127
     802        0.000100        0.018979        0.070750
     803        0.000100        0.018739        0.070018
     804        0.000100        0.018981        0.070636
     805        0.000100        0.018743        0.069909
     806        0.000100        0.018984        0.070526
     807        0.000100        0.018747        0.069802
     808        0.000100        0.018986        0.070414
     809        0.000100        0.018751        0.069696
     810        0.000100        0.018987        0.070297
     811        0.000100        0.018758        0.069596
     812        0.000100        0.018988        0.070181
     813        0.000100        0.018764        0.069495
     814        0.000100        0.018990        0.070069
     815        0.000100        0.018770        0.069391
     816        0.000100        0.018993        0.069957
     817        0.000100        0.018778        0.069295
     818        0.000100        0.018997        0.069850
     819        0.000100        0.018786        0.069197
     820        0.000100        0.019001        0.069738
     821        0.000100        0.018794        0.069098
     822        0.000100        0.019006        0.069630
     823        0.000100        0.018803        0.069002
     824        0.000100        0.019012        0.069523
     825        0.000100        0.018812        0.068905
     826        0.000100        0.019020        0.069422
     827        0.000100        0.018819        0.068802
     828        0.000100        0.019029        0.069324
     829        0.000100        0.018829        0.068708
     830        0.000100        0.019038        0.069223
     831        0.000100        0.018840        0.068615
     832        0.000100        0.019049        0.069127
     833        0.000100        0.018850        0.068520
     834        0.000100        0.019060        0.069032
     835        0.000100        0.018862        0.068428
     836        0.000100        0.019073        0.068943
     837        0.000100        0.018872        0.068332
     838        0.000100        0.019086        0.068852
     839        0.000100        0.018885        0.068243
     840        0.000100        0.019100        0.068765
     841        0.000100        0.018898        0.068154
     842        0.000100        0.019115        0.068679
     843        0.000100        0.018910        0.068063
     844        0.000100        0.019129        0.068588
     845        0.000100        0.018923        0.067971
     846        0.000100        0.019146        0.068510
     847        0.000100        0.018938        0.067885
     848        0.000100        0.019161        0.068424
     849        0.000100        0.018952        0.067801
     850        0.000100        0.019176        0.068341
     851        0.000100        0.018968        0.067718
     852        0.000100        0.019192        0.068261
     853        0.000100        0.018985        0.067638
     854        0.000100        0.019207        0.068178
     855        0.000100        0.019001        0.067557
     856        0.000100        0.019222        0.068092
     857        0.000100        0.019018        0.067477
     858        0.000100        0.019237        0.068006
     859        0.000100        0.019035        0.067396
     860        0.000100        0.019252        0.067921
     861        0.000100        0.019053        0.067319
     862        0.000100        0.019267        0.067836
     863        0.000100        0.019072        0.067242
     864        0.000100        0.019282        0.067749
     865        0.000100        0.019089        0.067162
     866        0.000100        0.019298        0.067668
     867        0.000100        0.019109        0.067088
     868        0.000100        0.019313        0.067581
     869        0.000100        0.019128        0.067011
     870        0.000100        0.019330        0.067496
     871        0.000100        0.019147        0.066936
     872        0.000100        0.019347        0.067417
     873        0.000100        0.019167        0.066866
     874        0.000100        0.019365        0.067336
     875        0.000100        0.019186        0.066788
     876        0.000100        0.019385        0.067262
     877        0.000100        0.019207        0.066715
     878        0.000100        0.019404        0.067183
     879        0.000100        0.019227        0.066642
     880        0.000100        0.019425        0.067107
     881        0.000100        0.019248        0.066573
     882        0.000100        0.019446        0.067034
     883        0.000100        0.019269        0.066499
     884        0.000100        0.019468        0.066965
     885        0.000100        0.019289        0.066423
     886        0.000100        0.019492        0.066901
     887        0.000100        0.019311        0.066354
     888        0.000100        0.019516        0.066831
     889        0.000100        0.019333        0.066285
     890        0.000100        0.019539        0.066763
     891        0.000100        0.019355        0.066214
     892        0.000100        0.019565        0.066701
     893        0.000100        0.019377        0.066143
     894        0.000100        0.019590        0.066637
     895        0.000100        0.019400        0.066076
     896        0.000100        0.019616        0.066576
     897        0.000100        0.019424        0.066011
     898        0.000100        0.019642        0.066516
     899        0.000100        0.019447        0.065940
     900        0.000100        0.019668        0.066456
     901        0.000100        0.019472        0.065877
     902        0.000100        0.019695        0.066396
     903        0.000100        0.019498        0.065813
     904        0.000100        0.019721        0.066335
     905        0.000100        0.019522        0.065747
     906        0.000100        0.019744        0.066264
     907        0.000100        0.019550        0.065690
     908        0.000100        0.019770        0.066207
     909        0.000100        0.019575        0.065625
     910        0.000100        0.019794        0.066142
     911        0.000100        0.019602        0.065565
     912        0.000100        0.019818        0.066078
     913        0.000100        0.019628        0.065501
     914        0.000100        0.019842        0.066012
     915        0.000100        0.019655        0.065440
     916        0.000100        0.019864        0.065939
     917        0.000100        0.019682        0.065382
     918        0.000100        0.019889        0.065877
     919        0.000100        0.019709        0.065325
     920        0.000100        0.019912        0.065808
     921        0.000100        0.019737        0.065272
     922        0.000100        0.019935        0.065739
     923        0.000100        0.019765        0.065216
     924        0.000100        0.019960        0.065673
     925        0.000100        0.019792        0.065159
     926        0.000100        0.019986        0.065613
     927        0.000100        0.019820        0.065104
     928        0.000100        0.020012        0.065550
     929        0.000100        0.019848        0.065050
     930        0.000100        0.020040        0.065495
     931        0.000100        0.019876        0.064993
     932        0.000100        0.020068        0.065434
     933        0.000100        0.019903        0.064934
     934        0.000100        0.020096        0.065378
     935        0.000100        0.019932        0.064881
     936        0.000100        0.020127        0.065327
     937        0.000100        0.019960        0.064825
     938        0.000100        0.020157        0.065275
     939        0.000100        0.019987        0.064768
     940        0.000100        0.020189        0.065227
     941        0.000100        0.020015        0.064711
     942        0.000100        0.020220        0.065176
     943        0.000100        0.020045        0.064661
     944        0.000100        0.020252        0.065127
     945        0.000100        0.020073        0.064602
     946        0.000100        0.020287        0.065088
     947        0.000100        0.020104        0.064553
     948        0.000100        0.020321        0.065043
     949        0.000100        0.020133        0.064496
     950        0.000100        0.020355        0.065003
     951        0.000100        0.020165        0.064447
     952        0.000100        0.020390        0.064962
     953        0.000100        0.020195        0.064391
     954        0.000100        0.020425        0.064923
     955        0.000100        0.020227        0.064343
     956        0.000100        0.020460        0.064883
     957        0.000100        0.020258        0.064289
     958        0.000100        0.020494        0.064845
     959        0.000100        0.020291        0.064242
     960        0.000100        0.020527        0.064802
     961        0.000100        0.020324        0.064195
     962        0.000100        0.020559        0.064759
     963        0.000100        0.020358        0.064151
     964        0.000100        0.020588        0.064705
     965        0.000100        0.020391        0.064106
     966        0.000100        0.020618        0.064658
     967        0.000100        0.020425        0.064064
     968        0.000100        0.020643        0.064592
     969        0.000100        0.020458        0.064018
     970        0.000100        0.020670        0.064540
     971        0.000100        0.020491        0.063980
     972        0.000100        0.020697        0.064484
     973        0.000100        0.020525        0.063943
     974        0.000100        0.020724        0.064427
     975        0.000100        0.020558        0.063899
     976        0.000100        0.020752        0.064369
     977        0.000100        0.020592        0.063862
     978        0.000100        0.020781        0.064317
     979        0.000100        0.020625        0.063824
     980        0.000100        0.020811        0.064265
     981        0.000100        0.020659        0.063789
     982        0.000100        0.020842        0.064217
     983        0.000100        0.020692        0.063746
     984        0.000100        0.020874        0.064170
     985        0.000100        0.020725        0.063710
     986        0.000100        0.020907        0.064123
     987        0.000100        0.020758        0.063668
     988        0.000100        0.020941        0.064083
     989        0.000100        0.020793        0.063634
     990        0.000100        0.020976        0.064042
     991        0.000100        0.020826        0.063595
     992        0.000100        0.021013        0.064005
     993        0.000100        0.020859        0.063554
     994        0.000100        0.021049        0.063968
     995        0.000100        0.020892        0.063513
     996        0.000100        0.021087        0.063936
     997        0.000100        0.020924        0.063471
     998        0.000100        0.021127        0.063906
     999        0.000100        0.020958        0.063430
    1000        0.000100        0.021167        0.063879
    1001        0.000100        0.020992        0.063392
    1002        0.000100        0.021208        0.063854
    1003        0.000100        0.021025        0.063346
    1004        0.000100        0.021251        0.063835
    1005        0.000100        0.021060        0.063309
    1006        0.000100        0.021294        0.063813
    1007        0.000100        0.021095        0.063265
    1008        0.000100        0.021338        0.063798
    1009        0.000100        0.021132        0.063230
    1010        0.000100        0.021384        0.063785
    1011        0.000100        0.021168        0.063187
    1012        0.000100        0.021430        0.063776
    1013        0.000100        0.021208        0.063155
    1014        0.000100        0.021474        0.063764
    1015        0.000100        0.021249        0.063126
    1016        0.000100        0.021515        0.063743
    1017        0.000100        0.021289        0.063094
    1018        0.000100        0.021552        0.063718
    1019        0.000100        0.021330        0.063067
    1020        0.000100        0.021583        0.063681
    1021        0.000100        0.021371        0.063040
    1022        0.000100        0.021610        0.063630
    1023        0.000100        0.021411        0.063019
    1024        0.000100        0.021635        0.063577
    1025        0.000100        0.021451        0.062998
    1026        0.000100        0.021661        0.063527
    1027        0.000100        0.021489        0.062973
    1028        0.000100        0.021687        0.063469
    1029        0.000100        0.021531        0.062963
    1030        0.000100        0.021713        0.063412
    1031        0.000100        0.021569        0.062945
    1032        0.000100        0.021743        0.063361
    1033        0.000100        0.021608        0.062923
    1034        0.000100        0.021775        0.063316
    1035        0.000100        0.021649        0.062910
    1036        0.000100        0.021809        0.063278
    1037        0.000100        0.021688        0.062888
    1038        0.000100        0.021845        0.063240
    1039        0.000100        0.021726        0.062864
    1040        0.000100        0.021882        0.063208
    1041        0.000100        0.021767        0.062847
    1042        0.000100        0.021921        0.063179
    1043        0.000100        0.021806        0.062825
    1044        0.000100        0.021961        0.063153
    1045        0.000100        0.021846        0.062806
    1046        0.000100        0.022002        0.063127
    1047        0.000100        0.021886        0.062787
    1048        0.000100        0.022044        0.063103
    1049        0.000100        0.021926        0.062770
    1050        0.000100        0.022089        0.063088
    1051        0.000100        0.021965        0.062745
    1052        0.000100        0.022134        0.063076
    1053        0.000100        0.022006        0.062729
    1054        0.000100        0.022178        0.063053
    1055        0.000100        0.022046        0.062708
    1056        0.000100        0.022223        0.063033
    1057        0.000100        0.022088        0.062697
    1058        0.000100        0.022269        0.063020
    1059        0.000100        0.022128        0.062673
    1060        0.000100        0.022315        0.063000
    1061        0.000100        0.022170        0.062659
    1062        0.000100        0.022363        0.062988
    1063        0.000100        0.022211        0.062637
    1064        0.000100        0.022409        0.062964
    1065        0.000100        0.022253        0.062614
    1066        0.000100        0.022459        0.062955
    1067        0.000100        0.022295        0.062586
    1068        0.000100        0.022507        0.062931
    1069        0.000100        0.022335        0.062551
    1070        0.000100        0.022558        0.062915
    1071        0.000100        0.022374        0.062503
    1072        0.000100        0.022608        0.062892
    1073        0.000100        0.022410        0.062436
    1074        0.000100        0.022662        0.062866
    1075        0.000100        0.022441        0.062348
    1076        0.000100        0.022717        0.062833
    1077        0.000100        0.022462        0.062213
    1078        0.000100        0.022774        0.062783
    1079        0.000100        0.022472        0.062017
    1080        0.000100        0.022835        0.062714
    1081        0.000100        0.022463        0.061751
    1082        0.000100        0.022892        0.062589
    1083        0.000100        0.022436        0.061465
    1084        0.000100        0.022925        0.062438
    1085        0.000100        0.022421        0.061578
    1086        0.000100        0.022920        0.062749
    1087        0.000100        0.022591        0.063967
    1088        0.000100        0.023172        0.066574
    1089        0.000100        0.023581        0.072915
    1090        0.000100        0.024296        0.076847
    1091        0.000100        0.024499        0.080279
    1092        0.000100        0.023866        0.075254
    1093        0.000100        0.023146        0.071010
    1094        0.000100        0.022736        0.067119
    1095        0.000100        0.022520        0.066015
    1096        0.000100        0.022472        0.065135
    1097        0.000100        0.022384        0.064983
    1098        0.000100        0.022375        0.064583
    1099        0.000100        0.022309        0.064530
    1100        0.000100        0.022307        0.064267
    1101        0.000100        0.022255        0.064257
    1102        0.000100        0.022256        0.064070
    1103        0.000100        0.022213        0.064092
    1104        0.000100        0.022216        0.063947
    1105        0.000100        0.022181        0.063989
    1106        0.000100        0.022185        0.063864
    1107        0.000100        0.022156        0.063939
    1108        0.000100        0.022161        0.063816
    1109        0.000100        0.022137        0.063912
    1110        0.000100        0.022143        0.063787
    1111        0.000100        0.022122        0.063909
    1112        0.000100        0.022129        0.063769
    1113        0.000100        0.022113        0.063921
    1114        0.000100        0.022118        0.063753
    1115        0.000100        0.022106        0.063945
    1116        0.000100        0.022114        0.063757
    1117        0.000100        0.022100        0.063972
    1118        0.000100        0.022114        0.063767
    1119        0.000100        0.022095        0.063990
    1120        0.000100        0.022118        0.063784
    1121        0.000100        0.022090        0.064007
    1122        0.000100        0.022126        0.063804
    1123        0.000100        0.022087        0.064019
    1124        0.000100        0.022134        0.063810
    1125        0.000100        0.022086        0.064028
    1126        0.000100        0.022143        0.063814
    1127        0.000100        0.022088        0.064043
    1128        0.000100        0.022152        0.063814
    1129        0.000100        0.022093        0.064056
    1130        0.000100        0.022162        0.063817
    1131        0.000100        0.022100        0.064067
    1132        0.000100        0.022169        0.063808
    1133        0.000100        0.022110        0.064058
    1134        0.000100        0.022174        0.063790
    1135        0.000100        0.022122        0.064036
    1136        0.000100        0.022180        0.063803
    1137        0.000100        0.022140        0.064012
    1138        0.000100        0.022182        0.063808
    1139        0.000100        0.022162        0.063964
    1140        0.000100        0.022181        0.063811
    1141        0.000100        0.022189        0.063906
    1142        0.000100        0.022180        0.063828
    1143        0.000100        0.022219        0.063843
    1144        0.000100        0.022182        0.063835
    1145        0.000100        0.022243        0.063793
    1146        0.000100        0.022195        0.063812
    1147        0.000100        0.022251        0.063751
    1148        0.000100        0.022228        0.063757
    1149        0.000100        0.022242        0.063748
    1150        0.000100        0.022278        0.063666
    1151        0.000100        0.022232        0.063771
    1152        0.000100        0.022314        0.063575
    1153        0.000100        0.022252        0.063741
    1154        0.000100        0.022299        0.063526
    1155        0.000100        0.022333        0.063629
    1156        0.000100        0.022250        0.063576
    1157        0.000100        0.022419        0.063486
    1158        0.000100        0.022248        0.063560
    1159        0.000100        0.022388        0.063470
    1160        0.000100        0.022409        0.063353
    1161        0.000100        0.022278        0.063701
    1162        0.000100        0.022562        0.063087
    1163        0.000100        0.022266        0.063678
    1164        0.000100        0.022452        0.063064
    1165        0.000100        0.022514        0.063370
    1166        0.000100        0.022344        0.063535
    1167        0.000100        0.022862        0.063134
    1168        0.000100        0.022386        0.063875
    1169        0.000100        0.022951        0.063151
    1170        0.000100        0.022597        0.064056
    1171        0.000100        0.022961        0.063176
    1172        0.000100        0.022623        0.063771
    1173        0.000100        0.022777        0.063046
    1174        0.000100        0.022547        0.063225
    1175        0.000100        0.022646        0.062905
    1176        0.000100        0.022525        0.062944
    1177        0.000100        0.022603        0.062780
    1178        0.000100        0.022539        0.062764
    1179        0.000100        0.022599        0.062665
    1180        0.000100        0.022564        0.062628
    1181        0.000100        0.022611        0.062547
    1182        0.000100        0.022592        0.062503
    1183        0.000100        0.022630        0.062423
    1184        0.000100        0.022620        0.062371
    1185        0.000100        0.022654        0.062303
    1186        0.000100        0.022650        0.062246
    1187        0.000100        0.022679        0.062176
    1188        0.000100        0.022680        0.062117
    1189        0.000100        0.022706        0.062041
    1190        0.000100        0.022711        0.061994
    1191        0.000100        0.022735        0.061909
    1192        0.000100        0.022743        0.061860
    1193        0.000100        0.022765        0.061765
    1194        0.000100        0.022776        0.061732
    1195        0.000100        0.022795        0.061622
    1196        0.000100        0.022811        0.061606
    1197        0.000100        0.022826        0.061470
    1198        0.000100        0.022849        0.061490
    1199        0.000100        0.022857        0.061315
    1200        0.000100        0.022888        0.061376
    1201        0.000100        0.022890        0.061164
    1202        0.000100        0.022925        0.061247
    1203        0.000100        0.022928        0.061036
    1204        0.000100        0.022958        0.061103
    1205        0.000100        0.022971        0.060931
    1206        0.000100        0.022990        0.060957
    1207        0.000100        0.023014        0.060830
    1208        0.000100        0.023024        0.060819
    1209        0.000100        0.023056        0.060728
    1210        0.000100        0.023062        0.060696
    1211        0.000100        0.023096        0.060620
    1212        0.000100        0.023103        0.060588
    1213        0.000100        0.023133        0.060514
    1214        0.000100        0.023147        0.060485
    1215        0.000100        0.023168        0.060411
    1216        0.000100        0.023193        0.060395
    1217        0.000100        0.023203        0.060317
    1218        0.000100        0.023238        0.060309
    1219        0.000100        0.023240        0.060227
    1220        0.000100        0.023280        0.060222
    1221        0.000100        0.023280        0.060149
    1222        0.000100        0.023317        0.060140
    1223        0.000100        0.023325        0.060076
    1224        0.000100        0.023350        0.060065
    1225        0.000100        0.023370        0.060007
    1226        0.000100        0.023385        0.060001
    1227        0.000100        0.023407        0.059933
    1228        0.000100        0.023429        0.059948
    1229        0.000100        0.023432        0.059859
    1230        0.000100        0.023483        0.059901
    1231        0.000100        0.023452        0.059797
    1232        0.000100        0.023530        0.059841
    1233        0.000100        0.023486        0.059760
    1234        0.000100        0.023550        0.059765
    1235        0.000100        0.023551        0.059738
    1236        0.000100        0.023546        0.059702
    1237        0.000100        0.023612        0.059691
    1238        0.000100        0.023579        0.059683
    1239        0.000100        0.023604        0.059602
    1240        0.000100        0.023688        0.059695
    1241        0.000100        0.023559        0.059558
    1242        0.000100        0.023743        0.059600
    1243        0.000100        0.023662        0.059643
    1244        0.000100        0.023617        0.059470
    1245        0.000100        0.023886        0.059680
    1246        0.000100        0.023577        0.059543
    1247        0.000100        0.023768        0.059412
    1248        0.000100        0.024029        0.059885
    1249        0.000100        0.023509        0.059358
    1250        0.000100        0.024186        0.059974
    1251        0.000100        0.023611        0.059319
    1252        0.000100        0.023992        0.059692
    1253        0.000100        0.023717        0.059276
    1254        0.000100        0.024013        0.059695
    1255        0.000100        0.023753        0.059222
    1256        0.000100        0.024211        0.059931
    1257        0.000100        0.023852        0.059338
    1258        0.000100        0.024481        0.060271
    1259        0.000100        0.024004        0.059451
    1260        0.000100        0.024407        0.060207
    1261        0.000100        0.023975        0.059261
    1262        0.000100        0.024192        0.059854
    1263        0.000100        0.023935        0.059112
    1264        0.000100        0.024081        0.059577
    1265        0.000100        0.023944        0.059109
    1266        0.000100        0.024048        0.059417
    1267        0.000100        0.023971        0.059127
    1268        0.000100        0.024046        0.059322
    1269        0.000100        0.024001        0.059134
    1270        0.000100        0.024058        0.059262
    1271        0.000100        0.024030        0.059136
    1272        0.000100        0.024075        0.059221
    1273        0.000100        0.024057        0.059132
    1274        0.000100        0.024094        0.059189
    1275        0.000100        0.024083        0.059122
    1276        0.000100        0.024115        0.059161
    1277        0.000100        0.024108        0.059111
    1278        0.000100        0.024138        0.059138
    1279        0.000100        0.024133        0.059098
    1280        0.000100        0.024160        0.059119
    1281        0.000100        0.024156        0.059086
    1282        0.000100        0.024183        0.059101
    1283        0.000100        0.024179        0.059074
    1284        0.000100        0.024206        0.059082
    1285        0.000100        0.024203        0.059063
    1286        0.000100        0.024228        0.059063
    1287        0.000100        0.024227        0.059050
    1288        0.000100        0.024248        0.059046
    1289        0.000100        0.024253        0.059037
    1290        0.000100        0.024267        0.059027
    1291        0.000100        0.024279        0.059023
    1292        0.000100        0.024286        0.059011
    1293        0.000100        0.024305        0.059010
    1294        0.000100        0.024305        0.058997
    1295        0.000100        0.024331        0.058999
    1296        0.000100        0.024323        0.058980
    1297        0.000100        0.024356        0.058981
    1298        0.000100        0.024342        0.058965
    1299        0.000100        0.024381        0.058967
    1300        0.000100        0.024361        0.058953
    1301        0.000100        0.024404        0.058952
    1302        0.000100        0.024383        0.058941
    1303        0.000100        0.024424        0.058937
    1304        0.000100        0.024406        0.058928
    1305        0.000100        0.024442        0.058922
    1306        0.000100        0.024431        0.058915
    1307        0.000100        0.024459        0.058907
    1308        0.000100        0.024456        0.058901
    1309        0.000100        0.024476        0.058892
    1310        0.000100        0.024480        0.058887
    1311        0.000100        0.024496        0.058880
    1312        0.000100        0.024499        0.058872
    1313        0.000100        0.024521        0.058871
    1314        0.000100        0.024512        0.058861
    1315        0.000100        0.024550        0.058857
    1316        0.000100        0.024523        0.058849
    1317        0.000100        0.024579        0.058843
    1318        0.000100        0.024537        0.058839
    1319        0.000100        0.024600        0.058827
    1320        0.000100        0.024562        0.058833
    1321        0.000100        0.024608        0.058814
    1322        0.000100        0.024597        0.058824
    1323        0.000100        0.024611        0.058808
    1324        0.000100        0.024628        0.058809
    1325        0.000100        0.024630        0.058806
    1326        0.000100        0.024632        0.058792
    1327        0.000100        0.024679        0.058797
    1328        0.000100        0.024615        0.058801
    1329        0.000100        0.024727        0.058771
    1330        0.000100        0.024629        0.058811
    1331        0.000100        0.024718        0.058755
    1332        0.000100        0.024699        0.058796
    1333        0.000100        0.024688        0.058777
    1334        0.000100        0.024729        0.058753
    1335        0.000100        0.024762        0.058799
    1336        0.000100        0.024646        0.058788
    1337        0.000100        0.024876        0.058743
    1338        0.000100        0.024677        0.058864
    1339        0.000100        0.024740        0.058744
    1340        0.000100        0.024961        0.058822
    1341        0.000100        0.024620        0.058922
    1342        0.000100        0.024851        0.058737
    1343        0.000100        0.025157        0.059019
    1344        0.000100        0.024545        0.059161
    1345        0.000100        0.025313        0.059173
    1346        0.000100        0.024683        0.058987
    1347        0.000100        0.025224        0.059193
    1348        0.000100        0.024839        0.059074
    1349        0.000100        0.025469        0.059442
    1350        0.000100        0.025013        0.059235
    1351        0.000100        0.025440        0.059472
    1352        0.000100        0.024988        0.058809
    1353        0.000100        0.025201        0.059142
    1354        0.000100        0.024938        0.058426
    1355        0.000100        0.025086        0.058745
    1356        0.000100        0.024969        0.058241
    1357        0.000100        0.025096        0.058488
    1358        0.000100        0.025079        0.058256
    1359        0.000100        0.025229        0.058656
    1360        0.000100        0.025311        0.058898
    1361        0.000100        0.025513        0.059689
    1362        0.000100        0.025658        0.060316
    1363        0.000100        0.025838        0.061065
    1364        0.000100        0.025911        0.061324
    1365        0.000100        0.025955        0.061348
    1366        0.000100        0.025912        0.060981
    1367        0.000100        0.025877        0.060607
    1368        0.000100        0.025815        0.060187
    1369        0.000100        0.025790        0.059919
    1370        0.000100        0.025756        0.059669
    1371        0.000100        0.025752        0.059529
    1372        0.000100        0.025737        0.059380
    1373        0.000100        0.025743        0.059299
    1374        0.000100        0.025737        0.059194
    1375        0.000100        0.025748        0.059139
    1376        0.000100        0.025745        0.059055
    1377        0.000100        0.025756        0.059008
    1378        0.000100        0.025758        0.058947
    1379        0.000100        0.025769        0.058907
    1380        0.000100        0.025770        0.058846
    1381        0.000100        0.025781        0.058807
    1382        0.000100        0.025782        0.058749
    1383        0.000100        0.025792        0.058711
    1384        0.000100        0.025794        0.058661
    1385        0.000100        0.025802        0.058623
    1386        0.000100        0.025805        0.058573
    1387        0.000100        0.025811        0.058536
    1388        0.000100        0.025816        0.058493
    1389        0.000100        0.025820        0.058458
    1390        0.000100        0.025826        0.058417
    1391        0.000100        0.025829        0.058386
    1392        0.000100        0.025838        0.058351
    1393        0.000100        0.025836        0.058320
    1394        0.000100        0.025850        0.058288
    1395        0.000100        0.025844        0.058260
    1396        0.000100        0.025861        0.058228
    1397        0.000100        0.025855        0.058214
    1398        0.000100        0.025871        0.058168
    1399        0.000100        0.025868        0.058181
    1400        0.000100        0.025884        0.058117
    1401        0.000100        0.025878        0.058149
    1402        0.000100        0.025902        0.058081
    1403        0.000100        0.025884        0.058101
    1404        0.000100        0.025921        0.058060
    1405        0.000100        0.025892        0.058048
    1406        0.000100        0.025943        0.058048
    1407        0.000100        0.025897        0.057999
    1408        0.000100        0.025967        0.058032
    1409        0.000100        0.025906        0.057969
    1410        0.000100        0.025981        0.058001
    1411        0.000100        0.025933        0.057963
    1412        0.000100        0.025975        0.057954
    1413        0.000100        0.025981        0.057970
    1414        0.000100        0.025956        0.057909
    1415        0.000100        0.026028        0.057965
    1416        0.000100        0.025959        0.057897
    1417        0.000100        0.026033        0.057914
    1418        0.000100        0.026020        0.057929
    1419        0.000100        0.025985        0.057844
    1420        0.000100        0.026107        0.057953
    1421        0.000100        0.025964        0.057841
    1422        0.000100        0.026106        0.057873
    1423        0.000100        0.026071        0.057924
    1424        0.000100        0.025991        0.057773
    1425        0.000100        0.026214        0.057969
    1426        0.000100        0.025986        0.057845
    1427        0.000100        0.026100        0.057752
    1428        0.000100        0.026287        0.058098
    1429        0.000100        0.025876        0.057757
    1430        0.000100        0.026362        0.057951
    1431        0.000100        0.026165        0.058100
    1432        0.000100        0.025943        0.057724
    1433        0.000100        0.026826        0.058919
    1434        0.000100        0.025828        0.057962
    1435        0.000100        0.026582        0.058573
    1436        0.000100        0.026030        0.057712
    1437        0.000100        0.026514        0.058429
    1438        0.000100        0.026076        0.057707
    1439        0.000100        0.026810        0.058966
    1440        0.000100        0.026224        0.058111
    1441        0.000100        0.027067        0.059524
    1442        0.000100        0.026314        0.058170
    1443        0.000100        0.026820        0.059032
    1444        0.000100        0.026233        0.057743
    1445        0.000100        0.026551        0.058394
    1446        0.000100        0.026213        0.057571
    1447        0.000100        0.026423        0.058031
    1448        0.000100        0.026239        0.057554
    1449        0.000100        0.026378        0.057859
    1450        0.000100        0.026273        0.057569
    1451        0.000100        0.026365        0.057762
    1452        0.000100        0.026302        0.057580
    1453        0.000100        0.026369        0.057705
    1454        0.000100        0.026330        0.057584
    1455        0.000100        0.026379        0.057671
    1456        0.000100        0.026353        0.057581
    1457        0.000100        0.026393        0.057646
    1458        0.000100        0.026375        0.057576
    1459        0.000100        0.026408        0.057625
    1460        0.000100        0.026395        0.057569
    1461        0.000100        0.026424        0.057608
    1462        0.000100        0.026415        0.057561
    1463        0.000100        0.026440        0.057592
    1464        0.000100        0.026434        0.057551
    1465        0.000100        0.026457        0.057576
    1466        0.000100        0.026452        0.057540
    1467        0.000100        0.026474        0.057562
    1468        0.000100        0.026471        0.057529
    1469        0.000100        0.026491        0.057548
    1470        0.000100        0.026488        0.057518
    1471        0.000100        0.026508        0.057534
    1472        0.000100        0.026506        0.057505
    1473        0.000100        0.026526        0.057521
    1474        0.000100        0.026524        0.057494
    1475        0.000100        0.026542        0.057507
    1476        0.000100        0.026541        0.057481
    1477        0.000100        0.026558        0.057493
    1478        0.000100        0.026559        0.057470
    1479        0.000100        0.026574        0.057481
    1480        0.000100        0.026577        0.057458
    1481        0.000100        0.026588        0.057466
    1482        0.000100        0.026595        0.057447
    1483        0.000100        0.026604        0.057452
    1484        0.000100        0.026613        0.057435
    1485        0.000100        0.026618        0.057439
    1486        0.000100        0.026633        0.057424
    1487        0.000100        0.026632        0.057426
    1488        0.000100        0.026651        0.057411
    1489        0.000100        0.026647        0.057414
    1490        0.000100        0.026671        0.057399
    1491        0.000100        0.026661        0.057404
    1492        0.000100        0.026690        0.057385
    1493        0.000100        0.026675        0.057395
    1494        0.000100        0.026709        0.057370
    1495        0.000100        0.026688        0.057386
    1496        0.000100        0.026731        0.057360
    1497        0.000100        0.026697        0.057373
    1498        0.000100        0.026757        0.057356
    1499        0.000100        0.026704        0.057353
    1500        0.000100        0.026782        0.057353
    1501        0.000100        0.026714        0.057330
    1502        0.000100        0.026800        0.057343
    1503        0.000100        0.026733        0.057317
    1504        0.000100        0.026804        0.057321
    1505        0.000100        0.026769        0.057316
    1506        0.000100        0.026796        0.057295
    1507        0.000100        0.026808        0.057312
    1508        0.000100        0.026797        0.057286
    1509        0.000100        0.026823        0.057286
    1510        0.000100        0.026834        0.057299
    1511        0.000100        0.026804        0.057251
    1512        0.000100        0.026886        0.057299
    1513        0.000100        0.026804        0.057254
    1514        0.000100        0.026877        0.057244
    1515        0.000100        0.026891        0.057301
    1516        0.000100        0.026807        0.057204
    1517        0.000100        0.026960        0.057272
    1518        0.000100        0.026863        0.057286
    1519        0.000100        0.026833        0.057163
    1520        0.000100        0.027081        0.057378
    1521        0.000100        0.026760        0.057231
    1522        0.000100        0.026951        0.057159
    1523        0.000100        0.027221        0.057652
    1524        0.000100        0.026607        0.057235
    1525        0.000100        0.027294        0.057527
    1526        0.000100        0.026949        0.057561
    1527        0.000100        0.026837        0.057292
    1528        0.000100        0.027760        0.058459
    1529        0.000100        0.026822        0.057890
    1530        0.000100        0.027831        0.058955
    1531        0.000100        0.027106        0.058104
    1532        0.000100        0.027693        0.058671
    1533        0.000100        0.027064        0.057710
    1534        0.000100        0.027393        0.058013
    1535        0.000100        0.026985        0.057241
    1536        0.000100        0.027211        0.057581
    1537        0.000100        0.026983        0.057078
    1538        0.000100        0.027143        0.057367
    1539        0.000100        0.027012        0.057040
    1540        0.000100        0.027124        0.057259
    1541        0.000100        0.027045        0.057040
    1542        0.000100        0.027125        0.057199
    1543        0.000100        0.027075        0.057048
    1544        0.000100        0.027134        0.057165
    1545        0.000100        0.027100        0.057054
    1546        0.000100        0.027145        0.057143
    1547        0.000100        0.027121        0.057057
    1548        0.000100        0.027157        0.057127
    1549        0.000100        0.027139        0.057058
    1550        0.000100        0.027169        0.057115
    1551        0.000100        0.027154        0.057054
    1552        0.000100        0.027179        0.057100
    1553        0.000100        0.027167        0.057050
    1554        0.000100        0.027190        0.057089
    1555        0.000100        0.027178        0.057042
    1556        0.000100        0.027199        0.057075
    1557        0.000100        0.027188        0.057032
    1558        0.000100        0.027207        0.057060
    1559        0.000100        0.027197        0.057021
    1560        0.000100        0.027214        0.057045
    1561        0.000100        0.027205        0.057009
    1562        0.000100        0.027220        0.057027
    1563        0.000100        0.027212        0.056994
    1564        0.000100        0.027227        0.057012
    1565        0.000100        0.027219        0.056979
    1566        0.000100        0.027233        0.056994
    1567        0.000100        0.027226        0.056964
    1568        0.000100        0.027237        0.056976
    1569        0.000100        0.027234        0.056951
    1570        0.000100        0.027244        0.056961
    1571        0.000100        0.027242        0.056938
    1572        0.000100        0.027251        0.056949
    1573        0.000100        0.027252        0.056929
    1574        0.000100        0.027259        0.056940
    1575        0.000100        0.027261        0.056921
    1576        0.000100        0.027268        0.056934
    1577        0.000100        0.027273        0.056915
    1578        0.000100        0.027279        0.056933
    1579        0.000100        0.027285        0.056911
    1580        0.000100        0.027293        0.056937
    1581        0.000100        0.027297        0.056905
    1582        0.000100        0.027309        0.056945
    1583        0.000100        0.027313        0.056898
    1584        0.000100        0.027324        0.056956
    1585        0.000100        0.027333        0.056893
    1586        0.000100        0.027337        0.056963
    1587        0.000100        0.027360        0.056890
    1588        0.000100        0.027349        0.056955
    1589        0.000100        0.027386        0.056892
    1590        0.000100        0.027364        0.056934
    1591        0.000100        0.027410        0.056891
    1592        0.000100        0.027385        0.056911
    1593        0.000100        0.027426        0.056883
    1594        0.000100        0.027417        0.056896
    1595        0.000100        0.027433        0.056865
    1596        0.000100        0.027457        0.056885
    1597        0.000100        0.027442        0.056849
    1598        0.000100        0.027482        0.056869
    1599        0.000100        0.027476        0.056848
    1600        0.000100        0.027478        0.056841
    1601        0.000100        0.027532        0.056857
    1602        0.000100        0.027472        0.056823
    1603        0.000100        0.027554        0.056833
    1604        0.000100        0.027524        0.056850
    1605        0.000100        0.027513        0.056785
    1606        0.000100        0.027604        0.056864
    1607        0.000100        0.027519        0.056830
    1608        0.000100        0.027552        0.056780
    1609        0.000100        0.027690        0.056983
    1610        0.000100        0.027430        0.056742
    1611        0.000100        0.027708        0.056827
    1612        0.000100        0.027663        0.057094
    1613        0.000100        0.027400        0.056654
    1614        0.000100        0.027946        0.057140
    1615        0.000100        0.027516        0.057201
    1616        0.000100        0.027557        0.056758
    1617        0.000100        0.028280        0.058019
    1618        0.000100        0.027367        0.056918
    1619        0.000100        0.028370        0.058466
    1620        0.000100        0.027610        0.057184
    1621        0.000100        0.028453        0.058842
    1622        0.000100        0.027696        0.057305
    1623        0.000100        0.028257        0.058398
    1624        0.000100        0.027616        0.056946
    1625        0.000100        0.027949        0.057585
    1626        0.000100        0.027568        0.056672
    1627        0.000100        0.027785        0.057114
    1628        0.000100        0.027574        0.056609
    1629        0.000100        0.027717        0.056893
    1630        0.000100        0.027595        0.056605
    1631        0.000100        0.027691        0.056788
    1632        0.000100        0.027617        0.056615
    1633        0.000100        0.027686        0.056738
    1634        0.000100        0.027637        0.056621
    1635        0.000100        0.027688        0.056710
    1636        0.000100        0.027654        0.056626
    1637        0.000100        0.027695        0.056692
    1638        0.000100        0.027671        0.056627
    1639        0.000100        0.027705        0.056680
    1640        0.000100        0.027687        0.056627
    1641        0.000100        0.027717        0.056669
    1642        0.000100        0.027702        0.056626
    1643        0.000100        0.027729        0.056661
    1644        0.000100        0.027716        0.056622
    1645        0.000100        0.027740        0.056653
    1646        0.000100        0.027731        0.056619
    1647        0.000100        0.027753        0.056647
    1648        0.000100        0.027745        0.056616
    1649        0.000100        0.027765        0.056641
    1650        0.000100        0.027758        0.056611
    1651        0.000100        0.027777        0.056634
    1652        0.000100        0.027770        0.056607
    1653        0.000100        0.027789        0.056628
    1654        0.000100        0.027782        0.056603
    1655        0.000100        0.027799        0.056622
    1656        0.000100        0.027794        0.056598
    1657        0.000100        0.027811        0.056619
    1658        0.000100        0.027805        0.056594
    1659        0.000100        0.027821        0.056613
    1660        0.000100        0.027816        0.056592
    1661        0.000100        0.027831        0.056608
    1662        0.000100        0.027826        0.056589
    1663        0.000100        0.027839        0.056601
    1664        0.000100        0.027836        0.056586
    1665        0.000100        0.027847        0.056595
    1666        0.000100        0.027846        0.056584
    1667        0.000100        0.027856        0.056589
    1668        0.000100        0.027852        0.056580
    1669        0.000100        0.027866        0.056585
    1670        0.000100        0.027857        0.056575
    1671        0.000100        0.027877        0.056581
    1672        0.000100        0.027860        0.056568
    1673        0.000100        0.027888        0.056578
    1674        0.000100        0.027867        0.056567
    1675        0.000100        0.027888        0.056566
    1676        0.000100        0.027885        0.056579
    1677        0.000100        0.027879        0.056550
    1678        0.000100        0.027910        0.056600
    1679        0.000100        0.027870        0.056533
    1680        0.000100        0.027927        0.056605
    1681        0.000100        0.027872        0.056523
    1682        0.000100        0.027926        0.056581
    1683        0.000100        0.027887        0.056526
    1684        0.000100        0.027915        0.056551
    1685        0.000100        0.027909        0.056534
    1686        0.000100        0.027906        0.056535
    1687        0.000100        0.027921        0.056525
    1688        0.000100        0.027915        0.056545
    1689        0.000100        0.027911        0.056498
    1690        0.000100        0.027942        0.056556
    1691        0.000100        0.027894        0.056485
    1692        0.000100        0.027957        0.056529
    1693        0.000100        0.027911        0.056512
    1694        0.000100        0.027925        0.056478
    1695        0.000100        0.027964        0.056528
    1696        0.000100        0.027902        0.056494
    1697        0.000100        0.027953        0.056460
    1698        0.000100        0.027987        0.056601
    1699        0.000100        0.027853        0.056399
    1700        0.000100        0.028054        0.056520
    1701        0.000100        0.027916        0.056564
    1702        0.000100        0.027877        0.056344
    1703        0.000100        0.028161        0.056637
    1704        0.000100        0.027845        0.056663
    1705        0.000100        0.027949        0.056521
    1706        0.000100        0.028439        0.057246
    1707        0.000100        0.027642        0.056455
    1708        0.000100        0.028387        0.057121
    1709        0.000100        0.027840        0.056580
    1710        0.000100        0.028095        0.056665
    1711        0.000100        0.027919        0.056449
    1712        0.000100        0.028017        0.056476
    1713        0.000100        0.027983        0.056512
    1714        0.000100        0.027983        0.056501
    1715        0.000100        0.028060        0.056634
    1716        0.000100        0.027959        0.056649
    1717        0.000100        0.028169        0.056814
    1718        0.000100        0.027951        0.057008
    1719        0.000100        0.028318        0.057081
    1720        0.000100        0.027993        0.057693
    1721        0.000100        0.028532        0.057423
    1722        0.000100        0.028170        0.058945
    1723        0.000100        0.028859        0.057758
    1724        0.000100        0.028449        0.059825
    1725        0.000100        0.028871        0.057689
    1726        0.000100        0.028330        0.058013
    1727        0.000100        0.028608        0.057285
    1728        0.000100        0.028207        0.056673
    1729        0.000100        0.028434        0.056927
    1730        0.000100        0.028205        0.056440
    1731        0.000100        0.028357        0.056673
    1732        0.000100        0.028234        0.056408
    1733        0.000100        0.028333        0.056538
    1734        0.000100        0.028265        0.056403
    1735        0.000100        0.028332        0.056475
    1736        0.000100        0.028292        0.056400
    1737        0.000100        0.028340        0.056443
    1738        0.000100        0.028314        0.056397
    1739        0.000100        0.028349        0.056425
    1740        0.000100        0.028332        0.056393
    1741        0.000100        0.028359        0.056411
    1742        0.000100        0.028346        0.056387
    1743        0.000100        0.028369        0.056402
    1744        0.000100        0.028359        0.056383
    1745        0.000100        0.028378        0.056394
    1746        0.000100        0.028369        0.056378
    1747        0.000100        0.028386        0.056387
