       0        0.000100  2182727.104299     1467.917358
       1        0.000100  1934925.566083     1381.320435
       2        0.000100  1482324.240446     1207.072021
       3        0.000100   929011.091162      951.127808
       4        0.000100   444339.578623      647.422852
       5        0.000100   155016.204369      359.290466
       6        0.000100    51922.871343      190.922150
       7        0.000100    31254.793715      143.310318
       8        0.000100    25977.851786      129.095367
       9        0.000100    22034.734251      118.266983
      10        0.000100    18412.591013      107.650917
      11        0.000100    15166.307291       97.222244
      12        0.000100    12364.960144       87.297371
      13        0.000100    10031.668784       78.201530
      14        0.000100     8141.623123       70.037537
      15        0.000100     6635.453783       62.749565
      16        0.000100     5441.476757       56.306282
      17        0.000100     4494.655242       50.695972
      18        0.000100     3743.319687       45.873775
      19        0.000100     3147.791465       41.804085
      20        0.000100     2676.409494       38.386589
      21        0.000100     2302.297076       35.543453
      22        0.000100     2001.803277       33.115757
      23        0.000100     1755.904106       31.038712
      24        0.000100     1550.793677       29.216476
      25        0.000100     1376.899310       27.575298
      26        0.000100     1227.105144       26.092318
      27        0.000100     1064.094158       24.378592
      28        0.000100      937.571125       22.960762
      29        0.000100      818.496023       21.491447
      30        0.000100      732.193661       20.350430
      31        0.000100      644.431873       19.157562
      32        0.000100      572.532544       18.049767
      33        0.000100      520.933463       17.195507
      34        0.000100      479.402384       16.495213
      35        0.000100      443.589177       15.860911
      36        0.000100      412.803763       15.286682
      37        0.000100      386.420509       14.779452
      38        0.000100      363.552173       14.329000
      39        0.000100      343.036146       13.915545
      40        0.000100      325.077000       13.533917
      41        0.000100      309.382467       13.189936
      42        0.000100      295.123658       12.868289
      43        0.000100      282.421574       12.576713
      44        0.000100      271.237943       12.314259
      45        0.000100      261.254527       12.075849
      46        0.000100      252.291267       11.859845
      47        0.000100      244.187804       11.662508
      48        0.000100      236.824582       11.479486
      49        0.000100      230.109463       11.309788
      50        0.000100      223.965957       11.153362
      51        0.000100      218.344943       11.008354
      52        0.000100      213.209916       10.873904
      53        0.000100      208.288753       10.742460
      54        0.000100      203.763021       10.619278
      55        0.000100      199.522440       10.504343
      56        0.000100      195.642184       10.396559
      57        0.000100      192.087032       10.295617
      58        0.000100      188.697296       10.200448
      59        0.000100      185.498341       10.110062
      60        0.000100      182.494463       10.024467
      61        0.000100      179.665762        9.942946
      62        0.000100      176.996114        9.864901
      63        0.000100      174.468241        9.789857
      64        0.000100      172.072748        9.717942
      65        0.000100      169.795266        9.648391
      66        0.000100      167.639861        9.581769
      67        0.000100      165.593511        9.517787
      68        0.000100      163.622367        9.455559
      69        0.000100      161.685405        9.394314
      70        0.000100      159.911901        9.336246
      71        0.000100      158.214234        9.281090
      72        0.000100      156.580895        9.226503
      73        0.000100      155.054373        9.175263
      74        0.000100      153.585380        9.124915
      75        0.000100      152.191605        9.077270
      76        0.000100      150.837936        9.029906
      77        0.000100      149.540648        8.985165
      78        0.000100      148.281098        8.940779
      79        0.000100      147.067262        8.898989
      80        0.000100      145.895915        8.857976
      81        0.000100      144.745841        8.819094
      82        0.000100      143.634688        8.780385
      83        0.000100      142.517129        8.743765
      84        0.000100      141.439347        8.706970
      85        0.000100      140.835266        8.681021
      86        0.000100      139.671683        8.641457
      87        0.000100      138.694391        8.607622
      88        0.000100      137.713199        8.574218
      89        0.000100      136.805410        8.543182
      90        0.000100      135.894540        8.512343
      91        0.000100      135.030257        8.483014
      92        0.000100      134.162189        8.453733
      93        0.000100      133.338717        8.426243
      94        0.000100      132.526791        8.398782
      95        0.000100      131.735407        8.372800
      96        0.000100      130.948436        8.346754
      97        0.000100      130.197149        8.322316
      98        0.000100      129.456064        8.297536
      99        0.000100      128.732630        8.274046
     100        0.000100      128.024589        8.250592
     101        0.000100      127.334700        8.228590
     102        0.000100      126.658815        8.206585
     103        0.000100      126.003094        8.185805
     104        0.000100      125.359803        8.164755
     105        0.000100      124.731665        8.144923
     106        0.000100      124.112645        8.124844
     107        0.000100      123.520610        8.106555
     108        0.000100      122.939610        8.087592
     109        0.000100      122.363985        8.069757
     110        0.000100      121.803572        8.051461
     111        0.000100      121.258359        8.034254
     112        0.000100      120.723338        8.016540
     113        0.000100      120.209651        8.000116
     114        0.000100      119.703199        7.983176
     115        0.000100      119.206516        7.967386
     116        0.000100      118.716949        7.950968
     117        0.000100      118.237809        7.935728
     118        0.000100      117.774733        7.919575
     119        0.000100      117.315192        7.904322
     120        0.000100      116.867555        7.888435
     121        0.000100      116.431411        7.873859
     122        0.000100      115.999697        7.858768
     123        0.000100      115.577476        7.844933
     124        0.000100      115.157000        7.830432
     125        0.000100      114.743465        7.817008
     126        0.000100      114.333505        7.802669
     127        0.000100      113.948613        7.789804
     128        0.000100      113.567507        7.776016
     129        0.000100      113.192457        7.763657
     130        0.000100      112.820432        7.750437
     131        0.000100      112.454922        7.738656
     132        0.000100      112.093898        7.725836
     133        0.000100      111.742953        7.714231
     134        0.000100      111.389733        7.701775
     135        0.000100      111.068628        7.690975
     136        0.000100      110.744141        7.679115
     137        0.000100      110.429972        7.668663
     138        0.000100      110.108784        7.657167
     139        0.000100      109.784744        7.646537
     140        0.000100      109.470052        7.635090
     141        0.000100      109.165788        7.624572
     142        0.000100      108.869920        7.613318
     143        0.000100      108.563313        7.602901
     144        0.000100      108.275512        7.592004
     145        0.000100      107.972994        7.581792
     146        0.000100      107.675576        7.570833
     147        0.000100      107.380484        7.560807
     148        0.000100      107.103736        7.550116
     149        0.000100      106.833140        7.540637
     150        0.000100      106.566044        7.530490
     151        0.000100      106.275585        7.520699
     152        0.000100      105.991953        7.510218
     153        0.000100      105.705601        7.500233
     154        0.000100      105.424265        7.489643
     155        0.000100      105.137262        7.479509
     156        0.000100      104.855408        7.469081
     157        0.000100      104.577080        7.459407
     158        0.000100      104.292966        7.449057
     159        0.000100      103.992687        7.439232
     160        0.000100      103.692103        7.428743
     161        0.000100      103.402351        7.418785
     162        0.000100      103.125835        7.408474
     163        0.000100      102.842397        7.398782
     164        0.000100      102.562339        7.388732
     165        0.000100      102.274883        7.379096
     166        0.000100      102.001577        7.369330
     167        0.000100      101.708336        7.359669
     168        0.000100      101.436251        7.349904
     169        0.000100      101.162042        7.340706
     170        0.000100      100.915637        7.331579
     171        0.000100      100.642360        7.322691
     172        0.000100      100.374106        7.313358
     173        0.000100      100.096914        7.304626
     174        0.000100       99.839182        7.295465
     175        0.000100       99.578121        7.286785
     176        0.000100       99.327451        7.277832
     177        0.000100       99.073242        7.269436
     178        0.000100       98.831930        7.260715
     179        0.000100       98.575804        7.252315
     180        0.000100       98.322209        7.243555
     181        0.000100       98.065876        7.235214
     182        0.000100       97.830991        7.226625
     183        0.000100       97.600009        7.218737
     184        0.000100       97.371109        7.210349
     185        0.000100       97.135863        7.202421
     186        0.000100       96.916847        7.194206
     187        0.000100       96.696582        7.186685
     188        0.000100       96.473650        7.178649
     189        0.000100       96.249826        7.171118
     190        0.000100       96.049066        7.163619
     191        0.000100       95.860784        7.156831
     192        0.000100       95.661490        7.149480
     193        0.000100       95.459979        7.142581
     194        0.000100       95.275525        7.135772
     195        0.000100       95.100989        7.129659
     196        0.000100       94.921581        7.123019
     197        0.000100       94.733208        7.116735
     198        0.000100       94.566277        7.110385
     199        0.000100       94.415247        7.104904
     200        0.000100       94.251535        7.098792
     201        0.000100       94.085389        7.093156
     202        0.000100       93.928006        7.087375
     203        0.000100       93.782175        7.082185
     204        0.000100       93.647604        7.076999
     205        0.000100       93.494464        7.071642
     206        0.000100       93.343923        7.066183
     207        0.000100       93.216051        7.061396
     208        0.000100       93.090706        7.056458
     209        0.000100       92.949873        7.051500
     210        0.000100       92.817076        7.046515
     211        0.000100       92.694830        7.042095
     212        0.000100       92.572234        7.037612
     213        0.000100       92.437188        7.033337
     214        0.000100       92.322322        7.029285
     215        0.000100       92.221371        7.025731
     216        0.000100       92.141941        7.022023
     217        0.000100       92.021980        7.017952
     218        0.000100       91.914513        7.013973
     219        0.000100       91.805264        7.010249
     220        0.000100       91.700117        7.006363
     221        0.000100       91.594028        7.002682
     222        0.000100       91.495076        6.998869
     223        0.000100       91.410420        6.995620
     224        0.000100       91.339985        6.992090
     225        0.000100       91.241958        6.988626
     226        0.000100       91.139512        6.984834
     227        0.000100       91.038447        6.981497
     228        0.000100       90.966784        6.978309
     229        0.000100       90.873896        6.975078
     230        0.000100       90.788165        6.971632
     231        0.000100       90.712069        6.968606
     232        0.000100       90.659826        6.965529
     233        0.000100       90.580529        6.962317
     234        0.000100       90.487062        6.958763
     235        0.000100       90.398058        6.955616
     236        0.000100       90.342223        6.952659
     237        0.000100       90.270575        6.949774
     238        0.000100       90.192252        6.946305
     239        0.000100       90.124772        6.943347
     240        0.000100       90.074535        6.940377
     241        0.000100       90.029557        6.937516
     242        0.000100       89.957554        6.934248
     243        0.000100       89.879992        6.931389
     244        0.000100       89.827210        6.928640
     245        0.000100       89.778047        6.926115
     246        0.000100       89.714091        6.923213
     247        0.000100       89.658731        6.920464
     248        0.000100       89.615354        6.917781
     249        0.000100       89.581271        6.915035
     250        0.000100       89.536558        6.912166
     251        0.000100       89.486650        6.909498
     252        0.000100       89.430139        6.907018
     253        0.000100       89.398796        6.904653
     254        0.000100       89.343002        6.901964
     255        0.000100       89.297079        6.899128
     256        0.000100       89.256278        6.896444
     257        0.000100       89.235182        6.894296
     258        0.000100       89.208797        6.891881
     259        0.000100       89.193254        6.890580
     260        0.000100       89.151079        6.888192
     261        0.000100       89.118964        6.886590
     262        0.000100       89.072062        6.883876
     263        0.000100       89.048938        6.882265
     264        0.000100       89.019395        6.879891
     265        0.000100       89.016956        6.878609
     266        0.000100       88.992982        6.876404
     267        0.000100       88.999141        6.875302
     268        0.000100       88.966293        6.873045
     269        0.000100       88.940544        6.871216
     270        0.000100       88.897545        6.868597
     271        0.000100       88.893387        6.867231
     272        0.000100       88.866239        6.865039
     273        0.000100       88.881074        6.863993
     274        0.000100       88.862127        6.861920
     275        0.000100       88.885044        6.860820
     276        0.000100       88.853119        6.858382
     277        0.000100       88.844507        6.856769
     278        0.000100       88.803450        6.854240
     279        0.000100       88.810872        6.852875
     280        0.000100       88.788149        6.850845
     281        0.000100       88.824542        6.850063
     282        0.000100       88.809622        6.848023
     283        0.000100       88.836243        6.846841
     284        0.000100       88.799617        6.844481
     285        0.000100       88.811502        6.843041
     286        0.000100       88.772747        6.840621
     287        0.000100       88.793207        6.839288
     288        0.000100       88.778748        6.837465
     289        0.000100       88.836032        6.836915
     290        0.000100       88.815811        6.834975
     291        0.000100       88.839092        6.833692
     292        0.000100       88.803477        6.831409
     293        0.000100       88.839210        6.830405
     294        0.000100       88.804924        6.828060
     295        0.000100       88.835325        6.826792
     296        0.000100       88.839437        6.825308
     297        0.000100       88.901652        6.824871
     298        0.000100       88.870058        6.823054
     299        0.000100       88.894368        6.821815
     300        0.000100       88.883494        6.820140
     301        0.000100       88.934465        6.819277
     302        0.000100       88.905341        6.817050
     303        0.000100       88.965460        6.816152
     304        0.000100       88.960345        6.814676
     305        0.000100       89.007509        6.814078
     306        0.000100       88.962416        6.812146
     307        0.000100       89.016599        6.811415
     308        0.000100       89.018893        6.810139
     309        0.000100       89.086763        6.809538
     310        0.000100       89.082416        6.807958
     311        0.000100       89.141872        6.806950
     312        0.000100       89.113963        6.805269
     313        0.000100       89.158767        6.804284
     314        0.000100       89.122723        6.802503
     315        0.000100       89.199489        6.802013
     316        0.000100       89.206928        6.800960
     317        0.000100       89.306523        6.800710
     318        0.000100       89.280481        6.799133
     319        0.000100       89.330939        6.797967
     320        0.000100       89.316359        6.796358
     321        0.000100       89.386652        6.795591
     322        0.000100       89.365820        6.793911
     323        0.000100       89.452389        6.793268
     324        0.000100       89.454795        6.792128
     325        0.000100       89.519543        6.791842
     326        0.000100       89.486330        6.790117
     327        0.000100       89.553936        6.789485
     328        0.000100       89.571096        6.788479
     329        0.000100       89.665329        6.788076
     330        0.000100       89.672843        6.786848
     331        0.000100       89.736812        6.785752
     332        0.000100       89.709539        6.784101
     333        0.000100       89.768487        6.783129
     334        0.000100       89.751658        6.781873
     335        0.000100       89.838353        6.781218
     336        0.000100       89.858249        6.780470
     337        0.000100       89.960032        6.780485
     338        0.000100       89.932001        6.779333
     339        0.000100       90.003776        6.778280
     340        0.000100       90.004689        6.777108
     341        0.000100       90.109431        6.776447
     342        0.000100       90.116268        6.775486
     343        0.000100       90.208367        6.774098
     344        0.000100       90.176338        6.772579
     345        0.000100       90.241761        6.771256
     346        0.000100       90.215156        6.770345
     347        0.000100       90.323369        6.769757
     348        0.000100       90.340072        6.768947
     349        0.000100       90.478402        6.768814
     350        0.000100       90.462384        6.768164
     351        0.000100       90.552590        6.767012
     352        0.000100       90.539888        6.765440
     353        0.000100       90.649034        6.764204
     354        0.000100       90.661387        6.763609
     355        0.000100       90.776909        6.762349
     356        0.000100       90.738099        6.760535
     357        0.000100       90.801311        6.758884
     358        0.000100       90.786828        6.758755
     359        0.000100       90.897071        6.758546
     360        0.000100       90.928920        6.757795
     361        0.000100       91.067960        6.757442
     362        0.000100       91.086137        6.757242
     363        0.000100       91.175133        6.756407
     364        0.000100       91.166294        6.754498
     365        0.000100       91.262387        6.752950
     366        0.000100       91.300464        6.752478
     367        0.000100       91.401994        6.751236
     368        0.000100       91.390423        6.750032
     369        0.000100       91.436158        6.747743
     370        0.000100       91.434171        6.747653
     371        0.000100       91.538991        6.747608
     372        0.000100       91.586094        6.747144
     373        0.000100       91.724290        6.746166
     374        0.000100       91.740722        6.745962
     375        0.000100       91.836103        6.745044
     376        0.000100       91.825087        6.743885
     377        0.000100       91.947946        6.742127
     378        0.000100       91.960052        6.741040
     379        0.000100       92.078701        6.740228
     380        0.000100       92.056458        6.739830
     381        0.000100       92.137685        6.737481
     382        0.000100       92.089365        6.736104
     383        0.000100       92.214143        6.735999
     384        0.000100       92.237473        6.736507
     385        0.000100       92.412116        6.735787
     386        0.000100       92.392792        6.734894
     387        0.000100       92.509028        6.733608
     388        0.000100       92.469113        6.733706
     389        0.000100       92.666358        6.733106
     390        0.000100       92.651554        6.730957
     391        0.000100       92.796973        6.729530
     392        0.000100       92.728833        6.729623
     393        0.000100       92.878768        6.728328
     394        0.000100       92.778454        6.725850
     395        0.000100       92.940125        6.724575
     396        0.000100       92.899470        6.725419
     397        0.000100       93.117622        6.726089
     398        0.000100       93.044792        6.724389
     399        0.000100       93.200956        6.722919
     400        0.000100       93.129285        6.722922
     401        0.000100       93.388699        6.723421
     402        0.000100       93.351475        6.721663
     403        0.000100       93.532977        6.719614
     404        0.000100       93.392232        6.718671
     405        0.000100       93.597879        6.718388
     406        0.000100       93.499391        6.716272
     407        0.000100       93.705440        6.714498
     408        0.000100       93.621956        6.714199
     409        0.000100       93.801297        6.715904
     410        0.000100       93.722448        6.713893
     411        0.000100       93.891513        6.713026
     412        0.000100       93.858775        6.712540
     413        0.000100       94.054987        6.713057
     414        0.000100       94.045165        6.712767
     415        0.000100       94.191813        6.711028
     416        0.000100       94.120475        6.709252
     417        0.000100       94.258967        6.708653
     418        0.000100       94.261526        6.708472
     419        0.000100       94.456674        6.707325
     420        0.000100       94.353288        6.705314
     421        0.000100       94.444191        6.704699
     422        0.000100       94.383124        6.704309
     423        0.000100       94.593424        6.704319
     424        0.000100       94.560653        6.703439
     425        0.000100       94.716376        6.703144
     426        0.000100       94.640288        6.703622
     427        0.000100       94.841966        6.703326
     428        0.000100       94.793132        6.701983
     429        0.000100       94.975333        6.700904
     430        0.000100       94.963293        6.701032
     431        0.000100       95.153813        6.700430
     432        0.000100       95.038572        6.698328
     433        0.000100       95.155903        6.697256
     434        0.000100       95.106186        6.696451
     435        0.000100       95.333104        6.696741
     436        0.000100       95.292818        6.695762
     437        0.000100       95.375318        6.695205
     438        0.000100       95.293404        6.695201
     439        0.000100       95.502421        6.695610
     440        0.000100       95.493522        6.694632
     441        0.000100       95.679001        6.694124
     442        0.000100       95.620947        6.694528
     443        0.000100       95.788073        6.693948
     444        0.000100       95.728833        6.692101
     445        0.000100       95.909206        6.691329
     446        0.000100       95.857539        6.690321
     447        0.000100       96.116752        6.691130
     448        0.000100       95.970083        6.688415
     449        0.000100       96.122903        6.688357
     450        0.000100       95.999278        6.687667
     451        0.000100       96.295185        6.688779
     452        0.000100       96.246240        6.687753
     453        0.000100       96.439286        6.687264
     454        0.000100       96.283100        6.687363
     455        0.000100       96.512719        6.687750
     456        0.000100       96.488556        6.686339
     457        0.000100       96.757113        6.685741
     458        0.000100       96.646302        6.684617
     459        0.000100       96.840612        6.685085
     460        0.000100       96.703738        6.683151
     461        0.000100       96.948351        6.683133
     462        0.000100       96.854283        6.680607
     463        0.000100       97.084056        6.681457
     464        0.000100       96.993171        6.681615
     465        0.000100       97.195068        6.682072
     466        0.000100       97.008673        6.679873
     467        0.000100       97.315639        6.681049
     468        0.000100       97.285922        6.680623
     469        0.000100       97.563402        6.680849
     470        0.000100       97.337432        6.679503
     471        0.000100       97.621145        6.680361
     472        0.000100       97.482392        6.676960
     473        0.000100       97.850019        6.678144
     474        0.000100       97.674061        6.675898
     475        0.000100       97.927599        6.677286
     476        0.000100       97.712868        6.675660
     477        0.000100       98.001234        6.675815
     478        0.000100       97.877416        6.674008
     479        0.000100       98.164585        6.675303
     480        0.000100       98.065262        6.674809
     481        0.000100       98.286284        6.676326
     482        0.000100       98.079372        6.674091
     483        0.000100       98.399499        6.674533
     484        0.000100       98.334337        6.673350
     485        0.000100       98.702769        6.674580
     486        0.000100       98.420727        6.671736
     487        0.000100       98.674021        6.672862
     488        0.000100       98.518828        6.671214
     489        0.000100       98.943481        6.672314
     490        0.000100       98.759987        6.669305
     491        0.000100       99.010085        6.670613
     492        0.000100       98.766336        6.669574
     493        0.000100       99.096610        6.671389
     494        0.000100       98.963071        6.668612
     495        0.000100       99.291746        6.669075
     496        0.000100       99.195486        6.668467
     497        0.000100       99.420574        6.670262
     498        0.000100       99.171228        6.668444
     499        0.000100       99.564352        6.670444
     500        0.000100       99.446762        6.667126
     501        0.000100       99.904492        6.668370
     502        0.000100       99.579100        6.665941
     503        0.000100       99.865132        6.667615
     504        0.000100       99.626172        6.666411
     505        0.000100      100.084736        6.667230
     506        0.000100       99.972670        6.664816
     507        0.000100      100.272224        6.664567
     508        0.000100       99.919725        6.663823
     509        0.000100      100.341760        6.667624
     510        0.000100      100.087594        6.665143
     511        0.000100      100.519330        6.665720
     512        0.000100      100.472936        6.663363
     513        0.000100      100.702736        6.663906
     514        0.000100      100.391776        6.664226
     515        0.000100      100.808337        6.666769
     516        0.000100      100.623284        6.663742
     517        0.000100      101.087884        6.664396
     518        0.000100      100.872726        6.662130
     519        0.000100      101.062628        6.663163
     520        0.000100      100.825921        6.663869
     521        0.000100      101.299532        6.665573
     522        0.000100      101.139697        6.662240
     523        0.000100      101.501562        6.662144
     524        0.000100      101.228264        6.662163
     525        0.000100      101.545510        6.664027
     526        0.000100      101.270125        6.662766
     527        0.000100      101.767709        6.663535
     528        0.000100      101.630195        6.660261
     529        0.000100      102.001603        6.661831
     530        0.000100      101.590223        6.661174
     531        0.000100      102.003272        6.663208
     532        0.000100      101.716402        6.660373
     533        0.000100      102.207743        6.661766
     534        0.000100      102.007194        6.660498
     535        0.000100      102.304623        6.662322
     536        0.000100      102.045243        6.662577
     537        0.000100      102.417531        6.662738
     538        0.000100      102.171725        6.659775
     539        0.000100      102.551959        6.660921
     540        0.000100      102.421114        6.661869
     541        0.000100      102.800758        6.664502
     542        0.000100      102.504828        6.661667
     543        0.000100      102.762037        6.660916
     544        0.000100      102.622097        6.659204
     545        0.000100      102.988588        6.662557
     546        0.000100      102.875447        6.663389
     547        0.000100      103.202588        6.663787
     548        0.000100      102.880534        6.661105
     549        0.000100      103.220992        6.661983
     550        0.000100      102.982096        6.661600
     551        0.000100      103.423935        6.665220
     552        0.000100      103.321029        6.664770
     553        0.000100      103.670225        6.664701
     554        0.000100      103.318505        6.661737
     555        0.000100      103.604716        6.664268
     556        0.000100      103.515819        6.664891
     557        0.000100      103.914387        6.665188
     558        0.000100      103.770131        6.664054
     559        0.000100      104.055903        6.665722
     560        0.000100      103.800552        6.664767
     561        0.000100      104.145654        6.665597
     562        0.000100      103.967449        6.663833
     563        0.000100      104.339374        6.666311
     564        0.000100      104.270378        6.666992
     565        0.000100      104.643585        6.668838
     566        0.000100      104.331887        6.666235
     567        0.000100      104.619748        6.666683
     568        0.000100      104.481867        6.666354
     569        0.000100      104.880009        6.668045
     570        0.000100      104.781325        6.668496
     571        0.000100      105.173618        6.669810
     572        0.000100      104.858988        6.666923
     573        0.000100      105.221748        6.668118
     574        0.000100      104.925284        6.666589
     575        0.000100      105.463332        6.669196
     576        0.000100      105.270878        6.667829
     577        0.000100      105.769277        6.669292
     578        0.000100      105.397985        6.667193
     579        0.000100      105.806401        6.667354
     580        0.000100      105.474769        6.665258
     581        0.000100      106.012601        6.667229
     582        0.000100      105.787540        6.666648
     583        0.000100      106.357403        6.667989
     584        0.000100      105.948148        6.665668
     585        0.000100      106.405923        6.666320
     586        0.000100      105.992767        6.663965
     587        0.000100      106.570484        6.665294
     588        0.000100      106.271607        6.664234
     589        0.000100      106.909570        6.666495
     590        0.000100      106.498097        6.663990
     591        0.000100      106.933890        6.663839
     592        0.000100      106.489565        6.661367
     593        0.000100      107.048750        6.663155
     594        0.000100      106.734545        6.662250
     595        0.000100      107.344299        6.664005
     596        0.000100      106.981084        6.663015
     597        0.000100      107.417819        6.663875
     598        0.000100      106.969758        6.661214
     599        0.000100      107.440305        6.661892
     600        0.000100      107.125340        6.660834
     601        0.000100      107.716930        6.663946
     602        0.000100      107.438593        6.662638
     603        0.000100      107.831532        6.663044
     604        0.000100      107.408516        6.660223
     605        0.000100      107.794201        6.661617
     606        0.000100      107.557738        6.660691
     607        0.000100      108.012497        6.661891
     608        0.000100      107.876968        6.662590
     609        0.000100      108.186383        6.662473
     610        0.000100      107.852220        6.661387
     611        0.000100      108.213874        6.661997
     612        0.000100      107.908579        6.659890
     613        0.000100      108.392174        6.662458
     614        0.000100      108.174729        6.661600
     615        0.000100      108.728446        6.664626
     616        0.000100      108.310725        6.661479
     617        0.000100      108.618523        6.660702
     618        0.000100      108.332423        6.661240
     619        0.000100      108.799050        6.660986
     620        0.000100      108.578293        6.661959
     621        0.000100      109.078565        6.661755
     622        0.000100      108.639204        6.661406
     623        0.000100      109.173560        6.662490
     624        0.000100      108.654711        6.659520
     625        0.000100      109.215182        6.660404
     626        0.000100      108.816713        6.659665
     627        0.000100      109.546434        6.664071
     628        0.000100      109.115755        6.661648
     629        0.000100      109.471981        6.660807
     630        0.000100      109.136803        6.661128
     631        0.000100      109.608555        6.659647
     632        0.000100      109.298968        6.660264
     633        0.000100      109.907755        6.661930
     634        0.000100      109.565087        6.662061
     635        0.000100      110.101049        6.662742
     636        0.000100      109.584055        6.660150
     637        0.000100      110.074820        6.660903
     638        0.000100      109.726517        6.660068
     639        0.000100      110.342860        6.663038
     640        0.000100      110.040908        6.662818
     641        0.000100      110.509128        6.664756
     642        0.000100      110.174898        6.664205
     643        0.000100      110.570907        6.662296
     644        0.000100      110.213328        6.662340
     645        0.000100      110.823184        6.663975
     646        0.000100      110.492341        6.664410
     647        0.000100      111.179678        6.666292
     648        0.000100      110.608732        6.663755
     649        0.000100      111.168143        6.664437
     650        0.000100      110.672621        6.661982
     651        0.000100      111.313881        6.664346
     652        0.000100      110.914430        6.664178
     653        0.000100      111.584361        6.665769
     654        0.000100      111.211217        6.666058
     655        0.000100      111.688640        6.664434
     656        0.000100      111.176868        6.663622
     657        0.000100      111.861619        6.665183
     658        0.000100      111.385736        6.663958
     659        0.000100      112.243779        6.668891
     660        0.000100      111.698392        6.665775
     661        0.000100      112.341203        6.667930
     662        0.000100      111.786027        6.665310
     663        0.000100      112.377042        6.666796
     664        0.000100      112.028725        6.667600
     665        0.000100      112.722444        6.669359
     666        0.000100      112.461280        6.670614
     667        0.000100      112.961867        6.671836
     668        0.000100      112.581638        6.670857
     669        0.000100      112.978047        6.671949
     670        0.000100      112.795592        6.672268
     671        0.000100      113.297743        6.675107
     672        0.000100      113.161122        6.674648
     673        0.000100      113.548905        6.675764
     674        0.000100      113.194143        6.673654
     675        0.000100      113.476089        6.673078
     676        0.000100      113.182794        6.671786
     677        0.000100      113.613521        6.672297
     678        0.000100      113.426427        6.672619
     679        0.000100      113.891569        6.672210
     680        0.000100      113.470568        6.671142
     681        0.000100      113.823755        6.669840
     682        0.000100      113.389143        6.668950
     683        0.000100      113.942701        6.669558
     684        0.000100      113.573097        6.668631
     685        0.000100      114.234319        6.670746
     686        0.000100      113.791114        6.670286
     687        0.000100      114.228965        6.669770
     688        0.000100      113.691841        6.667016
     689        0.000100      114.254061        6.667592
     690        0.000100      113.793257        6.667621
     691        0.000100      114.565442        6.670765
     692        0.000100      114.111501        6.669327
     693        0.000100      114.708601        6.669185
     694        0.000100      113.935159        6.664142
     695        0.000100      114.557835        6.667131
     696        0.000100      114.088994        6.666447
     697        0.000100      114.845169        6.668960
     698        0.000100      114.429678        6.666733
     699        0.000100      114.830743        6.663679
     700        0.000100      114.454963        6.666668
     701        0.000100      114.777967        6.664474
     702        0.000100      114.347099        6.662523
     703        0.000100      115.125462        6.666656
     704        0.000100      114.620485        6.661684
     705        0.000100      115.323154        6.665068
     706        0.000100      114.675832        6.661712
     707        0.000100      115.075155        6.660668
     708        0.000100      114.782240        6.661455
     709        0.000100      115.237787        6.659066
     710        0.000100      114.918226        6.659562
     711        0.000100      115.604957        6.661346
     712        0.000100      114.935781        6.657710
     713        0.000100      115.687012        6.660614
     714        0.000100      114.804356        6.653826
     715        0.000100      115.703945        6.657747
     716        0.000100      115.214551        6.657676
     717        0.000100      115.884175        6.656837
     718        0.000100      115.446271        6.658362
     719        0.000100      115.895650        6.655696
     720        0.000100      115.301732        6.655209
     721        0.000100      115.969408        6.655521
     722        0.000100      115.364672        6.651961
     723        0.000100      116.262859        6.659344
     724        0.000100      115.708807        6.655858
     725        0.000100      116.324721        6.657980
     726        0.000100      115.771884        6.655145
     727        0.000100      116.240709        6.655398
     728        0.000100      115.910644        6.655325
     729        0.000100      116.346929        6.656381
     730        0.000100      116.283327        6.659621
     731        0.000100      116.687051        6.659476
     732        0.000100      116.286258        6.657081
     733        0.000100      116.639252        6.657305
     734        0.000100      116.343646        6.655305
     735        0.000100      116.812032        6.658155
     736        0.000100      116.549802        6.657405
     737        0.000100      117.136524        6.659878
     738        0.000100      116.763549        6.659270
     739        0.000100      117.143235        6.658060
     740        0.000100      116.715024        6.656117
     741        0.000100      117.251540        6.657028
     742        0.000100      117.067949        6.657746
     743        0.000100      117.503817        6.658754
     744        0.000100      117.302402        6.659070
     745        0.000100      117.611440        6.658289
     746        0.000100      117.264297        6.657646
     747        0.000100      117.714742        6.657293
     748        0.000100      117.481912        6.656811
     749        0.000100      118.019435        6.659307
     750        0.000100      117.832306        6.659595
     751        0.000100      118.239318        6.659911
     752        0.000100      117.809554        6.657915
     753        0.000100      118.179567        6.658290
     754        0.000100      117.997512        6.658764
     755        0.000100      118.487393        6.659771
     756        0.000100      118.292133        6.659888
     757        0.000100      118.752448        6.660352
     758        0.000100      118.353037        6.657968
     759        0.000100      118.607851        6.657010
     760        0.000100      118.338419        6.656245
     761        0.000100      118.824381        6.656755
     762        0.000100      118.563477        6.656597
     763        0.000100      119.111576        6.656469
     764        0.000100      118.678889        6.655468
     765        0.000100      119.176083        6.654016
     766        0.000100      118.492583        6.652839
     767        0.000100      119.333574        6.653410
     768        0.000100      118.739750        6.652225
     769        0.000100      119.550082        6.653962
     770        0.000100      119.052084        6.654379
     771        0.000100      119.600453        6.651743
     772        0.000100      119.013796        6.651972
     773        0.000100      119.608573        6.650578
     774        0.000100      119.033146        6.649022
     775        0.000100      119.963848        6.653764
     776        0.000100      119.361888        6.650371
     777        0.000100      120.013707        6.649067
     778        0.000100      119.419905        6.648796
     779        0.000100      119.774420        6.645943
     780        0.000100      119.607250        6.650286
     781        0.000100      120.062367        6.646335
     782        0.000100      119.632753        6.645189
     783        0.000100      120.564103        6.650792
     784        0.000100      119.691125        6.644038
     785        0.000100      120.436612        6.647362
     786        0.000100      119.703757        6.644804
     787        0.000100      120.411018        6.641962
     788        0.000100      120.041463        6.646045
     789        0.000100      120.616689        6.642221
     790        0.000100      120.220235        6.644811
     791        0.000100      120.805025        6.646063
     792        0.000100      119.860171        6.637915
     793        0.000100      120.879039        6.644471
     794        0.000100      120.108859        6.638631
     795        0.000100      121.044879        6.642351
     796        0.000100      120.471332        6.642727
     797        0.000100      121.076503        6.639822
     798        0.000100      120.622839        6.642329
     799        0.000100      120.815084        6.636763
     800        0.000100      120.684903        6.636763
     801        0.000100      121.139502        6.639993
     802        0.000100      120.830040        6.637152
     803        0.000100      121.425591        6.642293
     804        0.000100      120.914308        6.636290
     805        0.000100      121.212594        6.635242
     806        0.000100      121.056858        6.637868
     807        0.000100      121.281245        6.632944
     808        0.000100      121.304844        6.639354
     809        0.000100      121.594674        6.637118
     810        0.000100      121.456968        6.637103
     811        0.000100      121.779978        6.636077
     812        0.000100      121.099846        6.629857
     813        0.000100      121.929151        6.636621
     814        0.000100      121.401614        6.634686
     815        0.000100      122.030049        6.635651
     816        0.000100      121.879726        6.637565
     817        0.000100      122.128874        6.633682
     818        0.000100      121.984626        6.636077
     819        0.000100      121.946375        6.630652
     820        0.000100      121.918117        6.632426
     821        0.000100      122.485260        6.637910
     822        0.000100      122.172135        6.632863
     823        0.000100      122.723611        6.635179
     824        0.000100      122.330563        6.632452
     825        0.000100      122.443799        6.628522
     826        0.000100      122.427045        6.634214
     827        0.000100      122.606389        6.627765
     828        0.000100      122.738369        6.633829
     829        0.000100      122.995652        6.630074
     830        0.000100      122.856784        6.628750
     831        0.000100      123.140489        6.628455
     832        0.000100      122.677522        6.626784
     833        0.000100      123.328491        6.628070
     834        0.000100      122.790206        6.627194
     835        0.000100      123.702738        6.629833
     836        0.000100      123.214831        6.629505
     837        0.000100      123.889612        6.626292
     838        0.000100      123.174942        6.626260
     839        0.000100      123.860851        6.625392
     840        0.000100      123.411728        6.625678
     841        0.000100      124.179626        6.626417
     842        0.000100      123.669149        6.626105
     843        0.000100      124.508197        6.626470
     844        0.000100      123.830230        6.623726
     845        0.000100      124.328191        6.622742
     846        0.000100      123.853787        6.622139
     847        0.000100      124.639420        6.621217
     848        0.000100      124.072409        6.621346
     849        0.000100      124.902797        6.619895
     850        0.000100      124.261306        6.619196
     851        0.000100      124.956064        6.616476
     852        0.000100      124.150769        6.615378
     853        0.000100      125.041840        6.614779
     854        0.000100      124.445606        6.613763
     855        0.000100      125.202926        6.613287
     856        0.000100      124.737024        6.614255
     857        0.000100      125.335183        6.611513
     858        0.000100      124.791025        6.611156
     859        0.000100      125.221039        6.607548
     860        0.000100      124.819758        6.609072
     861        0.000100      125.604171        6.608862
     862        0.000100      125.036732        6.608644
     863        0.000100      125.976097        6.608211
     864        0.000100      125.017222        6.603069
     865        0.000100      125.678735        6.604656
     866        0.000100      125.258372        6.607420
     867        0.000100      125.844004        6.601069
     868        0.000100      125.376372        6.602540
     869        0.000100      126.225457        6.604457
     870        0.000100      125.430990        6.599633
     871        0.000100      126.384955        6.604051
     872        0.000100      125.336597        6.596265
     873        0.000100      126.377608        6.597422
     874        0.000100      125.756890        6.598188
     875        0.000100      126.314642        6.594152
     876        0.000100      126.040054        6.600031
     877        0.000100      126.605390        6.596846
     878        0.000100      125.825851        6.590714
     879        0.000100      126.443828        6.594050
     880        0.000100      125.990545        6.588551
     881        0.000100      126.685530        6.593062
     882        0.000100      126.301593        6.590559
     883        0.000100      126.746114        6.586783
     884        0.000100      126.634635        6.592013
     885        0.000100      126.611693        6.584057
     886        0.000100      126.558900        6.585361
     887        0.000100      126.773334        6.584074
     888        0.000100      126.645098        6.584089
     889        0.000100      127.108250        6.587103
     890        0.000100      126.864493        6.583121
     891        0.000100      127.174918        6.581947
     892        0.000100      126.657360        6.583297
     893        0.000100      127.229282        6.578502
     894        0.000100      126.760421        6.583390
     895        0.000100      127.598223        6.581018
     896        0.000100      127.033933        6.583664
     897        0.000100      127.825249        6.579638
     898        0.000100      126.908142        6.577988
     899        0.000100      127.782432        6.580855
     900        0.000100      127.127318        6.578709
     901        0.000100      127.864547        6.577827
     902        0.000100      127.392306        6.580873
     903        0.000100      128.216388        6.578820
     904        0.000100      127.481346        6.579738
     905        0.000100      128.058690        6.575154
     906        0.000100      127.456349        6.578550
     907        0.000100      128.388343        6.576333
     908        0.000100      127.603813        6.574744
     909        0.000100      128.546899        6.575922
     910        0.000100      128.007866        6.577284
     911        0.000100      128.633499        6.572344
     912        0.000100      127.884770        6.574232
     913        0.000100      128.637410        6.569695
     914        0.000100      128.205932        6.574898
     915        0.000100      128.866195        6.570036
     916        0.000100      128.305764        6.571491
     917        0.000100      129.208328        6.571893
     918        0.000100      128.357364        6.568965
     919        0.000100      129.045215        6.567626
     920        0.000100      128.481416        6.567695
     921        0.000100      129.331693        6.566886
     922        0.000100      128.696000        6.568153
     923        0.000100      129.681975        6.567314
     924        0.000100      128.904470        6.566969
     925        0.000100      129.582057        6.565861
     926        0.000100      128.950510        6.565351
     927        0.000100      129.845735        6.563792
     928        0.000100      129.132112        6.564168
     929        0.000100      130.145756        6.563877
     930        0.000100      129.435289        6.563427
     931        0.000100      130.197700        6.559703
     932        0.000100      129.298617        6.558995
     933        0.000100      130.264173        6.556788
     934        0.000100      129.535058        6.556125
     935        0.000100      130.347318        6.554358
     936        0.000100      129.736071        6.554440
     937        0.000100      130.569995        6.552244
     938        0.000100      129.665634        6.550568
     939        0.000100      130.394954        6.547317
     940        0.000100      129.831288        6.547478
     941        0.000100      130.545453        6.544829
     942        0.000100      130.030786        6.547988
     943        0.000100      130.887797        6.543983
     944        0.000100      130.210128        6.544646
     945        0.000100      130.616286        6.539323
     946        0.000100      130.138002        6.540321
     947        0.000100      130.871175        6.538438
     948        0.000100      130.270494        6.540580
     949        0.000100      131.149998        6.535764
     950        0.000100      130.455862        6.535918
     951        0.000100      131.147945        6.535406
     952        0.000100      130.430358        6.535238
     953        0.000100      131.299363        6.530431
     954        0.000100      130.360585        6.527210
     955        0.000100      131.559150        6.534617
     956        0.000100      130.728414        6.531602
     957        0.000100      131.682555        6.528607
     958        0.000100      130.568499        6.525776
     959        0.000100      131.496921        6.523160
     960        0.000100      130.813433        6.524788
     961        0.000100      131.518984        6.524121
     962        0.000100      130.893355        6.521687
     963        0.000100      131.898451        6.523367
     964        0.000100      130.854305        6.518376
     965        0.000100      131.577699        6.516668
     966        0.000100      130.910028        6.519000
     967        0.000100      131.815884        6.514942
     968        0.000100      130.962196        6.514863
     969        0.000100      131.916926        6.513259
     970        0.000100      131.132610        6.513173
     971        0.000100      131.798358        6.514372
     972        0.000100      131.032657        6.506325
     973        0.000100      131.697857        6.507380
     974        0.000100      131.225610        6.509319
     975        0.000100      132.021387        6.506270
     976        0.000100      131.483971        6.506675
     977        0.000100      131.888853        6.503141
     978        0.000100      131.199553        6.504023
     979        0.000100      132.084949        6.504266
     980        0.000100      131.106308        6.498849
     981        0.000100      132.326304        6.505701
     982        0.000100      131.522831        6.503753
     983        0.000100      132.490835        6.500945
     984        0.000100      131.292386        6.500023
     985        0.000100      132.449180        6.500229
     986        0.000100      131.510113        6.499482
     987        0.000100      132.487145        6.500289
     988        0.000100      131.808486        6.499766
     989        0.000100      132.773853        6.501342
     990        0.000100      131.737391        6.497401
     991        0.000100      132.396487        6.496047
     992        0.000100      131.666164        6.494761
     993        0.000100      132.736187        6.500981
     994        0.000100      131.939328        6.497507
     995        0.000100      133.027416        6.495179
     996        0.000100      132.003018        6.495584
     997        0.000100      132.915002        6.495511
     998        0.000100      131.959661        6.492881
     999        0.000100      132.921287        6.490148
    1000        0.000100      132.164747        6.494282
    1001        0.000100      133.359249        6.495190
    1002        0.000100      132.431631        6.489609
    1003        0.000100      132.856404        6.488909
    1004        0.000100      132.331340        6.489369
    1005        0.000100      133.122180        6.488705
    1006        0.000100      132.270758        6.487370
    1007        0.000100      133.502817        6.486488
    1008        0.000100      132.650060        6.489580
    1009        0.000100      133.619731        6.485205
    1010        0.000100      132.494963        6.483986
    1011        0.000100      133.604698        6.483604
    1012        0.000100      132.769142        6.483778
    1013        0.000100      133.876108        6.484720
    1014        0.000100      133.120849        6.484042
    1015        0.000100      134.062776        6.483220
    1016        0.000100      132.975341        6.481328
    1017        0.000100      134.058571        6.479710
    1018        0.000100      133.142531        6.478133
    1019        0.000100      134.190941        6.478096
    1020        0.000100      133.468877        6.477473
    1021        0.000100      134.435028        6.475278
    1022        0.000100      133.245702        6.471624
    1023        0.000100      134.171211        6.469147
    1024        0.000100      133.303500        6.467843
    1025        0.000100      134.277356        6.467278
    1026        0.000100      133.548015        6.466362
    1027        0.000100      134.544142        6.464234
    1028        0.000100      133.578258        6.463544
    1029        0.000100      134.177754        6.460488
    1030        0.000100      133.449519        6.459071
    1031        0.000100      134.418478        6.460092
    1032        0.000100      133.511822        6.456966
    1033        0.000100      134.820411        6.456808
    1034        0.000100      133.687845        6.456500
    1035        0.000100      134.451005        6.454340
    1036        0.000100      133.654832        6.451163
    1037        0.000100      134.226926        6.445868
    1038        0.000100      133.802785        6.452888
    1039        0.000100      134.830885        6.453198
    1040        0.000100      134.021162        6.447419
    1041        0.000100      134.634015        6.444285
    1042        0.000100      133.642839        6.444756
    1043        0.000100      135.077577        6.445304
    1044        0.000100      133.747395        6.440563
    1045        0.000100      135.030171        6.439714
    1046        0.000100      134.141649        6.443048
    1047        0.000100      135.235223        6.441344
    1048        0.000100      133.940596        6.434460
    1049        0.000100      134.856360        6.433303
    1050        0.000100      134.085513        6.435575
    1051        0.000100      135.206427        6.436937
    1052        0.000100      134.215924        6.432353
    1053        0.000100      135.345057        6.431343
    1054        0.000100      134.138068        6.433664
    1055        0.000100      135.141048        6.426591
    1056        0.000100      134.028509        6.425338
    1057        0.000100      135.163919        6.429710
    1058        0.000100      134.467840        6.427347
    1059        0.000100      135.437182        6.426083
    1060        0.000100      134.221410        6.422441
    1061        0.000100      135.179005        6.422131
    1062        0.000100      134.228647        6.423026
    1063        0.000100      135.224133        6.418252
    1064        0.000100      134.279120        6.422745
    1065        0.000100      135.610722        6.422541
    1066        0.000100      134.463904        6.421052
    1067        0.000100      135.057757        6.418728
    1068        0.000100      134.235613        6.417284
    1069        0.000100      135.291964        6.419462
    1070        0.000100      134.273994        6.418896
    1071        0.000100      135.654176        6.418801
    1072        0.000100      134.518531        6.419507
    1073        0.000100      135.458850        6.418369
    1074        0.000100      134.200449        6.414513
    1075        0.000100      135.390151        6.415582
    1076        0.000100      134.400733        6.417167
    1077        0.000100      135.705528        6.419040
    1078        0.000100      134.644790        6.414567
    1079        0.000100      135.639919        6.416218
    1080        0.000100      134.482909        6.414879
    1081        0.000100      135.717217        6.413762
    1082        0.000100      134.479770        6.411273
    1083        0.000100      135.878753        6.411873
    1084        0.000100      134.880721        6.414352
    1085        0.000100      136.033151        6.412858
    1086        0.000100      134.630654        6.407952
    1087        0.000100      135.825575        6.410114
    1088        0.000100      134.886978        6.407593
    1089        0.000100      136.018556        6.407577
    1090        0.000100      135.029816        6.405795
    1091        0.000100      136.286021        6.407173
    1092        0.000100      134.979835        6.405245
    1093        0.000100      136.049531        6.400665
    1094        0.000100      135.067310        6.402052
    1095        0.000100      136.178782        6.400331
    1096        0.000100      135.458797        6.401597
    1097        0.000100      136.567312        6.400069
    1098        0.000100      135.369979        6.398392
    1099        0.000100      136.358760        6.396103
    1100        0.000100      135.405670        6.395394
    1101        0.000100      136.615379        6.393631
    1102        0.000100      135.670070        6.394712
    1103        0.000100      137.002056        6.392952
    1104        0.000100      135.852165        6.392508
    1105        0.000100      136.642316        6.387735
    1106        0.000100      135.652568        6.386341
    1107        0.000100      136.795399        6.384386
    1108        0.000100      135.813566        6.384703
    1109        0.000100      137.126312        6.382120
    1110        0.000100      135.950839        6.381157
    1111        0.000100      136.717389        6.376573
    1112        0.000100      135.695237        6.375678
    1113        0.000100      136.823207        6.373906
    1114        0.000100      135.828121        6.374153
    1115        0.000100      137.218567        6.371911
    1116        0.000100      136.032825        6.370462
    1117        0.000100      137.086146        6.369546
    1118        0.000100      135.819552        6.368899
    1119        0.000100      137.063051        6.363601
    1120        0.000100      135.891209        6.361637
    1121        0.000100      137.041333        6.362715
    1122        0.000100      136.334629        6.365687
    1123        0.000100      137.375613        6.363966
    1124        0.000100      136.014208        6.357388
    1125        0.000100      137.108412        6.354378
    1126        0.000100      136.185723        6.356195
    1127        0.000100      137.456191        6.354230
    1128        0.000100      136.252504        6.351696
    1129        0.000100      137.579741        6.352841
    1130        0.000100      136.145492        6.351751
    1131        0.000100      137.287927        6.347969
    1132        0.000100      136.113994        6.343122
    1133        0.000100      137.261406        6.347043
    1134        0.000100      136.555053        6.345591
    1135        0.000100      137.553221        6.341808
    1136        0.000100      136.182275        6.340919
    1137        0.000100      137.326214        6.340288
    1138        0.000100      136.229226        6.340239
    1139        0.000100      137.412574        6.335399
    1140        0.000100      136.298503        6.336106
    1141        0.000100      137.686349        6.336145
    1142        0.000100      136.543628        6.333649
    1143        0.000100      137.097104        6.330645
    1144        0.000100      136.173847        6.328360
    1145        0.000100      137.328535        6.327994
    1146        0.000100      136.224194        6.328753
    1147        0.000100      137.590599        6.325768
    1148        0.000100      136.393434        6.328538
    1149        0.000100      137.285404        6.325033
    1150        0.000100      136.055955        6.321525
    1151        0.000100      137.172735        6.321482
    1152        0.000100      136.058708        6.321210
    1153        0.000100      137.585529        6.324649
    1154        0.000100      136.326973        6.320681
    1155        0.000100      137.484337        6.322074
    1156        0.000100      136.073847        6.319026
    1157        0.000100      137.431019        6.317807
    1158        0.000100      136.003669        6.316073
    1159        0.000100      137.613886        6.319073
    1160        0.000100      136.373584        6.317628
    1161        0.000100      137.815692        6.320571
    1162        0.000100      136.096904        6.312564
    1163        0.000100      137.530620        6.315582
    1164        0.000100      136.214868        6.310658
    1165        0.000100      137.678576        6.314572
    1166        0.000100      136.405097        6.309968
    1167        0.000100      137.953242        6.313707
    1168        0.000100      136.340636        6.310039
    1169        0.000100      137.557689        6.305670
    1170        0.000100      136.258968        6.303237
    1171        0.000100      137.545824        6.305118
    1172        0.000100      136.661701        6.305259
    1173        0.000100      137.887258        6.304109
    1174        0.000100      136.630585        6.301267
    1175        0.000100      137.579750        6.300382
    1176        0.000100      136.368348        6.296351
    1177        0.000100      137.918967        6.295488
    1178        0.000100      136.568234        6.295228
    1179        0.000100      138.304257        6.296165
    1180        0.000100      136.938846        6.292673
    1181        0.000100      137.980833        6.292726
    1182        0.000100      136.721002        6.287435
    1183        0.000100      138.101066        6.289653
    1184        0.000100      136.845066        6.285729
    1185        0.000100      138.664348        6.290973
    1186        0.000100      137.210274        6.286644
    1187        0.000100      138.754817        6.288871
    1188        0.000100      137.086742        6.282201
    1189        0.000100      138.583194        6.282493
    1190        0.000100      137.270855        6.279017
    1191        0.000100      138.675092        6.278545
    1192        0.000100      137.505118        6.277436
    1193        0.000100      138.936697        6.276808
    1194        0.000100      137.294001        6.273099
    1195        0.000100      138.568625        6.268909
    1196        0.000100      137.230963        6.266281
    1197        0.000100      138.692645        6.266626
    1198        0.000100      137.496722        6.265835
    1199        0.000100      139.001423        6.265258
    1200        0.000100      137.422585        6.259990
    1201        0.000100      138.566257        6.258179
    1202        0.000100      137.023512        6.254449
    1203        0.000100      138.815316        6.258504
    1204        0.000100      137.314767        6.251012
    1205        0.000100      138.974080        6.252200
    1206        0.000100      137.403124        6.249943
    1207        0.000100      138.284926        6.250041
    1208        0.000100      137.444450        6.246024
    1209        0.000100      138.113335        6.242376
    1210        0.000100      137.554784        6.240225
    1211        0.000100      138.169976        6.240302
    1212        0.000100      137.975501        6.240362
    1213        0.000100      137.969127        6.237611
    1214        0.000100      137.614030        6.238201
    1215        0.000100      138.153802        6.230765
    1216        0.000100      137.605996        6.229249
    1217        0.000100      138.222898        6.228168
    1218        0.000100      137.770771        6.228431
    1219        0.000100      138.366168        6.231043
    1220        0.000100      137.237363        6.224053
    1221        0.000100      138.186364        6.224643
    1222        0.000100      137.149782        6.219339
    1223        0.000100      138.456584        6.220200
    1224        0.000100      137.172383        6.217339
    1225        0.000100      138.762618        6.220642
    1226        0.000100      136.986808        6.215545
    1227        0.000100      138.390183        6.214039
    1228        0.000100      137.029687        6.209334
    1229        0.000100      138.385974        6.212358
    1230        0.000100      137.311838        6.212135
    1231        0.000100      138.697711        6.211977
    1232        0.000100      137.069297        6.209840
    1233        0.000100      138.301268        6.208051
    1234        0.000100      136.992382        6.206337
    1235        0.000100      138.329642        6.203828
    1236        0.000100      137.158011        6.205618
    1237        0.000100      138.670029        6.207866
    1238        0.000100      137.138814        6.204269
    1239        0.000100      138.375869        6.204347
    1240        0.000100      136.711777        6.197888
    1241        0.000100      138.598187        6.203315
    1242        0.000100      136.937436        6.200113
    1243        0.000100      138.813662        6.201399
    1244        0.000100      137.114859        6.200015
    1245        0.000100      138.227210        6.199790
    1246        0.000100      137.102346        6.196242
    1247        0.000100      138.080182        6.194846
    1248        0.000100      137.246981        6.191735
    1249        0.000100      138.263055        6.194768
    1250        0.000100      137.668870        6.196810
    1251        0.000100      137.672036        6.188286
    1252        0.000100      137.442507        6.191715
    1253        0.000100      137.921928        6.186023
    1254        0.000100      137.563032        6.186744
    1255        0.000100      138.166376        6.184751
    1256        0.000100      137.754209        6.185125
    1257        0.000100      138.174102        6.187455
    1258        0.000100      137.418553        6.178344
    1259        0.000100      138.189080        6.178454
    1260        0.000100      137.324424        6.175203
    1261        0.000100      138.610993        6.178919
    1262        0.000100      137.775185        6.176239
    1263        0.000100      138.549076        6.177033
    1264        0.000100      137.656303        6.171926
    1265        0.000100      138.348318        6.170909
    1266        0.000100      137.969475        6.165875
    1267        0.000100      138.660311        6.169494
    1268        0.000100      138.427201        6.169985
    1269        0.000100      138.927286        6.170395
    1270        0.000100      138.091436        6.167865
    1271        0.000100      138.829184        6.163687
    1272        0.000100      138.162870        6.163651
    1273        0.000100      139.007470        6.162696
    1274        0.000100      138.579313        6.160108
    1275        0.000100      139.015392        6.160905
    1276        0.000100      138.108848        6.156473
    1277        0.000100      138.837047        6.155464
    1278        0.000100      138.094256        6.148502
    1279        0.000100      139.028844        6.153025
    1280        0.000100      138.410114        6.148711
    1281        0.000100      139.254665        6.152680
    1282        0.000100      138.061342        6.143527
    1283        0.000100      138.774385        6.142786
    1284        0.000100      138.029099        6.140012
    1285        0.000100      138.880385        6.142137
    1286        0.000100      138.444740        6.137396
