       0        0.000100  2204785.227707     1475.438110
       1        0.000100  2026903.472930     1414.094116
       2        0.000100  1667190.362261     1281.075317
       3        0.000100  1180613.675955     1074.992432
       4        0.000100   687066.848328      813.512207
       5        0.000100   310671.438595      532.475281
       6        0.000100   110538.901771      294.431122
       7        0.000100    45021.407021      175.916336
       8        0.000100    31199.207218      141.982529
       9        0.000100    26329.265781      128.687286
      10        0.000100    22331.825438      117.691124
      11        0.000100    18681.884902      106.955307
      12        0.000100    15443.134604       96.622322
      13        0.000100    12670.956944       86.796547
      14        0.000100    10375.604635       77.849060
      15        0.000100     8521.241006       69.903603
      16        0.000100     7040.315786       62.975140
      17        0.000100     5854.922049       56.927456
      18        0.000100     4897.198388       51.637508
      19        0.000100     4116.964152       47.014194
      20        0.000100     3479.510978       42.979725
      21        0.000100     2959.673184       39.489677
      22        0.000100     2537.145599       36.502945
      23        0.000100     2194.209964       33.932026
      24        0.000100     1914.972295       31.732050
      25        0.000100     1685.623724       29.802971
      26        0.000100     1494.842526       28.076447
      27        0.000100     1287.718857       26.087460
      28        0.000100     1130.961357       24.419983
      29        0.000100     1006.021669       23.009293
      30        0.000100      901.199048       21.757685
      31        0.000100      792.473893       20.421883
      32        0.000100      693.398471       19.111567
      33        0.000100      612.239791       17.960470
      34        0.000100      551.170348       17.028357
      35        0.000100      501.672206       16.253298
      36        0.000100      458.203884       15.548208
      37        0.000100      421.806737       14.920230
      38        0.000100      391.117009       14.361734
      39        0.000100      364.726297       13.861015
      40        0.000100      341.783729       13.415319
      41        0.000100      321.873895       13.024139
      42        0.000100      304.535587       12.681200
      43        0.000100      289.237246       12.371843
      44        0.000100      275.581404       12.089064
      45        0.000100      263.290254       11.831491
      46        0.000100      252.164979       11.594121
      47        0.000100      242.085506       11.376403
      48        0.000100      232.948072       11.175308
      49        0.000100      224.649919       10.990458
      50        0.000100      217.103511       10.820924
      51        0.000100      209.803404       10.655010
      52        0.000100      203.375318       10.504596
      53        0.000100      197.513546       10.365504
      54        0.000100      192.088735       10.233729
      55        0.000100      187.133964       10.111466
      56        0.000100      182.510063        9.995526
      57        0.000100      178.247122        9.888560
      58        0.000100      173.621116        9.768650
      59        0.000100      169.857522        9.670107
      60        0.000100      166.367224        9.577589
      61        0.000100      163.156900        9.491609
      62        0.000100      160.110988        9.407947
      63        0.000100      157.299861        9.330266
      64        0.000100      154.613723        9.254175
      65        0.000100      152.123763        9.183243
      66        0.000100      149.699960        9.113486
      67        0.000100      147.253031        9.046370
      68        0.000100      144.635688        8.965996
      69        0.000100      142.544483        8.903334
      70        0.000100      140.580451        8.843041
      71        0.000100      138.773428        8.787622
      72        0.000100      136.996202        8.732285
      73        0.000100      135.326567        8.680591
      74        0.000100      133.667012        8.628006
      75        0.000100      132.167166        8.580902
      76        0.000100      130.737350        8.535068
      77        0.000100      129.441070        8.494184
      78        0.000100      128.172689        8.453400
      79        0.000100      126.919824        8.412860
      80        0.000100      125.699046        8.369708
      81        0.000100      124.631674        8.334043
      82        0.000100      123.606173        8.298452
      83        0.000100      122.645020        8.265825
      84        0.000100      121.719226        8.233498
      85        0.000100      120.841398        8.202685
      86        0.000100      119.999669        8.172653
      87        0.000100      119.197217        8.142954
      88        0.000100      118.384353        8.114343
      89        0.000100      117.632209        8.085546
      90        0.000100      116.934648        8.060083
      91        0.000100      116.279230        8.035589
      92        0.000100      115.669041        8.013372
      93        0.000100      115.081758        7.990956
      94        0.000100      114.532936        7.970394
      95        0.000100      113.996648        7.949553
      96        0.000100      113.495423        7.930247
      97        0.000100      112.998109        7.910714
      98        0.000100      112.537948        7.893194
      99        0.000100      112.076025        7.874770
     100        0.000100      111.653589        7.858035
     101        0.000100      111.221504        7.840447
     102        0.000100      110.830600        7.824454
     103        0.000100      110.424403        7.807480
     104        0.000100      110.061235        7.792427
     105        0.000100      109.676749        7.776325
     106        0.000100      109.336421        7.761849
     107        0.000100      108.967405        7.745948
     108        0.000100      108.642476        7.731071
     109        0.000100      108.296131        7.714991
     110        0.000100      108.013728        7.703474
     111        0.000100      107.685703        7.689047
     112        0.000100      107.387781        7.675002
     113        0.000100      107.059218        7.660077
     114        0.000100      106.796222        7.647249
     115        0.000100      106.483263        7.632477
     116        0.000100      106.233197        7.619715
     117        0.000100      105.929239        7.604609
     118        0.000100      105.703992        7.593084
     119        0.000100      105.467105        7.581514
     120        0.000100      105.225328        7.569459
     121        0.000100      104.931606        7.554811
     122        0.000100      104.729879        7.543764
     123        0.000100      104.468341        7.530685
     124        0.000100      104.279937        7.520157
     125        0.000100      104.026073        7.507242
     126        0.000100      103.842993        7.496360
     127        0.000100      103.622651        7.485172
     128        0.000100      103.525337        7.477941
     129        0.000100      103.268629        7.465533
     130        0.000100      103.100555        7.455216
     131        0.000100      102.884041        7.443456
     132        0.000100      102.746817        7.434174
     133        0.000100      102.548328        7.422971
     134        0.000100      102.445826        7.415098
     135        0.000100      102.311258        7.405790
     136        0.000100      102.182601        7.396960
     137        0.000100      101.960790        7.384567
     138        0.000100      101.841742        7.375403
     139        0.000100      101.675819        7.364959
     140        0.000100      101.604082        7.357702
     141        0.000100      101.466985        7.348298
     142        0.000100      101.392417        7.341014
     143        0.000100      101.190829        7.329904
     144        0.000100      101.078359        7.321085
     145        0.000100      100.946420        7.312070
     146        0.000100      100.904764        7.305935
     147        0.000100      100.778297        7.297021
     148        0.000100      100.729858        7.290638
     149        0.000100      100.554413        7.280576
     150        0.000100      100.454758        7.272450
     151        0.000100      100.351883        7.264557
     152        0.000100      100.341173        7.259295
     153        0.000100      100.238769        7.251008
     154        0.000100      100.218488        7.245143
     155        0.000100      100.067237        7.235436
     156        0.000100      100.002291        7.227575
     157        0.000100       99.938662        7.220010
     158        0.000100       99.967644        7.214963
     159        0.000100       99.901194        7.206921
     160        0.000100       99.918491        7.201547
     161        0.000100       99.793911        7.192066
     162        0.000100       99.771896        7.184977
     163        0.000100       99.747373        7.178155
     164        0.000100       99.814119        7.173617
     165        0.000100       99.777773        7.166011
     166        0.000100       99.832355        7.161067
     167        0.000100       99.730541        7.151972
     168        0.000100       99.737545        7.145341
     169        0.000100       99.737674        7.139036
     170        0.000100       99.828431        7.134727
     171        0.000100       99.803140        7.127423
     172        0.000100       99.874743        7.122704
     173        0.000100       99.778537        7.114044
     174        0.000100       99.802824        7.107949
     175        0.000100       99.811215        7.101892
     176        0.000100       99.914176        7.098047
     177        0.000100       99.895203        7.091002
     178        0.000100       99.974118        7.086760
     179        0.000100       99.875137        7.078371
     180        0.000100       99.936367        7.073675
     181        0.000100       99.954712        7.068189
     182        0.000100      100.081713        7.065091
     183        0.000100      100.075522        7.058603
     184        0.000100      100.165046        7.054866
     185        0.000100      100.066043        7.046594
     186        0.000100      100.192555        7.043225
     187        0.000100      100.225398        7.037804
     188        0.000100      100.386776        7.035235
     189        0.000100      100.381256        7.028888
     190        0.000100      100.466479        7.025280
     191        0.000100      100.390381        7.017371
     192        0.000100      100.580759        7.015911
     193        0.000100      100.622356        7.010380
     194        0.000100      100.807237        7.008429
     195        0.000100      100.780895        7.001664
     196        0.000100      100.861248        6.997854
     197        0.000100      100.854614        6.991243
     198        0.000100      101.064647        6.990136
     199        0.000100      101.119015        6.984775
     200        0.000100      101.296781        6.982815
     201        0.000100      101.261501        6.976005
     202        0.000100      101.357717        6.972430
     203        0.000100      101.413949        6.967216
     204        0.000100      101.636172        6.965992
     205        0.000100      101.705477        6.960722
     206        0.000100      101.849508        6.958344
     207        0.000100      101.812533        6.951560
     208        0.000100      101.952089        6.949168
     209        0.000100      102.068702        6.944944
     210        0.000100      102.279567        6.943893
     211        0.000100      102.326372        6.938798
     212        0.000100      102.445316        6.935925
     213        0.000100      102.392852        6.929445
     214        0.000100      102.614580        6.928585
     215        0.000100      102.675522        6.923962
     216        0.000100      102.924870        6.922632
     217        0.000100      102.914935        6.917140
     218        0.000100      103.053124        6.915104
     219        0.000100      103.088928        6.910208
     220        0.000100      103.361565        6.909891
     221        0.000100      103.477426        6.906075
     222        0.000100      103.684617        6.905157
     223        0.000100      103.668416        6.899213
     224        0.000100      103.760989        6.896240
     225        0.000100      103.820896        6.891568
     226        0.000100      104.059288        6.890203
     227        0.000100      104.148600        6.885574
     228        0.000100      104.330682        6.884134
     229        0.000100      104.306934        6.878814
     230        0.000100      104.529820        6.878006
     231        0.000100      104.644984        6.874190
     232        0.000100      104.911713        6.873824
     233        0.000100      104.959091        6.868996
     234        0.000100      105.079116        6.866780
     235        0.000100      105.025266        6.860739
     236        0.000100      105.277437        6.859225
     237        0.000100      105.364066        6.855023
     238        0.000100      105.630951        6.854487
     239        0.000100      105.656198        6.850003
     240        0.000100      105.782699        6.848543
     241        0.000100      105.866867        6.844459
     242        0.000100      106.131107        6.844649
     243        0.000100      106.244268        6.840344
     244        0.000100      106.409152        6.839492
     245        0.000100      106.368059        6.833353
     246        0.000100      106.517875        6.831472
     247        0.000100      106.607273        6.826857
     248        0.000100      106.890153        6.827011
     249        0.000100      106.971859        6.822598
     250        0.000100      107.138133        6.822663
     251        0.000100      107.107282        6.816820
     252        0.000100      107.373784        6.818173
     253        0.000100      107.488446        6.813470
     254        0.000100      107.728155        6.814078
     255        0.000100      107.724929        6.808479
     256        0.000100      107.816670        6.806933
     257        0.000100      107.864031        6.801937
     258        0.000100      108.129204        6.802521
     259        0.000100      108.260174        6.798216
     260        0.000100      108.467623        6.799251
     261        0.000100      108.457060        6.794219
     262        0.000100      108.633941        6.795371
     263        0.000100      108.754715        6.791045
     264        0.000100      109.031858        6.793155
     265        0.000100      109.092185        6.787673
     266        0.000100      109.216098        6.788292
     267        0.000100      109.161804        6.781540
     268        0.000100      109.398468        6.783524
     269        0.000100      109.528467        6.778287
     270        0.000100      109.756392        6.779732
     271        0.000100      109.758388        6.774315
     272        0.000100      109.869289        6.774312
     273        0.000100      109.952762        6.770773
     274        0.000100      110.242625        6.772592
     275        0.000100      110.389038        6.768143
     276        0.000100      110.547284        6.769568
     277        0.000100      110.520107        6.763944
     278        0.000100      110.676263        6.765102
     279        0.000100      110.788665        6.760325
     280        0.000100      111.067330        6.761430
     281        0.000100      111.118933        6.755971
     282        0.000100      111.253071        6.756840
     283        0.000100      111.224042        6.751204
     284        0.000100      111.512586        6.753698
     285        0.000100      111.659417        6.749289
     286        0.000100      111.914876        6.751599
     287        0.000100      111.936041        6.746468
     288        0.000100      112.029490        6.748404
     289        0.000100      112.131937        6.743822
     290        0.000100      112.395252        6.746127
     291        0.000100      112.516806        6.741486
     292        0.000100      112.660744        6.741979
     293        0.000100      112.592156        6.737050
     294        0.000100      112.807796        6.739064
     295        0.000100      112.936660        6.735339
     296        0.000100      113.247535        6.738213
     297        0.000100      113.267844        6.733599
     298        0.000100      113.382188        6.735560
     299        0.000100      113.373499        6.731229
     300        0.000100      113.652161        6.734000
     301        0.000100      113.751295        6.730040
     302        0.000100      113.933139        6.731227
     303        0.000100      113.847148        6.725673
     304        0.000100      113.931632        6.726321
     305        0.000100      114.010026        6.722325
     306        0.000100      114.283748        6.724476
     307        0.000100      114.341764        6.720307
     308        0.000100      114.458287        6.722054
     309        0.000100      114.381679        6.717274
     310        0.000100      114.622435        6.720581
     311        0.000100      114.741506        6.717043
     312        0.000100      114.989731        6.720078
     313        0.000100      114.927099        6.715230
     314        0.000100      114.968767        6.716110
     315        0.000100      114.972945        6.711141
     316        0.000100      115.218634        6.713161
     317        0.000100      115.320544        6.708279
     318        0.000100      115.442507        6.709859
     319        0.000100      115.352231        6.704183
     320        0.000100      115.513168        6.707033
     321        0.000100      115.623126        6.702350
     322        0.000100      115.922345        6.707605
     323        0.000100      115.908863        6.700918
     324        0.000100      115.982339        6.704752
     325        0.000100      115.925073        6.698530
     326        0.000100      116.158005        6.700032
     327        0.000100      116.300895        6.697598
     328        0.000100      116.470948        6.698311
     329        0.000100      116.402245        6.693712
     330        0.000100      116.478579        6.695635
     331        0.000100      116.574538        6.691860
     332        0.000100      116.873210        6.694784
     333        0.000100      116.945582        6.691765
     334        0.000100      117.056374        6.693904
     335        0.000100      116.962809        6.689543
     336        0.000100      117.182666        6.693188
     337        0.000100      117.301458        6.689197
     338        0.000100      117.546041        6.692054
     339        0.000100      117.488319        6.687989
     340        0.000100      117.547779        6.689970
     341        0.000100      117.563286        6.686552
     342        0.000100      117.830775        6.689221
     343        0.000100      117.940832        6.686161
     344        0.000100      118.038528        6.688483
     345        0.000100      117.945184        6.684804
     346        0.000100      118.113932        6.688064
     347        0.000100      118.214935        6.685146
     348        0.000100      118.513096        6.688156
     349        0.000100      118.446844        6.683090
     350        0.000100      118.510935        6.684864
     351        0.000100      118.479191        6.680179
     352        0.000100      118.728695        6.684269
     353        0.000100      118.862036        6.678658
     354        0.000100      118.970306        6.682642
     355        0.000100      118.851827        6.676236
     356        0.000100      118.976940        6.677530
     357        0.000100      119.055080        6.675475
     358        0.000100      119.385984        6.678667
     359        0.000100      119.384130        6.673932
     360        0.000100      119.479958        6.677267
     361        0.000100      119.430358        6.672729
     362        0.000100      119.675046        6.677501
     363        0.000100      119.821771        6.673504
     364        0.000100      119.991645        6.677076
     365        0.000100      119.892442        6.670979
     366        0.000100      119.957393        6.674670
     367        0.000100      120.023120        6.669738
     368        0.000100      120.317588        6.675714
     369        0.000100      120.377503        6.668887
     370        0.000100      120.445630        6.674522
     371        0.000100      120.359670        6.667705
     372        0.000100      120.569761        6.672731
     373        0.000100      120.711950        6.669484
     374        0.000100      120.961061        6.672062
     375        0.000100      120.866394        6.669376
     376        0.000100      120.929324        6.671744
     377        0.000100      120.928988        6.667524
     378        0.000100      121.217232        6.673289
     379        0.000100      121.278344        6.665481
     380        0.000100      121.359397        6.670914
     381        0.000100      121.208530        6.664178
     382        0.000100      121.385925        6.667491
     383        0.000100      121.472088        6.664694
     384        0.000100      121.766581        6.668375
     385        0.000100      121.652776        6.662258
     386        0.000100      121.739979        6.667127
     387        0.000100      121.724934        6.662342
     388        0.000100      122.031353        6.668966
     389        0.000100      122.136882        6.664121
     390        0.000100      122.247841        6.668613
     391        0.000100      122.080869        6.662336
     392        0.000100      122.227307        6.666795
     393        0.000100      122.266078        6.660160
     394        0.000100      122.609713        6.665621
     395        0.000100      122.478714        6.656094
     396        0.000100      122.560374        6.660699
     397        0.000100      122.501224        6.655179
     398        0.000100      122.795152        6.659784
     399        0.000100      122.992086        6.658710
     400        0.000100      123.149489        6.662795
     401        0.000100      123.004326        6.657127
     402        0.000100      123.140635        6.661081
     403        0.000100      123.186225        6.656609
     404        0.000100      123.553689        6.661294
     405        0.000100      123.478602        6.656250
     406        0.000100      123.540704        6.659497
     407        0.000100      123.415979        6.653024
     408        0.000100      123.663872        6.659143
     409        0.000100      123.803918        6.652579
     410        0.000100      123.920106        6.655012
     411        0.000100      123.873115        6.651358
     412        0.000100      123.940502        6.656727
     413        0.000100      124.055224        6.653171
     414        0.000100      124.375079        6.659247
     415        0.000100      124.424858        6.654810
     416        0.000100      124.451068        6.659269
     417        0.000100      124.354921        6.654870
     418        0.000100      124.544695        6.659659
     419        0.000100      124.720495        6.656507
     420        0.000100      124.862150        6.659661
     421        0.000100      124.732423        6.653690
     422        0.000100      124.757379        6.657923
     423        0.000100      124.740946        6.652026
     424        0.000100      125.108748        6.658737
     425        0.000100      125.066050        6.651678
     426        0.000100      125.208978        6.656576
     427        0.000100      124.996045        6.652393
     428        0.000100      125.296580        6.658817
     429        0.000100      125.331780        6.654355
     430        0.000100      125.652319        6.658522
     431        0.000100      125.429887        6.652366
     432        0.000100      125.501054        6.656483
     433        0.000100      125.404479        6.650629
     434        0.000100      125.763586        6.657123
     435        0.000100      125.768935        6.650338
     436        0.000100      125.767588        6.653591
     437        0.000100      125.586874        6.645991
     438        0.000100      125.715459        6.650760
     439        0.000100      125.935622        6.646393
     440        0.000100      126.135685        6.650796
     441        0.000100      126.034248        6.645229
     442        0.000100      125.989821        6.649613
     443        0.000100      125.996714        6.646224
     444        0.000100      126.317025        6.652193
     445        0.000100      126.396171        6.647353
     446        0.000100      126.393567        6.651159
     447        0.000100      126.192873        6.645217
     448        0.000100      126.455839        6.652362
     449        0.000100      126.503159        6.647058
     450        0.000100      127.002960        6.652195
     451        0.000100      126.766935        6.649187
     452        0.000100      126.973599        6.650463
     453        0.000100      126.728194        6.648041
     454        0.000100      127.254813        6.653951
     455        0.000100      127.200158        6.649700
     456        0.000100      127.409600        6.653723
     457        0.000100      127.078658        6.648678
     458        0.000100      127.278641        6.655361
     459        0.000100      127.378020        6.651640
     460        0.000100      127.670709        6.658447
     461        0.000100      127.644978        6.652421
     462        0.000100      127.461872        6.656822
     463        0.000100      127.421207        6.653330
     464        0.000100      127.764100        6.661110
     465        0.000100      127.971846        6.658621
     466        0.000100      128.087581        6.663392
     467        0.000100      127.835231        6.658764
     468        0.000100      127.992396        6.664930
     469        0.000100      128.201584        6.662795
     470        0.000100      128.533947        6.669649
     471        0.000100      128.530320        6.664588
     472        0.000100      128.410990        6.668918
     473        0.000100      128.320515        6.664872
     474        0.000100      128.741346        6.672295
     475        0.000100      128.806607        6.668581
     476        0.000100      129.071221        6.673734
     477        0.000100      128.566969        6.667053
     478        0.000100      129.049657        6.673645
     479        0.000100      128.695598        6.668840
     480        0.000100      129.578830        6.676806
     481        0.000100      128.986955        6.669491
     482        0.000100      129.480834        6.676189
     483        0.000100      128.934967        6.668438
     484        0.000100      129.683304        6.678320
     485        0.000100      129.439348        6.670997
     486        0.000100      129.996767        6.679615
     487        0.000100      129.361939        6.668892
     488        0.000100      129.858024        6.677925
     489        0.000100      129.498978        6.669436
     490        0.000100      130.286375        6.680226
     491        0.000100      129.866326        6.670817
     492        0.000100      129.941660        6.677636
     493        0.000100      129.660875        6.668828
     494        0.000100      129.842461        6.676524
     495        0.000100      130.223049        6.670898
     496        0.000100      130.208341        6.677902
     497        0.000100      130.033808        6.669661
     498        0.000100      130.022987        6.675223
     499        0.000100      130.129644        6.670629
     500        0.000100      130.581165        6.678339
     501        0.000100      130.535612        6.672274
     502        0.000100      130.393518        6.676199
     503        0.000100      130.247721        6.670130
     504        0.000100      130.645186        6.677105
     505        0.000100      130.744636        6.673034
     506        0.000100      130.982681        6.678164
     507        0.000100      130.443378        6.669246
     508        0.000100      130.877490        6.674575
     509        0.000100      130.371851        6.669199
     510        0.000100      131.495465        6.679212
     511        0.000100      130.823289        6.671052
     512        0.000100      131.590832        6.677271
     513        0.000100      130.707029        6.668819
     514        0.000100      131.608672        6.677431
     515        0.000100      131.102818        6.670992
     516        0.000100      131.803117        6.678069
     517        0.000100      131.122916        6.669068
     518        0.000100      131.322643        6.675777
     519        0.000100      131.272033        6.670269
     520        0.000100      131.522347        6.676052
     521        0.000100      131.891117        6.672085
     522        0.000100      131.638347        6.671971
     523        0.000100      131.363698        6.667526
     524        0.000100      131.561681        6.670942
     525        0.000100      131.740253        6.667650
     526        0.000100      131.761380        6.673191
     527        0.000100      131.769976        6.666647
     528        0.000100      131.732908        6.671310
     529        0.000100      131.787677        6.665296
     530        0.000100      132.166685        6.673679
     531        0.000100      132.340950        6.666529
     532        0.000100      132.126625        6.670486
     533        0.000100      132.034855        6.663558
     534        0.000100      132.190490        6.671057
     535        0.000100      132.680877        6.668738
     536        0.000100      132.797055        6.674944
     537        0.000100      132.801834        6.669021
     538        0.000100      132.554405        6.673275
     539        0.000100      132.831771        6.669956
     540        0.000100      133.032193        6.677985
     541        0.000100      133.212407        6.675013
     542        0.000100      133.143404        6.679764
     543        0.000100      133.161781        6.674922
     544        0.000100      133.366730        6.683062
     545        0.000100      133.753635        6.681332
     546        0.000100      133.892390        6.687602
     547        0.000100      133.948075        6.682151
     548        0.000100      133.735256        6.687314
     549        0.000100      134.162354        6.685841
     550        0.000100      134.410279        6.694824
     551        0.000100      134.823046        6.691659
     552        0.000100      134.526088        6.695604
     553        0.000100      134.622540        6.691014
     554        0.000100      134.687570        6.699816
     555        0.000100      135.317253        6.698462
     556        0.000100      135.364604        6.704846
     557        0.000100      135.527037        6.698421
     558        0.000100      135.191169        6.702342
     559        0.000100      135.578885        6.698110
     560        0.000100      135.645680        6.705902
     561        0.000100      135.965148        6.701676
     562        0.000100      135.785191        6.705993
     563        0.000100      135.873322        6.698964
     564        0.000100      135.958810        6.706865
     565        0.000100      136.447907        6.703284
     566        0.000100      136.444695        6.710551
     567        0.000100      136.648238        6.701725
     568        0.000100      136.307115        6.708373
     569        0.000100      136.836446        6.702388
     570        0.000100      136.907917        6.714023
     571        0.000100      137.491801        6.706206
     572        0.000100      136.967284        6.712152
     573        0.000100      137.286821        6.701593
     574        0.000100      137.062529        6.711358
     575        0.000100      137.846108        6.706382
     576        0.000100      137.575952        6.714120
     577        0.000100      137.916419        6.702886
     578        0.000100      137.276798        6.706648
     579        0.000100      137.828119        6.700285
     580        0.000100      137.723453        6.710083
     581        0.000100      138.390954        6.702526
     582        0.000100      137.790365        6.706339
     583        0.000100      138.066513        6.695180
     584        0.000100      137.786918        6.703322
     585        0.000100      138.470788        6.697853
     586        0.000100      138.207914        6.705969
     587        0.000100      138.645652        6.694214
     588        0.000100      137.991050        6.699582
     589        0.000100      138.628298        6.691536
     590        0.000100      138.445010        6.702283
     591        0.000100      139.185765        6.693485
     592        0.000100      138.454784        6.698877
     593        0.000100      138.909195        6.688024
     594        0.000100      138.582906        6.697773
     595        0.000100      139.430283        6.692031
     596        0.000100      138.966504        6.699321
     597        0.000100      139.553773        6.688110
     598        0.000100      138.812456        6.694718
     599        0.000100      139.519068        6.688956
     600        0.000100      139.345512        6.699833
     601        0.000100      140.101674        6.691190
     602        0.000100      139.282267        6.696249
     603        0.000100      139.829859        6.686346
     604        0.000100      139.502774        6.698469
     605        0.000100      140.425551        6.692845
     606        0.000100      139.912998        6.700866
     607        0.000100      140.577104        6.690120
     608        0.000100      139.816160        6.698012
     609        0.000100      140.585828        6.693197
     610        0.000100      140.396585        6.704623
     611        0.000100      141.250471        6.696239
     612        0.000100      140.326922        6.701466
     613        0.000100      140.951972        6.692936
     614        0.000100      140.651335        6.705406
     615        0.000100      141.594224        6.699567
     616        0.000100      141.013039        6.707841
     617        0.000100      141.711008        6.695910
     618        0.000100      140.948466        6.705894
     619        0.000100      141.710990        6.699352
     620        0.000100      141.554236        6.713358
     621        0.000100      142.366061        6.701697
     622        0.000100      141.380972        6.705837
     623        0.000100      142.007847        6.706425
     624        0.000100      141.921491        6.711979
     625        0.000100      142.690450        6.708886
     626        0.000100      142.248955        6.716574
     627        0.000100      142.732701        6.704099
     628        0.000100      142.143899        6.713326
     629        0.000100      142.855999        6.713004
     630        0.000100      142.795036        6.718870
     631        0.000100      143.638170        6.712972
     632        0.000100      142.782483        6.718300
     633        0.000100      143.250568        6.710181
     634        0.000100      143.289742        6.722256
     635        0.000100      144.209222        6.716424
     636        0.000100      143.580086        6.721225
     637        0.000100      144.143452        6.710143
     638        0.000100      143.561698        6.717035
     639        0.000100      144.444488        6.713252
     640        0.000100      144.007861        6.720221
     641        0.000100      144.774686        6.713011
     642        0.000050      143.903609        6.714428
     643        0.000050      143.532866        6.542611
     644        0.000050      144.147024        6.547059
     645        0.000050      144.252619        6.547832
     646        0.000050      144.216042        6.547607
     647        0.000050      144.151952        6.547032
     648        0.000050      144.108510        6.546444
     649        0.000050      144.141653        6.546272
     650        0.000050      144.094256        6.545407
     651        0.000050      143.947163        6.543692
     652        0.000050      143.830627        6.542190
     653        0.000050      143.870829        6.542627
     654        0.000050      143.885291        6.541975
     655        0.000050      143.894322        6.542091
     656        0.000050      143.792124        6.540174
     657        0.000050      143.708804        6.540720
     658        0.000050      143.559143        6.537624
     659        0.000050      143.671967        6.540252
     660        0.000050      143.640989        6.538543
     661        0.000050      143.583339        6.538757
     662        0.000050      143.387679        6.535395
     663        0.000050      143.284522        6.536494
     664        0.000050      143.231135        6.534923
     665        0.000050      143.335980        6.537098
     666        0.000050      143.216928        6.534289
     667        0.000050      143.140312        6.534907
     668        0.000050      142.888346        6.530861
     669        0.000050      142.953021        6.533240
     670        0.000050      142.882026        6.531735
     671        0.000050      143.004198        6.533416
     672        0.000050      142.774926        6.529731
     673        0.000050      142.717386        6.529974
     674        0.000050      142.558211        6.527672
     675        0.000050      142.709458        6.530438
     676        0.000050      142.658891        6.528123
     677        0.000050      142.666858        6.529006
     678        0.000050      142.392102        6.524652
     679        0.000050      142.417518        6.527430
     680        0.000050      142.379970        6.524699
     681        0.000050      142.556144        6.527345
     682        0.000050      142.401721        6.523152
     683        0.000050      142.325308        6.525550
     684        0.000050      142.161418        6.521108
     685        0.000050      142.331728        6.524304
     686        0.000050      142.278943        6.521108
     687        0.000050      142.407702        6.524156
     688        0.000050      142.122508        6.519824
     689        0.000050      142.199470        6.521770
     690        0.000050      142.079946        6.518148
     691        0.000050      142.339482        6.522390
     692        0.000050      142.208553        6.518741
     693        0.000050      142.336686        6.521164
     694        0.000050      142.024380        6.516083
     695        0.000050      142.196957        6.520388
     696        0.000050      142.175559        6.516876
     697        0.000050      142.444606        6.520267
     698        0.000050      142.193506        6.516731
     699        0.000050      142.234546        6.518874
     700        0.000050      142.130647        6.514603
     701        0.000050      142.317888        6.519258
     702        0.000050      142.367493        6.516420
     703        0.000050      142.485063        6.518809
     704        0.000050      142.157716        6.514588
     705        0.000050      142.335618        6.517390
     706        0.000050      142.349108        6.513972
     707        0.000050      142.535814        6.518882
     708        0.000050      142.537770        6.515045
     709        0.000050      142.543322        6.516538
     710        0.000050      142.343349        6.513965
     711        0.000050      142.607448        6.516120
     712        0.000050      142.656124        6.514920
     713        0.000050      142.750961        6.516170
     714        0.000050      142.732432        6.513269
     715        0.000050      142.620438        6.514332
     716        0.000050      142.736865        6.512038
     717        0.000050      143.001997        6.514868
     718        0.000050      142.926605        6.513348
     719        0.000050      143.059322        6.513668
     720        0.000050      142.842523        6.511480
     721        0.000050      142.995730        6.512918
     722        0.000050      143.179643        6.511552
     723        0.000050      143.277093        6.514427
     724        0.000050      143.304931        6.510789
     725        0.000050      143.282497        6.511980
     726        0.000050      143.202104        6.509978
     727        0.000050      143.538893        6.511808
     728        0.000050      143.552530        6.511752
     729        0.000050      143.688564        6.511728
     730        0.000050      143.581876        6.509348
     731        0.000050      143.582430        6.510879
     732        0.000050      143.819705        6.508978
     733        0.000050      144.019534        6.512487
     734        0.000050      144.000116        6.509460
     735        0.000050      144.084197        6.510282
     736        0.000050      143.907910        6.509022
     737        0.000050      144.273264        6.510310
     738        0.000050      144.382785        6.510497
     739        0.000050      144.499743        6.511470
     740        0.000050      144.482037        6.508674
     741        0.000050      144.442213        6.510947
     742        0.000050      144.649496        6.508539
     743        0.000050      144.967578        6.512659
     744        0.000050      144.917295        6.510217
     745        0.000050      145.122817        6.511713
     746        0.000050      144.900393        6.509755
     747        0.000050      145.285903        6.511901
     748        0.000050      145.403656        6.511145
     749        0.000050      145.574682        6.514079
     750        0.000050      145.597080        6.510376
     751        0.000050      145.565404        6.513419
     752        0.000050      145.698728        6.510161
     753        0.000050      146.038514        6.514319
     754        0.000050      145.989267        6.512082
     755        0.000050      146.241023        6.513163
     756        0.000050      145.980979        6.510674
     757        0.000050      146.295829        6.511846
     758        0.000050      146.403949        6.510675
     759        0.000050      146.574178        6.513318
     760        0.000050      146.631707        6.509193
     761        0.000050      146.569692        6.511440
     762        0.000050      146.636373        6.507513
     763        0.000050      146.973909        6.511214
     764        0.000050      146.942014        6.509134
     765        0.000050      147.247206        6.510019
     766        0.000050      146.979229        6.507604
     767        0.000050      147.261160        6.508545
     768        0.000050      147.365835        6.507217
     769        0.000050      147.567645        6.510245
     770        0.000050      147.687576        6.506345
     771        0.000050      147.644774        6.509549
     772        0.000050      147.673868        6.504737
     773        0.000050      148.021774        6.509003
     774        0.000050      148.005933        6.506649
     775        0.000050      148.389711        6.508723
     776        0.000050      148.115696        6.505871
     777        0.000050      148.380321        6.506726
     778        0.000050      148.466949        6.505157
     779        0.000050      148.707717        6.509054
     780        0.000050      148.881102        6.505122
     781        0.000050      148.833546        6.508474
     782        0.000050      148.863153        6.503668
     783        0.000050      149.167333        6.507499
     784        0.000050      149.201823        6.506534
     785        0.000050      149.631373        6.508328
     786        0.000050      149.367235        6.506411
     787        0.000050      149.626351        6.506467
     788        0.000050      149.680308        6.506314
     789        0.000050      149.932692        6.508593
     790        0.000050      150.186974        6.507093
     791        0.000050      150.093392        6.508780
     792        0.000050      150.153663        6.504990
     793        0.000050      150.394934        6.508822
     794        0.000050      150.458339        6.506663
     795        0.000050      150.939986        6.509517
     796        0.000050      150.662314        6.506967
     797        0.000050      150.938820        6.507653
     798        0.000050      150.887004        6.507204
     799        0.000050      151.274959        6.508810
     800        0.000050      151.495353        6.507869
     801        0.000050      151.406336        6.508880
     802        0.000050      151.468206        6.505383
     803        0.000050      151.604285        6.508707
     804        0.000050      151.810834        6.505605
     805        0.000050      152.232704        6.508940
     806        0.000050      151.893868        6.504353
     807        0.000050      152.233421        6.505961
     808        0.000050      152.062603        6.503868
     809        0.000050      152.626014        6.506558
     810        0.000050      152.641569        6.504373
     811        0.000050      152.643347        6.505063
     812        0.000050      152.690180        6.501361
     813        0.000050      152.766306        6.504487
     814        0.000050      153.087043        6.502614
     815        0.000050      153.329424        6.505912
     816        0.000050      153.154146        6.501560
     817        0.000050      153.477231        6.503365
     818        0.000050      153.275921        6.500492
     819        0.000050      153.885087        6.504715
     820        0.000050      153.775745        6.503199
     821        0.000050      154.129209        6.504777
     822        0.000050      153.961660        6.501475
     823        0.000050      154.049705        6.503586
     824        0.000050      154.442971        6.502883
     825        0.000050      154.619522        6.506316
     826        0.000050      154.726773        6.503950
     827        0.000050      154.747003        6.505715
     828        0.000050      154.649318        6.503081
     829        0.000050      155.326064        6.507001
     830        0.000050      155.217472        6.505387
     831        0.000050      155.652541        6.508426
     832        0.000050      155.244910        6.504825
     833        0.000050      155.724029        6.507943
     834        0.000050      155.800344        6.506112
     835        0.000050      155.997830        6.509577
     836        0.000050      156.212529        6.506855
     837        0.000050      156.084638        6.507770
     838        0.000050      156.238427        6.506601
     839        0.000050      156.457938        6.509154
     840        0.000050      156.597437        6.507777
     841        0.000050      157.052760        6.509033
     842        0.000050      156.564141        6.505381
     843        0.000050      157.089827        6.507995
     844        0.000050      156.929532        6.505498
     845        0.000050      157.567741        6.509426
     846        0.000050      157.358603        6.505388
     847        0.000050      157.317584        6.506315
     848        0.000050      157.542455        6.504186
     849        0.000050      157.717528        6.506231
     850        0.000050      158.040430        6.505979
     851        0.000050      158.006113        6.505713
     852        0.000050      157.934957        6.503085
     853        0.000050      158.273759        6.504093
     854        0.000050      158.132618        6.502675
     855        0.000050      158.882194        6.506013
     856        0.000050      158.525086        6.502041
     857        0.000050      158.907657        6.504663
     858        0.000050      158.591738        6.500087
     859        0.000050      159.181819        6.504766
     860        0.000050      159.438432        6.502617
     861        0.000050      159.327568        6.504608
     862        0.000050      159.416366        6.501984
     863        0.000050      159.442259        6.503642
     864        0.000050      159.800457        6.504391
     865        0.000050      160.155479        6.507142
     866        0.000050      159.844582        6.504763
     867        0.000050      160.338709        6.506649
     868        0.000050      160.041862        6.504465
     869        0.000050      160.766350        6.509079
     870        0.000050      160.534010        6.506600
     871        0.000050      161.083206        6.510253
     872        0.000050      160.824802        6.506153
     873        0.000050      160.900227        6.509012
     874        0.000050      161.333054        6.508668
     875        0.000050      161.479660        6.511455
     876        0.000050      161.645322        6.510029
     877        0.000050      161.465663        6.509629
     878        0.000050      161.633286        6.508495
     879        0.000050      162.167946        6.510858
     880        0.000050      161.865682        6.508667
     881        0.000050      162.511200        6.510312
     882        0.000050      161.943708        6.505627
     883        0.000050      162.577655        6.509254
     884        0.000050      162.353408        6.505676
     885        0.000050      162.884722        6.509564
     886        0.000050      162.952505        6.504899
     887        0.000050      162.711160        6.506624
     888        0.000050      162.959349        6.503869
     889        0.000050      163.161233        6.507351
     890        0.000050      163.438540        6.504463
     891        0.000050      163.547855        6.505814
     892        0.000050      163.037029        6.501888
     893        0.000050      163.784804        6.504558
     894        0.000050      163.670089        6.502909
     895        0.000050      164.365716        6.506710
     896        0.000050      163.771531        6.502056
     897        0.000050      164.308520        6.505756
     898        0.000050      164.265132        6.503329
     899        0.000050      164.504503        6.507630
     900        0.000050      164.876998        6.505773
     901        0.000050      164.695568        6.507311
     902        0.000050      164.826344        6.505569
     903        0.000050      164.889080        6.507416
     904        0.000050      165.200025        6.507315
     905        0.000050      165.853022        6.509884
     906        0.000050      165.187060        6.505970
     907        0.000050      165.877251        6.509298
     908        0.000050      165.540454        6.507101
     909        0.000050      166.404003        6.511929
     910        0.000050      166.099296        6.508687
     911        0.000050      166.168060        6.510989
     912        0.000050      166.326724        6.507260
     913        0.000050      166.421835        6.510950
     914        0.000050      166.850873        6.511345
     915        0.000050      166.777576        6.511336
     916        0.000050      166.764221        6.509893
     917        0.000050      167.136094        6.511614
     918        0.000050      166.821177        6.509782
     919        0.000050      167.782656        6.513665
     920        0.000050      167.299607        6.510234
     921        0.000050      167.888316        6.512912
     922        0.000050      167.399229        6.508660
     923        0.000050      168.089004        6.512859
     924        0.000050      168.342863        6.510510
     925        0.000050      168.139876        6.511672
     926        0.000050      168.213571        6.507735
     927        0.000050      168.164411        6.508578
     928        0.000050      168.522822        6.507916
     929        0.000050      168.730865        6.509075
     930        0.000050      168.323175        6.505613
     931        0.000050      168.932408        6.506479
     932        0.000050      168.548621        6.503783
     933        0.000050      169.428791        6.507654
     934        0.000050      168.960495        6.504159
     935        0.000050      169.629226        6.507494
     936        0.000050      169.246852        6.503056
     937        0.000050      169.434653        6.506663
     938        0.000050      169.950166        6.505223
     939        0.000050      169.922321        6.508229
     940        0.000050      170.096482        6.505442
     941        0.000050      169.880394        6.506442
     942        0.000050      170.270034        6.506376
     943        0.000050      170.667799        6.509619
     944        0.000050      170.199726        6.506980
     945        0.000050      171.045086        6.509649
     946        0.000050      170.488842        6.506072
     947        0.000050      171.360034        6.510675
     948        0.000050      171.015447        6.508776
     949        0.000050      171.811399        6.513144
     950        0.000050      171.350791        6.507752
     951        0.000050      171.486858        6.510769
     952        0.000050      171.895946        6.509614
     953        0.000050      171.999632        6.512811
     954        0.000050      172.185752        6.510455
     955        0.000050      171.923161        6.510912
     956        0.000050      172.169660        6.510146
     957        0.000050      172.395293        6.512175
     958        0.000050      172.202100        6.510890
     959        0.000050      173.044848        6.513059
     960        0.000050      172.372054        6.508915
     961        0.000050      173.179931        6.512127
     962        0.000050      172.841786        6.509830
     963        0.000050      173.674635        6.514064
     964        0.000050      173.146890        6.508781
     965        0.000050      173.336100        6.510298
     966        0.000050      173.628460        6.507937
     967        0.000050      173.781437        6.511240
     968        0.000050      174.014304        6.508769
     969        0.000050      173.749528        6.509365
     970        0.000050      173.916083        6.506573
     971        0.000050      173.928190        6.508180
     972        0.000050      174.258107        6.507696
     973        0.000050      174.878910        6.509801
     974        0.000050      174.042324        6.505254
     975        0.000050      174.989958        6.508079
     976        0.000050      174.661559        6.505753
     977        0.000050      175.525840        6.510243
     978        0.000050      174.872985        6.505772
     979        0.000050      175.535187        6.509427
     980        0.000050      175.200722        6.505252
     981        0.000050      175.607400        6.510064
     982        0.000050      175.995360        6.507841
     983        0.000050      175.777572        6.510241
     984        0.000050      175.841426        6.506182
     985        0.000050      175.916891        6.510108
     986        0.000050      176.263701        6.507955
     987        0.000050      176.298233        6.512228
     988        0.000050      176.517014        6.507789
     989        0.000050      176.365820        6.511424
     990        0.000050      176.735400        6.508698
     991        0.000050      177.014119        6.514004
     992        0.000050      177.326296        6.511092
     993        0.000050      177.055016        6.513669
     994        0.000050      177.312973        6.510669
     995        0.000050      177.535378        6.515299
     996        0.000050      177.895706        6.513663
     997        0.000050      177.749166        6.516376
     998        0.000050      177.885981        6.512311
     999        0.000050      177.870803        6.515553
    1000        0.000050      178.237498        6.513279
    1001        0.000050      178.295184        6.517609
    1002        0.000050      178.551650        6.513381
    1003        0.000050      178.297540        6.516109
    1004        0.000050      178.554742        6.512678
    1005        0.000050      178.861236        6.517580
    1006        0.000050      179.132003        6.514533
    1007        0.000050      178.870171        6.516275
    1008        0.000050      179.062108        6.513009
    1009        0.000050      179.189641        6.515993
    1010        0.000050      179.584391        6.514162
    1011        0.000050      179.508346        6.516677
    1012        0.000050      179.714355        6.512273
    1013        0.000050      179.562488        6.514368
    1014        0.000050      179.930744        6.511502
    1015        0.000050      180.110367        6.515314
    1016        0.000050      180.350880        6.511239
    1017        0.000050      180.058492        6.512240
    1018        0.000050      180.310368        6.508628
    1019        0.000025      180.522665        6.512422
    1020        0.000025      180.863491        6.493986
    1021        0.000025      181.348267        6.494387
    1022        0.000025      181.446370        6.493992
    1023        0.000025      181.483094        6.493880
    1024        0.000025      181.472209        6.493320
    1025        0.000025      181.496432        6.493220
    1026        0.000025      181.467845        6.492414
    1027        0.000025      181.471339        6.492201
    1028        0.000025      181.516067        6.491867
    1029        0.000025      181.674858        6.492521
    1030        0.000025      181.680270        6.492093
    1031        0.000025      181.677243        6.491571
    1032        0.000025      181.636591        6.491096
    1033        0.000025      181.727340        6.491176
    1034        0.000025      181.797863        6.491191
    1035        0.000025      181.887494        6.491298
    1036        0.000025      181.837835        6.490672
    1037        0.000025      181.830567        6.490300
    1038        0.000025      181.865292        6.490328
    1039        0.000025      181.995483        6.490558
    1040        0.000025      182.031196        6.490482
    1041        0.000025      182.046596        6.490143
    1042        0.000025      181.981399        6.489625
    1043        0.000025      182.059334        6.489758
    1044        0.000025      182.144679        6.489936
    1045        0.000025      182.237124        6.489977
    1046        0.000025      182.219375        6.489617
    1047        0.000025      182.180168        6.489159
    1048        0.000025      182.227583        6.489218
    1049        0.000025      182.340174        6.489426
    1050        0.000025      182.434729        6.489536
    1051        0.000025      182.426991        6.489190
    1052        0.000025      182.397773        6.488733
    1053        0.000025      182.433902        6.488727
    1054        0.000025      182.575430        6.489015
    1055        0.000025      182.665811        6.489100
    1056        0.000025      182.720271        6.488842
    1057        0.000025      182.634129        6.488277
    1058        0.000025      182.736022        6.488413
    1059        0.000025      182.855448        6.488609
    1060        0.000025      183.042973        6.488859
    1061        0.000025      183.018595        6.488426
    1062        0.000025      183.042362        6.488079
    1063        0.000025      183.070117        6.488034
    1064        0.000025      183.296234        6.488397
    1065        0.000025      183.413299        6.488491
    1066        0.000025      183.508320        6.488292
    1067        0.000025      183.417496        6.487752
    1068        0.000025      183.562902        6.487861
    1069        0.000025      183.724129        6.488054
    1070        0.000025      183.935660        6.488369
    1071        0.000025      183.933922        6.487983
    1072        0.000025      183.957783        6.487613
    1073        0.000025      184.018780        6.487508
    1074        0.000025      184.240186        6.487914
    1075        0.000025      184.395624        6.488067
    1076        0.000025      184.471672        6.487837
    1077        0.000025      184.421606        6.487262
    1078        0.000025      184.537157        6.487380
    1079        0.000025      184.723770        6.487602
    1080        0.000025      184.915415        6.487933
    1081        0.000025      184.950503        6.487488
    1082        0.000025      184.947906        6.487175
    1083        0.000025      185.036735        6.487049
    1084        0.000025      185.224600        6.487459
    1085        0.000025      185.406906        6.487551
    1086        0.000025      185.454358        6.487411
    1087        0.000025      185.439556        6.486812
    1088        0.000025      185.528525        6.486921
    1089        0.000025      185.732189        6.487062
    1090        0.000025      185.891618        6.487512
    1091        0.000025      185.954758        6.487032
    1092        0.000025      185.934381        6.486728
    1093        0.000025      186.048445        6.486514
    1094        0.000025      186.209061        6.487054
    1095        0.000025      186.404643        6.487107
    1096        0.000025      186.428863        6.486994
    1097        0.000025      186.439601        6.486293
    1098        0.000025      186.518313        6.486543
    1099        0.000025      186.731734        6.486623
    1100        0.000025      186.867716        6.487115
    1101        0.000025      186.941543        6.486513
    1102        0.000025      186.911709        6.486364
    1103        0.000025      187.045451        6.486103
    1104        0.000025      187.187366        6.486666
    1105        0.000025      187.383706        6.486597
    1106        0.000025      187.394656        6.486629
    1107        0.000025      187.430133        6.485869
    1108        0.000025      187.500807        6.486193
    1109        0.000025      187.714769        6.486154
    1110        0.000025      187.830846        6.486750
    1111        0.000025      187.914460        6.486092
    1112        0.000025      187.882833        6.485986
    1113        0.000025      188.029618        6.485638
    1114        0.000025      188.162105        6.486362
    1115        0.000025      188.352026        6.486196
    1116        0.000025      188.349741        6.486239
    1117        0.000025      188.396882        6.485329
    1118        0.000025      188.472397        6.485894
    1119        0.000025      188.687192        6.485780
    1120        0.000025      188.783204        6.486421
    1121        0.000025      188.860615        6.485500
    1122        0.000025      188.834741        6.485676
    1123        0.000025      188.993773        6.485222
    1124        0.000025      189.124463        6.486141
    1125        0.000025      189.287128        6.485526
    1126        0.000025      189.283747        6.485914
    1127        0.000025      189.336884        6.484815
    1128        0.000025      189.423964        6.485572
    1129        0.000025      189.639732        6.485384
    1130        0.000025      189.712511        6.486144
    1131        0.000025      189.780314        6.485035
    1132        0.000025      189.760882        6.485046
    1133        0.000025      189.937264        6.484743
    1134        0.000025      190.073002        6.485869
    1135        0.000025      190.205615        6.485154
    1136        0.000025      190.187969        6.485265
    1137        0.000025      190.269789        6.484635
    1138        0.000025      190.374165        6.485593
    1139        0.000025      190.585072        6.484945
    1140        0.000025      190.621143        6.485399
    1141        0.000025      190.684979        6.484602
    1142        0.000025      190.690240        6.484814
    1143        0.000025      190.881460        6.484355
    1144        0.000025      191.014157        6.485425
    1145        0.000025      191.119020        6.484619
    1146        0.000025      191.095857        6.484831
    1147        0.000025      191.207042        6.483826
    1148        0.000025      191.317661        6.484712
    1149        0.000025      191.530745        6.484696
    1150        0.000025      191.527277        6.484688
    1151        0.000025      191.582416        6.483698
    1152        0.000025      191.631072        6.484331
    1153        0.000025      191.839187        6.483948
    1154        0.000025      191.952866        6.484795
    1155        0.000025      192.036809        6.483628
    1156        0.000025      192.006583        6.483739
    1157        0.000025      192.165415        6.483489
    1158        0.000025      192.280053        6.484159
    1159        0.000025      192.460662        6.483903
    1160        0.000025      192.446097        6.484094
    1161        0.000025      192.504843        6.482974
    1162        0.000025      192.590296        6.483835
    1163        0.000025      192.811186        6.483284
    1164        0.000025      192.883648        6.484034
    1165        0.000025      192.960001        6.482978
    1166        0.000025      192.940323        6.482938
    1167        0.000025      193.134413        6.482732
