        2.738756        3.280000       -0.541244
        3.121785        2.300000        0.821785
        1.861648        1.000000        0.861648
        0.034264        0.060000       -0.025736
       -5.642889        2.500000       -8.142889
        5.476995        1.670000        3.806995
        3.949963        4.120000       -0.170037
        1.145410        1.960000       -0.814590
        2.942553        2.170000        0.772553
       -1.305199        2.940000       -4.245199
        2.225650        2.300000       -0.074350
        2.423079        3.200000       -0.776922
        3.918667        3.300000        0.618667
        2.126844        2.590000       -0.463156
       -0.175114        0.520000       -0.695114
        1.702545        2.190000       -0.487455
        1.367860        1.520000       -0.152140
        2.427435        1.700000        0.727435
        3.461505        3.050000        0.411505
        1.388863        1.030000        0.358863
        2.391313        2.460000       -0.068687
        2.507196        2.010000        0.497196
        2.454060        2.370000        0.084060
        3.916702        3.300000        0.616702
        3.676009        4.020000       -0.343991
        3.660145        4.100000       -0.439855
        1.376836        3.700000       -2.323164
        3.395803        3.470000       -0.074197
        1.993057        2.530000       -0.536943
        4.314623        3.670000        0.644623
        1.693394        2.890000       -1.196606
        2.129037        1.700000        0.429037
        1.422845        1.990000       -0.567155
        1.546319       -0.690000        2.236319
        3.656064        3.190000        0.466063
        2.898058        3.100000       -0.201942
        5.170707        3.610000        1.560707
        3.943067        0.260000        3.683067
        2.200324       -1.100000        3.300324
        2.490480        2.100000        0.390480
        1.974468        0.440000        1.534468
        2.577087        1.690000        0.887087
        3.100682        2.750000        0.350682
        1.311900        1.640000       -0.328100
        3.279498        2.210000        1.069498
        1.431860        1.710000       -0.278140
       -0.892932       -0.350000       -0.542932
       -0.521297       -0.780000        0.258703
        2.318351        2.510000       -0.191649
        2.439325        3.170000       -0.730675
        1.866646        1.660000        0.206646
        2.106675        2.620000       -0.513325
       -0.238947        0.000000       -0.238947
        3.857032        3.330000        0.527032
        2.056821        0.960000        1.096821
        0.397813       -0.590000        0.987813
        0.032414        0.790000       -0.757586
       -3.972584       -1.100000       -2.872584
       -0.204687        0.740000       -0.944687
        0.904323        0.390000        0.514323
        2.141855        1.440000        0.701855
        3.153459        0.140000        3.013459
        1.082480        1.800000       -0.717520
        4.769278        3.810000        0.959278
        1.586436        0.520000        1.066436
        4.101282        2.720000        1.381282
        3.920437        2.800000        1.120437
        2.417760        0.640000        1.777760
        0.706704        1.030000       -0.323296
        3.144634        3.000000        0.144634
        2.170343        1.200000        0.970343
        5.445289        3.440000        2.005289
        2.401700        2.390000        0.011700
        1.996864       -0.870000        2.866864
        1.049631        1.460000       -0.410369
        1.365218        0.910000        0.455218
        3.431981        3.150000        0.281981
        1.303992        1.710000       -0.406008
       -1.260804        0.400000       -1.660804
        0.970072        3.500000       -2.529928
        3.047039        3.700000       -0.652961
        2.293755        3.100000       -0.806245
        3.172969        1.850000        1.322969
        4.730491        3.600000        1.130491
        3.902149        3.410000        0.492149
        2.339148        2.830000       -0.490852
        3.276186        3.700000       -0.423814
       -0.403740        0.020000       -0.423740
        0.076338        0.970000       -0.893662
        2.969512        1.650000        1.319512
       -1.472086        0.840000       -2.312086
        2.910456        2.730000        0.180456
        3.362959        2.100000        1.262959
        1.392328        2.950000       -1.557672
        3.053419        3.500000       -0.446581
        0.734255        0.600000        0.134255
        3.874683        3.200000        0.674683
        2.935678        2.580000        0.355678
        4.437127        4.200000        0.237127
        1.066925        0.800000        0.266925
       -0.769112        0.400000       -1.169112
        1.868004        1.320000        0.548004
        1.454320        1.900000       -0.445680
        2.786668        3.900000       -1.113332
        1.526814        4.000000       -2.473186
        2.717029        2.620000        0.097029
       -0.981485        0.420000       -1.401485
        1.737015        3.600000       -1.862985
        2.165769        2.370000       -0.204231
        2.563713        2.340000        0.223713
       -0.578565        0.150000       -0.728565
        1.776182        3.620000       -1.843818
        2.205572        3.600000       -1.394428
        2.473510        3.110000       -0.636490
        2.500568        1.080000        1.420568
        1.575782        2.630000       -1.054218
        1.689900        0.600000        1.089900
        0.702737        0.190000        0.512737
        2.914886        3.580000       -0.665114
        1.991644        3.290000       -1.298356
        1.505053        1.320000        0.185053
        2.532882        2.340000        0.192882
        2.773458        2.820000       -0.046542
        1.660566        2.610000       -0.949434
        0.615313        3.380000       -2.764687
        3.642174        2.390000        1.252174
        3.554704        3.000000        0.554704
        3.742465        3.780000       -0.037534
        1.327382        1.740000       -0.412618
        2.017891        2.590000       -0.572109
        0.272473        0.980000       -0.707528
        3.061984        3.110000       -0.048016
        4.828876        0.710000        4.118876
        0.766521        1.660000       -0.893479
        1.374766        2.800000       -1.425234
       -0.224221       -0.700000        0.475779
        3.417757        3.500000       -0.082243
        3.716121        4.400000       -0.683879
        0.738333        0.700000        0.038333
        3.522022        4.140000       -0.617977
        0.174244        4.500000       -4.325757
        0.579942        3.950000       -3.370058
        0.907015        2.290000       -1.382985
        1.158212        1.600000       -0.441788
        1.764503        1.480000        0.284503
       -0.222562        0.370000       -0.592562
        2.201560        2.980000       -0.778440
       -0.235304        3.500000       -3.735304
        2.128950        2.730000       -0.601050
        3.274244        2.710000        0.564244
        3.416920        1.800000        1.616920
        2.487340        1.760000        0.727340
        4.027839        2.090000        1.937839
        3.350678        1.180000        2.170679
        2.179049        1.700000        0.479048
        2.296874        2.480000       -0.183126
        2.577779        2.330000        0.247779
        0.181971        0.630000       -0.448029
        1.692509        1.990000       -0.297491
        1.766074        3.200000       -1.433926
        0.372687        0.990000       -0.617313
        2.776051        1.800000        0.976051
        1.427082        0.680000        0.747082
        2.797591        3.970000       -1.172409
        1.914831        2.500000       -0.585169
        2.594081        1.250000        1.344081
        1.129246        2.190000       -1.060754
        2.235279        2.200000        0.035279
        3.782982        3.300000        0.482982
        3.135179        2.400000        0.735178
        2.531136        2.890000       -0.358864
        2.344917        3.190000       -0.845083
        2.850745        2.800000        0.050745
        4.561449       -0.220000        4.781449
        3.166736        3.500000       -0.333264
        0.957148        3.080000       -2.122852
        1.479495        2.190000       -0.710505
        3.813780        2.030000        1.783780
        1.863295        1.330000        0.533295
        2.032753        2.680000       -0.647248
        1.518456        3.000000       -1.481544
        2.937626        2.740000        0.197626
        2.158948        3.370000       -1.211052
        1.956763        3.000000       -1.043237
        2.506516        3.630000       -1.123485
        0.538942       -0.040000        0.578942
        2.311984        3.300000       -0.988016
        3.253468        2.900000        0.353467
        3.018654        2.870000        0.148654
        4.393316        3.580000        0.813316
        0.881496        2.670000       -1.788504
       -1.263284       -0.840000       -0.423284
        1.659682        0.600000        1.059682
       -0.200239       -0.830000        0.629761
        1.526765        3.300000       -1.773235
       -3.828565       -0.560000       -3.268565
        1.596484       -0.060000        1.656484
        3.126271        1.630000        1.496271
        3.803078        3.400000        0.403078
        1.789535       -0.030000        1.819535
        2.554089        3.600000       -1.045911
        1.741320        3.100000       -1.358680
        1.603029        1.750000       -0.146971
        2.971649        3.000000       -0.028351
        1.354522        2.770000       -1.415478
        2.404437        2.550000       -0.145563
        2.796849        2.790000        0.006849
        2.434058        3.450000       -1.015942
        2.412655        2.000000        0.412655
        2.490420        3.100000       -0.609580
        2.142982        2.560000       -0.417018
        4.076891        3.310000        0.766891
        3.200848        3.420000       -0.219152
        2.201624        2.140000        0.061624
        4.187936        4.300000       -0.112064
        3.038575        2.640000        0.398575
        0.014555       -0.310000        0.324555
        1.097959        1.940000       -0.842041
       -0.505643       -1.310000        0.804357
       -0.997463        3.670000       -4.667462
        3.482491        3.300000        0.182491
        2.035262        3.200000       -1.164738
        2.264766        1.470000        0.794765
        3.258487        3.140000        0.118487
        0.684812        0.540000        0.144812
        0.064002        1.130000       -1.065998
        1.333943        2.280000       -0.946057
        3.848849        4.040000       -0.191151
        4.278629        3.380000        0.898629
        2.370063        2.300000        0.070063
        1.757817        2.800000       -1.042183
       -0.171375       -0.150000       -0.021375
        3.183754        2.410000        0.773754
        1.662757        1.600000        0.062757
        3.097601        2.050000        1.047601
        2.568001        1.700000        0.868001
        2.370059        2.940000       -0.569941
        2.606422        2.810000       -0.203578
        3.455564        2.980000        0.475564
        3.053339        2.250000        0.803339
        2.973115        4.130000       -1.156885
        1.366881        2.960000       -1.593119
        2.760772        2.450000        0.310772
        1.350489        1.380000       -0.029511
       -0.792614       -0.420000       -0.372614
        1.035598        1.710000       -0.674402
        1.351267        2.100000       -0.748733
        1.940410        3.000000       -1.059590
        0.802398        3.950000       -3.147602
        2.521120        0.970000        1.551120
        1.252305        1.740000       -0.487695
        3.835486        3.890000       -0.054514
        1.295054        1.600000       -0.304946
        1.219910        3.180000       -1.960090
        2.135265        2.400000       -0.264735
        2.442906        2.820000       -0.377094
        0.431407        0.760000       -0.328593
        1.844878        3.300000       -1.455122
       -0.259223        2.400000       -2.659223
        5.050169        0.600000        4.450170
        2.998214        3.370000       -0.371785
        2.407632        2.120000        0.287632
        2.766126        1.910000        0.856126
        4.076872        3.300000        0.776872
        1.939424        1.820000        0.119424
        2.431722        1.910000        0.521722
        1.202967        2.200000       -0.997033
        4.070571        2.400000        1.670571
        0.658266        0.750000       -0.091734
        1.768635        1.780000       -0.011365
        2.490448        4.010000       -1.519552
        2.882995        3.200000       -0.317005
        1.344623        2.620000       -1.275377
        4.304687        3.690000        0.614686
        3.462523        1.890000        1.572523
        2.345359        1.880000        0.465359
        1.887032        3.090000       -1.202968
        2.639668        0.010000        2.629668
        3.195358        3.300000       -0.104642
        2.947762        2.550000        0.397762
        3.294325        0.500000        2.794325
        3.331918        3.330000        0.001918
        3.278970        2.580000        0.698970
        0.027644        3.100000       -3.072356
        2.049808        2.700000       -0.650192
        1.191376        2.540000       -1.348624
        2.635470        3.250000       -0.614530
        2.345460        3.700000       -1.354540
        1.694632        3.200000       -1.505368
        2.813942        2.920000       -0.106058
       -0.548541        0.030000       -0.578541
        3.709303        1.920000        1.789303
        1.321260        1.950000       -0.628740
        1.796072        1.590000        0.206072
        3.281983        2.790000        0.491983
        4.639117        1.700000        2.939117
        1.580795        1.690000       -0.109205
        2.453018        2.160000        0.293018
        1.697489        2.300000       -0.602511
        6.494806        3.460000        3.034806
        2.724026        2.100000        0.624026
        1.597017        3.400000       -1.802983
        2.108494        3.270000       -1.161506
        0.433571        0.330000        0.103571
        3.826964        0.790000        3.036964
        1.528557        3.070000       -1.541443
        2.489273        4.090000       -1.600727
        0.818174        0.780000        0.038174
        2.588721        3.400000       -0.811279
        3.315211        3.600000       -0.284789
        4.767173        3.310000        1.457173
        1.176839        2.420000       -1.243161
        1.421632        1.400000        0.021632
        2.947395        2.900000        0.047395
        3.676325        2.800000        0.876325
        1.226473        0.800000        0.426473
       -5.833128       -0.460000       -5.373128
        1.813803        3.400000       -1.586197
        2.252751        2.470000       -0.217249
        2.667209        3.200000       -0.532791
        0.766863        1.060000       -0.293137
        1.555428        1.350000        0.205428
        2.767096        1.340000        1.427096
        3.805867        4.270000       -0.464133
        3.190338        3.120000        0.070338
        4.481777        2.630000        1.851777
        3.643110        0.900000        2.743110
        2.202272        2.120000        0.082273
        3.097724        4.260000       -1.162277
        2.042074        3.000000       -0.957926
        1.739286        1.500000        0.239286
        1.805536        1.300000        0.505536
        3.181515        3.300000       -0.118485
        2.029450        2.790000       -0.760550
        2.162875        2.200000       -0.037125
        4.332589        3.300000        1.032589
        1.346546        1.800000       -0.453454
        1.443848        1.700000       -0.256152
        3.599473        3.140000        0.459473
       -0.311997        1.240000       -1.551997
        2.322471        1.300000        1.022471
        2.922235        2.890000        0.032235
        1.609931        2.240000       -0.630069
        2.756968        1.700000        1.056967
        3.936070        3.860000        0.076071
        4.160667        4.170000       -0.009333
        2.567519        2.800000       -0.232481
        2.994623        2.190000        0.804623
        2.869829        3.090000       -0.220171
        1.477320        0.640000        0.837320
        1.908194        1.520000        0.388194
        3.053569        3.200000       -0.146431
        2.065670        2.280000       -0.214330
        2.513496        3.360000       -0.846503
        1.401323        2.600000       -1.198676
        2.399971        2.900000       -0.500029
        2.833723        2.740000        0.093723
        1.127744        3.900000       -2.772256
        2.318691        2.480000       -0.161309
        2.191210        2.880000       -0.688790
        3.235249        3.100000        0.135249
        0.151712        1.000000       -0.848288
        1.640071        2.390000       -0.749929
        0.644756        0.990000       -0.345244
        3.611672        2.850000        0.761672
        2.849681        3.420000       -0.570319
        4.292799        4.350000       -0.057200
        2.139142        2.760000       -0.620858
        2.989352        3.100000       -0.110648
       -0.724982       -0.430000       -0.294982
        3.917813        3.800000        0.117813
        1.811699        1.560000        0.251699
        3.880495        2.630000        1.250495
        3.498569        4.100000       -0.601431
        3.766797        3.300000        0.466797
        2.355812        2.500000       -0.144188
        3.372967        3.710000       -0.337033
        3.119273        3.500000       -0.380727
        1.533393        3.600000       -2.066607
        3.127237        4.100000       -0.972763
        0.449602        2.140000       -1.690398
        0.674851        0.200000        0.474851
        4.023495        2.630000        1.393495
        2.951368        1.030000        1.921368
        2.072602        0.910000        1.162602
        2.450732        2.330000        0.120733
        1.053151        0.440000        0.613151
        3.054081        3.180000       -0.125919
        3.083864        0.800000        2.283864
        2.407403        3.400000       -0.992598
        2.553937        2.000000        0.553937
        1.750292        3.360000       -1.609708
        2.438088        1.680000        0.758088
        0.564715        0.530000        0.034715
        3.338173        3.680000       -0.341827
        2.757297        3.200000       -0.442703
        2.004031        3.220000       -1.215969
        2.357545        0.890000        1.467545
        2.179488        3.000000       -0.820512
        2.143134        1.710000        0.433134
        2.146637        2.700000       -0.553363
        1.962003        1.510000        0.452003
        3.821381        2.120000        1.701381
       -2.365746        0.180000       -2.545746
        5.077258       -0.350000        5.427258
        1.378259       -0.400000        1.778259
        1.006142        2.800000       -1.793858
        0.390973        0.600000       -0.209027
        1.550343        1.720000       -0.169657
        2.781085        2.080000        0.701085
        2.515663        2.900000       -0.384337
        3.591284        3.290000        0.301284
        2.785087        2.790000       -0.004913
        1.554924        2.650000       -1.095076
        1.427653        1.240000        0.187653
       -0.783329        0.120000       -0.903329
        1.841011        0.880000        0.961011
        2.598330        2.500000        0.098330
        0.767124       -0.880000        1.647125
        2.713055        1.280000        1.433055
        1.416623        2.400000       -0.983377
        1.843966        2.610000       -0.766034
        1.532871        2.630000       -1.097129
        3.149916        3.040000        0.109916
        2.461610        3.600000       -1.138390
        2.221213        2.940000       -0.718787
        4.644819        3.960000        0.684819
        1.333607        1.370000       -0.036393
        1.755191        0.400000        1.355191
       -1.015298        2.030000       -3.045298
        2.700938        1.640000        1.060938
        2.586586        3.530000       -0.943414
        2.873294        3.700000       -0.826706
       -0.079203        0.490000       -0.569203
        1.703321        0.520000        1.183321
        1.444365        2.670000       -1.225635
        2.320397        1.640000        0.680397
        4.171275        3.630000        0.541275
        1.206192        2.840000       -1.633808
        1.066075        0.500000        0.566075
        2.804297        3.560000       -0.755703
        3.073445        2.300000        0.773445
        2.160211        1.640000        0.520211
        3.915208        3.020000        0.895208
        0.971359        3.660000       -2.688641
        1.890883        0.940000        0.950883
        2.755617        3.980000       -1.224383
        1.974741        1.470000        0.504741
        2.998022        3.500000       -0.501978
        2.457760        1.790000        0.667760
        2.383193        3.800000       -1.416806
        2.796135        2.420000        0.376135
        2.577970        3.100000       -0.522030
        1.918223        3.490000       -1.571777
        2.746195        2.830000       -0.083805
        0.505901        0.810000       -0.304100
        2.197446       -0.790000        2.987446
        2.744907        3.120000       -0.375093
        2.284632        0.870000        1.414632
        1.197162        0.830000        0.367162
        2.638396        4.060000       -1.421604
        2.168856        2.410000       -0.241144
        3.626175        3.670000       -0.043825
        1.963120        1.570000        0.393119
        2.381175        3.140000       -0.758825
        0.252129        0.250000        0.002129
        3.245477        3.750000       -0.504523
        3.412420        3.560000       -0.147580
        2.078795        3.290000       -1.211205
        2.354363        1.670000        0.684363
        2.213300        1.720000        0.493299
        1.501584        2.260000       -0.758416
        2.508387        3.600000       -1.091613
        3.607142        3.420000        0.187142
        1.489748        2.320000       -0.830252
        1.899078        2.290000       -0.390922
        1.041492        1.100000       -0.058508
        4.463399        3.200000        1.263399
        1.977028        1.980000       -0.002972
        2.065654        1.610000        0.455654
        2.520151        3.370000       -0.849849
       -0.094311        0.200000       -0.294311
        4.904226        3.480000        1.424226
        4.079650        1.990000        2.089650
        3.909792        2.900000        1.009792
       -0.943121       -0.920000       -0.023121
        2.295087        3.100000       -0.804913
        2.225398        2.000000        0.225398
        2.485335        3.460000       -0.974665
        2.145612        1.800000        0.345613
        2.191436        1.970000        0.221436
        1.022097        2.360000       -1.337903
        3.528223        2.400000        1.128223
        5.128344        1.740000        3.388344
        2.772267        3.470000       -0.697733
        2.452284        3.000000       -0.547716
        3.747228        1.500000        2.247228
        2.355993        2.210000        0.145993
        2.723706        2.260000        0.463706
        3.557800        3.700000       -0.142200
       -1.497209       -0.870000       -0.627209
       -0.534228       -0.290000       -0.244228
        1.119416        0.240000        0.879416
        3.354804        3.650000       -0.295196
        0.492713        1.140000       -0.647287
        1.910783        2.180000       -0.269217
        4.029476        3.600000        0.429476
        1.465492        1.700000       -0.234508
        2.846305        3.200000       -0.353695
        2.449047        3.900000       -1.450953
        1.445362        3.500000       -2.054638
        3.344667        3.300000        0.044667
        1.381069        1.520000       -0.138931
        3.236048        2.900000        0.336048
       -1.431932        4.400000       -5.831932
        1.019863        0.200000        0.819863
        2.196507        3.300000       -1.103493
        2.998567        3.470000       -0.471433
        3.146224        3.000000        0.146224
        2.057300        0.920000        1.137300
        2.966750        1.790000        1.176750
        2.421733        2.200000        0.221733
        4.631305        2.390000        2.241305
        2.243727        3.020000       -0.776273
        0.221848        0.120000        0.101848
        3.063253        3.400000       -0.336747
        0.701013        1.960000       -1.258987
        0.417175        2.100000       -1.682825
        3.260704        2.890000        0.370704
        3.696671        2.680000        1.016671
        0.592604       -0.300000        0.892604
        2.881683        3.800000       -0.918317
        3.795716        3.030000        0.765716
        2.519743        2.310000        0.209743
        3.816288        3.070000        0.746288
        1.345870        1.740000       -0.394130
        3.102011        3.800000       -0.697989
        0.812369        2.170000       -1.357631
        1.565703        1.330000        0.235703
        2.646115        2.600000        0.046115
        1.699009        2.530000       -0.830991
        1.565375        1.010000        0.555375
        2.328584        2.780000       -0.451416
        1.321327        1.940000       -0.618673
        2.120735        2.600000       -0.479264
        2.015552        1.180000        0.835552
        3.262730        2.800000        0.462730
       -0.166122        1.260000       -1.426121
        1.393099        0.480000        0.913099
        0.827648        3.490000       -2.662353
        2.145384        3.100000       -0.954616
        2.441875        1.480000        0.961875
        2.152651        2.500000       -0.347349
        3.927933        3.930000       -0.002067
        2.342374        1.300000        1.042374
        0.521261       -0.510000        1.031261
        2.883979        2.300000        0.583979
        1.465610        1.880000       -0.414390
        1.568683        1.700000       -0.131317
        1.744735        1.910000       -0.165265
        0.679566       -1.280000        1.959566
        0.590302       -1.360000        1.950302
        2.934402       -0.370000        3.304402
        3.214892        2.900000        0.314892
        4.475078        2.970000        1.505078
        2.655788        2.000000        0.655788
        1.103736        2.410000       -1.306264
       -0.639512       -0.540000       -0.099512
        2.553387        1.880000        0.673387
        3.083123        2.710000        0.373123
        2.906227        1.930000        0.976227
        0.525887        2.400000       -1.874113
        1.423349        2.170000       -0.746651
       -0.418327        0.600000       -1.018327
        3.170496        3.210000       -0.039504
        2.532006        3.070000       -0.537994
        1.160249        0.510000        0.650249
        2.312387        2.270000        0.042387
        3.343352        3.600000       -0.256648
        2.907325        3.000000       -0.092675
        1.776649        1.500000        0.276649
        1.922565        4.130000       -2.207435
        2.785243        3.900000       -1.114757
        2.330559        1.240000        1.090559
        2.597807        2.090000        0.507807
        2.528490        2.700000       -0.171510
        1.598506        1.730000       -0.131494
        2.672242        3.400000       -0.727758
        1.476272        0.820000        0.656272
        1.785043        1.810000       -0.024957
