       0        0.000100     4053.260615       63.206749
       1        0.000100     3843.498612       61.524452
       2        0.000100     3592.564012       59.457191
       3        0.000100     3301.537352       56.966908
       4        0.000100     2979.106151       54.073708
       5        0.000100     2634.228530       50.796719
       6        0.000100     2275.649104       47.146763
       7        0.000100     1915.036439       43.163120
       8        0.000100     1564.040305       38.891087
       9        0.000100     1236.654555       34.425632
      10        0.000100      943.793781       29.862522
      11        0.000100      693.724659       25.313478
      12        0.000100      492.128650       20.933435
      13        0.000100      338.955203       16.879765
      14        0.000100      229.595296       13.400104
      15        0.000100      157.034557       10.709324
      16        0.000100      111.828088        8.810499
      17        0.000100       85.955607        7.619154
      18        0.000100       71.566833        6.891882
      19        0.000100       63.501956        6.463513
      20        0.000100       58.645199        6.183509
      21        0.000100       55.249108        5.979711
      22        0.000100       52.455365        5.810213
      23        0.000100       49.877516        5.652680
      24        0.000100       47.451437        5.505385
      25        0.000100       45.066720        5.356907
      26        0.000100       42.749326        5.211986
      27        0.000100       40.498690        5.066402
      28        0.000100       38.333874        4.923670
      29        0.000100       36.208353        4.780430
      30        0.000100       34.155320        4.637552
      31        0.000100       32.183210        4.494518
      32        0.000100       30.292396        4.354994
      33        0.000100       28.480006        4.217380
      34        0.000100       26.743098        4.079169
      35        0.000100       25.086018        3.943734
      36        0.000100       23.516066        3.813387
      37        0.000100       22.032957        3.684459
      38        0.000100       20.607045        3.560524
      39        0.000100       19.282093        3.437156
      40        0.000100       18.001859        3.316708
      41        0.000100       16.803765        3.198790
      42        0.000100       15.691720        3.087534
      43        0.000100       14.640001        2.975646
      44        0.000100       13.653260        2.871195
      45        0.000100       12.728979        2.766604
      46        0.000100       11.880586        2.663466
      47        0.000100       11.065366        2.567408
      48        0.000100       10.316618        2.475803
      49        0.000100        9.603843        2.385044
      50        0.000100        8.944695        2.297401
      51        0.000100        8.337625        2.215051
      52        0.000100        7.776266        2.137093
      53        0.000100        7.263489        2.057488
      54        0.000100        6.763051        1.985355
      55        0.000100        6.321920        1.914147
      56        0.000100        5.908684        1.847453
      57        0.000100        5.525401        1.786042
      58        0.000100        5.180143        1.723070
      59        0.000100        4.873046        1.665736
      60        0.000100        4.563170        1.616475
      61        0.000100        4.292948        1.560812
      62        0.000100        4.048964        1.512462
      63        0.000100        3.818693        1.467224
      64        0.000100        3.602301        1.425183
      65        0.000100        3.410249        1.385700
      66        0.000100        3.234740        1.347455
      67        0.000100        3.071532        1.312942
      68        0.000100        2.921525        1.279515
      69        0.000100        2.789258        1.244854
      70        0.000100        2.651341        1.216824
      71        0.000100        2.531086        1.186188
      72        0.000100        2.418512        1.158451
      73        0.000100        2.315927        1.130570
      74        0.000100        2.226420        1.105557
      75        0.000100        2.129329        1.081778
      76        0.000100        2.047026        1.058439
      77        0.000100        1.962558        1.036109
      78        0.000100        1.879422        1.015652
      79        0.000100        1.817570        0.994283
      80        0.000100        1.741344        0.977588
      81        0.000100        1.677248        0.957719
      82        0.000100        1.618076        0.938688
      83        0.000100        1.565427        0.919664
      84        0.000100        1.512034        0.902730
      85        0.000100        1.459240        0.889598
      86        0.000100        1.430449        0.873165
      87        0.000100        1.370152        0.856232
      88        0.000100        1.327185        0.842047
      89        0.000100        1.292052        0.828691
      90        0.000100        1.248675        0.816786
      91        0.000100        1.230672        0.818805
      92        0.000100        1.181003        0.794167
      93        0.000100        1.148813        0.781021
      94        0.000100        1.118317        0.770271
      95        0.000100        1.091293        0.762304
      96        0.000100        1.065646        0.749796
      97        0.000100        1.040685        0.740075
      98        0.000100        1.015164        0.730815
      99        0.000100        0.990454        0.722523
     100        0.000100        0.980616        0.714145
     101        0.000100        0.945907        0.709525
     102        0.000100        0.916394        0.692659
     103        0.000100        0.896833        0.683323
     104        0.000100        0.875672        0.675259
     105        0.000100        0.854450        0.667717
     106        0.000100        0.831144        0.660594
     107        0.000100        0.832911        0.656839
     108        0.000100        0.796146        0.646047
     109        0.000100        0.789011        0.639809
     110        0.000100        0.763603        0.633328
     111        0.000100        0.750183        0.629401
     112        0.000100        0.744315        0.621412
     113        0.000100        0.721080        0.616494
     114        0.000100        0.706616        0.607733
     115        0.000100        0.697339        0.602042
     116        0.000100        0.681019        0.596957
     117        0.000100        0.672055        0.590804
     118        0.000100        0.665451        0.587071
     119        0.000100        0.644910        0.580380
     120        0.000100        0.634794        0.574722
     121        0.000100        0.625874        0.570726
     122        0.000100        0.612048        0.565071
     123        0.000100        0.603403        0.560565
     124        0.000100        0.592184        0.555824
     125        0.000100        0.587481        0.552331
     126        0.000100        0.573027        0.549694
     127        0.000100        0.564695        0.541961
     128        0.000100        0.554724        0.538448
     129        0.000100        0.546834        0.533751
     130        0.000100        0.541480        0.536524
     131        0.000100        0.542295        0.530357
     132        0.000100        0.521307        0.523187
     133        0.000100        0.516838        0.523907
     134        0.000100        0.506919        0.516950
     135        0.000100        0.509144        0.514143
     136        0.000100        0.491967        0.507419
     137        0.000100        0.486461        0.504370
     138        0.000100        0.481869        0.504407
     139        0.000100        0.474215        0.500523
     140        0.000100        0.467779        0.493570
     141        0.000100        0.461137        0.491201
     142        0.000100        0.459664        0.488428
     143        0.000100        0.462070        0.489875
     144        0.000100        0.451768        0.484373
     145        0.000100        0.440782        0.479577
     146        0.000100        0.439272        0.477720
     147        0.000100        0.432097        0.474404
     148        0.000100        0.427116        0.474092
     149        0.000100        0.424108        0.472057
     150        0.000100        0.419169        0.468398
     151        0.000100        0.415716        0.465843
     152        0.000100        0.412837        0.465722
     153        0.000100        0.421103        0.466712
     154        0.000100        0.412005        0.462135
     155        0.000100        0.403700        0.460686
     156        0.000100        0.398629        0.455474
     157        0.000100        0.395929        0.453106
     158        0.000100        0.391885        0.451961
     159        0.000100        0.405156        0.457524
     160        0.000100        0.388879        0.447724
     161        0.000100        0.382978        0.446079
     162        0.000100        0.386741        0.446283
     163        0.000100        0.380798        0.442308
     164        0.000100        0.380332        0.446172
     165        0.000100        0.376819        0.439665
     166        0.000100        0.375002        0.438181
     167        0.000100        0.370998        0.435871
     168        0.000100        0.372213        0.439953
     169        0.000100        0.367893        0.434033
     170        0.000100        0.373136        0.435906
     171        0.000100        0.365756        0.431348
     172        0.000100        0.364130        0.429740
     173        0.000100        0.368257        0.431435
     174        0.000100        0.362352        0.428368
     175        0.000100        0.365191        0.428512
     176        0.000100        0.359601        0.426011
     177        0.000100        0.365290        0.427464
     178        0.000100        0.359645        0.425623
     179        0.000100        0.360212        0.423984
     180        0.000100        0.363061        0.427637
     181        0.000100        0.359557        0.423110
     182        0.000100        0.370251        0.432755
     183        0.000100        0.359273        0.420844
     184        0.000100        0.357139        0.419368
     185        0.000100        0.356894        0.418686
     186        0.000100        0.362267        0.423538
     187        0.000100        0.359283        0.418984
     188        0.000100        0.362588        0.419877
     189        0.000100        0.357607        0.416256
     190        0.000100        0.362457        0.417846
     191        0.000100        0.356719        0.414988
     192        0.000100        0.358243        0.415086
     193        0.000100        0.358035        0.414031
     194        0.000100        0.360546        0.415184
     195        0.000100        0.363332        0.417470
     196        0.000100        0.364770        0.416575
     197        0.000100        0.361526        0.414724
     198        0.000100        0.364261        0.414072
     199        0.000100        0.362207        0.411743
     200        0.000100        0.360270        0.410653
     201        0.000100        0.360511        0.410294
     202        0.000100        0.363078        0.409993
     203        0.000100        0.361812        0.409934
     204        0.000100        0.361164        0.409038
     205        0.000100        0.363159        0.409070
     206        0.000100        0.363074        0.408194
     207        0.000100        0.369996        0.412378
     208        0.000100        0.366702        0.408914
     209        0.000100        0.366573        0.409551
     210        0.000100        0.367071        0.407108
     211        0.000100        0.369532        0.409653
     212        0.000100        0.365910        0.405942
     213        0.000100        0.367691        0.406447
     214        0.000100        0.370000        0.407094
     215        0.000100        0.369151        0.406443
     216        0.000100        0.371859        0.407596
     217        0.000100        0.370702        0.405120
     218        0.000100        0.373910        0.407844
     219        0.000100        0.374464        0.406522
     220        0.000100        0.371793        0.404095
     221        0.000100        0.382878        0.413905
     222        0.000100        0.376373        0.407152
     223        0.000100        0.372310        0.403699
     224        0.000100        0.371882        0.402608
     225        0.000100        0.372649        0.402174
     226        0.000100        0.373142        0.402933
     227        0.000100        0.375605        0.402928
     228        0.000100        0.387876        0.411182
     229        0.000100        0.376845        0.402514
     230        0.000100        0.376214        0.402038
     231        0.000100        0.384411        0.409300
     232        0.000100        0.376234        0.401083
     233        0.000100        0.377096        0.401827
     234        0.000100        0.380436        0.402351
     235        0.000100        0.380294        0.401932
     236        0.000100        0.377789        0.399984
     237        0.000100        0.386805        0.404500
     238        0.000100        0.379524        0.399698
     239        0.000100        0.385640        0.402468
     240        0.000100        0.383670        0.400859
     241        0.000100        0.384270        0.400072
     242        0.000100        0.383071        0.401346
     243        0.000100        0.384794        0.400583
     244        0.000100        0.388315        0.401844
     245        0.000100        0.387082        0.400096
     246        0.000100        0.387797        0.402180
     247        0.000100        0.386148        0.399812
     248        0.000100        0.388085        0.400723
     249        0.000100        0.386719        0.398213
     250        0.000100        0.388558        0.399755
     251        0.000100        0.391874        0.400358
     252        0.000100        0.399195        0.410044
     253        0.000100        0.390864        0.399351
     254        0.000100        0.387884        0.397354
     255        0.000100        0.389914        0.397645
     256        0.000100        0.397093        0.403012
     257        0.000100        0.391830        0.397781
     258        0.000100        0.391317        0.397983
     259        0.000100        0.395916        0.400873
     260        0.000100        0.391167        0.397442
     261        0.000100        0.392244        0.398387
     262        0.000100        0.392889        0.399223
     263        0.000100        0.392546        0.396803
     264        0.000100        0.393610        0.396879
     265        0.000100        0.395487        0.398088
     266        0.000100        0.397837        0.399643
     267        0.000100        0.393591        0.397039
     268        0.000100        0.399777        0.401470
     269        0.000100        0.395108        0.395342
     270        0.000100        0.403565        0.401963
     271        0.000100        0.395051        0.395122
     272        0.000100        0.396630        0.396486
     273        0.000100        0.407498        0.403438
     274        0.000100        0.403489        0.400616
     275        0.000100        0.401846        0.398284
     276        0.000100        0.395786        0.394549
     277        0.000100        0.398854        0.396899
     278        0.000100        0.399316        0.397571
     279        0.000100        0.396129        0.394511
     280        0.000100        0.397924        0.397061
     281        0.000100        0.399362        0.394805
     282        0.000100        0.397901        0.394633
     283        0.000100        0.399384        0.394709
     284        0.000100        0.397672        0.394310
     285        0.000100        0.400588        0.396033
     286        0.000100        0.399256        0.394150
     287        0.000100        0.404570        0.397357
     288        0.000100        0.404810        0.395769
     289        0.000100        0.403917        0.397335
     290        0.000100        0.405081        0.396538
     291        0.000100        0.399842        0.394316
     292        0.000100        0.397973        0.393657
     293        0.000100        0.402631        0.395461
     294        0.000100        0.402807        0.397221
     295        0.000100        0.402827        0.394316
     296        0.000100        0.399824        0.393110
     297        0.000100        0.419778        0.408324
     298        0.000100        0.402366        0.394406
     299        0.000100        0.400960        0.393218
     300        0.000100        0.403626        0.394321
     301        0.000100        0.408846        0.396840
     302        0.000100        0.402795        0.392732
     303        0.000100        0.404288        0.394149
     304        0.000100        0.403555        0.392182
     305        0.000100        0.404828        0.394670
     306        0.000100        0.401808        0.394410
     307        0.000100        0.404985        0.393070
     308        0.000100        0.409594        0.398993
     309        0.000100        0.405460        0.393414
     310        0.000100        0.406409        0.395388
     311        0.000100        0.406845        0.393928
     312        0.000100        0.404399        0.392287
     313        0.000100        0.405894        0.393687
     314        0.000100        0.404154        0.392581
     315        0.000100        0.418341        0.400665
     316        0.000100        0.407214        0.392426
     317        0.000100        0.407540        0.392687
     318        0.000100        0.406089        0.391402
     319        0.000100        0.407372        0.393056
     320        0.000100        0.405322        0.391636
     321        0.000100        0.407619        0.393267
     322        0.000100        0.405559        0.390489
     323        0.000100        0.408172        0.392161
     324        0.000100        0.408856        0.394153
     325        0.000100        0.411022        0.397787
     326        0.000100        0.415125        0.396062
     327        0.000100        0.409677        0.390926
     328        0.000100        0.407129        0.390909
     329        0.000100        0.419021        0.395159
     330        0.000100        0.409484        0.393650
     331        0.000100        0.413602        0.392742
     332        0.000100        0.414911        0.397465
     333        0.000100        0.412489        0.392225
     334        0.000100        0.410560        0.394470
     335        0.000100        0.414333        0.392231
     336        0.000100        0.412428        0.393257
     337        0.000100        0.415627        0.392756
     338        0.000100        0.414908        0.393242
     339        0.000100        0.410570        0.389794
     340        0.000100        0.410401        0.390180
     341        0.000100        0.412079        0.390419
     342        0.000100        0.415363        0.390989
     343        0.000100        0.415714        0.391906
     344        0.000100        0.414794        0.391908
     345        0.000100        0.416108        0.391214
     346        0.000100        0.411785        0.389609
     347        0.000100        0.413580        0.392012
     348        0.000100        0.416668        0.390517
     349        0.000100        0.414041        0.390131
     350        0.000100        0.416455        0.390380
     351        0.000100        0.417264        0.390118
     352        0.000100        0.415919        0.389019
     353        0.000100        0.415651        0.390022
     354        0.000100        0.414350        0.388977
     355        0.000100        0.421520        0.397679
     356        0.000100        0.415656        0.388884
     357        0.000100        0.417166        0.389086
     358        0.000100        0.415649        0.388699
     359        0.000100        0.422475        0.391898
     360        0.000100        0.418789        0.391469
     361        0.000100        0.419831        0.392967
     362        0.000100        0.419610        0.390244
     363        0.000100        0.417317        0.389695
     364        0.000100        0.418415        0.389067
     365        0.000100        0.421016        0.393296
     366        0.000100        0.421499        0.391551
     367        0.000100        0.421817        0.394396
     368        0.000100        0.421270        0.390513
     369        0.000100        0.423332        0.394319
     370        0.000100        0.421516        0.389774
     371        0.000100        0.423142        0.391222
     372        0.000100        0.421293        0.389505
     373        0.000100        0.420336        0.388448
     374        0.000100        0.422407        0.393137
     375        0.000100        0.424302        0.389964
     376        0.000100        0.425078        0.395932
     377        0.000100        0.425229        0.391043
     378        0.000100        0.421236        0.393519
     379        0.000100        0.423360        0.389004
     380        0.000100        0.423375        0.390953
     381        0.000100        0.426543        0.390401
     382        0.000100        0.423922        0.389380
     383        0.000100        0.425708        0.389700
     384        0.000100        0.423054        0.389516
     385        0.000100        0.425077        0.389019
     386        0.000100        0.428937        0.390560
     387        0.000100        0.431168        0.390489
     388        0.000100        0.431645        0.390079
     389        0.000100        0.425413        0.391499
     390        0.000100        0.429851        0.390606
     391        0.000100        0.426457        0.388857
     392        0.000100        0.431513        0.390614
     393        0.000100        0.441519        0.396983
     394        0.000100        0.430813        0.389585
     395        0.000100        0.430497        0.389911
     396        0.000100        0.432446        0.393232
     397        0.000100        0.433561        0.391157
     398        0.000100        0.429744        0.389786
     399        0.000100        0.430776        0.390163
     400        0.000100        0.430479        0.389255
     401        0.000100        0.437711        0.392453
     402        0.000100        0.433625        0.390327
     403        0.000100        0.435444        0.390605
     404        0.000100        0.445773        0.395625
     405        0.000100        0.433845        0.392352
     406        0.000100        0.434068        0.389998
     407        0.000100        0.438394        0.392071
     408        0.000100        0.442560        0.393480
     409        0.000100        0.434750        0.389710
     410        0.000100        0.436995        0.392718
     411        0.000100        0.442511        0.392890
     412        0.000100        0.441109        0.390520
     413        0.000100        0.438977        0.390585
     414        0.000100        0.435734        0.389422
     415        0.000100        0.436861        0.389978
     416        0.000100        0.440833        0.396388
     417        0.000100        0.437177        0.391421
     418        0.000100        0.437598        0.389445
     419        0.000100        0.441939        0.390740
     420        0.000100        0.443760        0.391830
     421        0.000100        0.442690        0.389925
     422        0.000100        0.438307        0.389695
     423        0.000100        0.446106        0.398898
     424        0.000100        0.442651        0.390412
     425        0.000100        0.443698        0.394175
     426        0.000100        0.445112        0.391626
     427        0.000100        0.441382        0.390557
     428        0.000100        0.446594        0.395487
     429        0.000100        0.446727        0.390854
     430        0.000100        0.444899        0.393925
     431        0.000100        0.447192        0.391434
     432        0.000100        0.452869        0.393980
     433        0.000100        0.446082        0.397700
     434        0.000100        0.449283        0.391677
     435        0.000100        0.445116        0.390029
     436        0.000100        0.446251        0.394192
     437        0.000100        0.451116        0.391943
     438        0.000100        0.449581        0.390862
     439        0.000100        0.446587        0.390622
     440        0.000100        0.449669        0.391718
     441        0.000100        0.451515        0.392393
     442        0.000100        0.450059        0.393386
     443        0.000100        0.453645        0.392057
     444        0.000100        0.453712        0.392724
     445        0.000100        0.450488        0.391755
     446        0.000100        0.450495        0.393220
     447        0.000100        0.451527        0.391620
     448        0.000100        0.456233        0.400474
     449        0.000100        0.461889        0.395217
     450        0.000100        0.455710        0.395288
     451        0.000100        0.456155        0.392242
     452        0.000100        0.456861        0.391794
     453        0.000100        0.455471        0.391419
     454        0.000100        0.455467        0.392030
     455        0.000100        0.463893        0.396445
     456        0.000100        0.454201        0.391211
     457        0.000100        0.452860        0.391388
     458        0.000100        0.458888        0.391463
     459        0.000100        0.457807        0.394933
     460        0.000100        0.457411        0.392218
     461        0.000100        0.455884        0.392178
     462        0.000100        0.460408        0.391810
     463        0.000100        0.459353        0.395175
     464        0.000100        0.456094        0.391558
     465        0.000100        0.457984        0.393820
     466        0.000100        0.455952        0.392352
     467        0.000100        0.462033        0.392259
     468        0.000100        0.470891        0.397255
     469        0.000100        0.464014        0.391944
     470        0.000100        0.463743        0.392875
     471        0.000100        0.460990        0.392352
     472        0.000100        0.458404        0.393885
     473        0.000100        0.462408        0.391752
     474        0.000100        0.461094        0.391946
     475        0.000100        0.467896        0.394886
     476        0.000100        0.464546        0.392624
     477        0.000100        0.461737        0.394016
     478        0.000100        0.466617        0.392709
     479        0.000100        0.466493        0.393388
     480        0.000100        0.466924        0.397717
     481        0.000100        0.467394        0.393308
     482        0.000100        0.467448        0.392939
     483        0.000100        0.466814        0.392835
     484        0.000100        0.472793        0.400962
     485        0.000100        0.480562        0.397362
     486        0.000100        0.468336        0.392649
     487        0.000100        0.471128        0.394646
     488        0.000100        0.466497        0.392502
     489        0.000100        0.468542        0.393732
     490        0.000100        0.466985        0.395212
     491        0.000100        0.475198        0.394975
     492        0.000100        0.473890        0.394303
     493        0.000100        0.472475        0.393391
     494        0.000100        0.469290        0.393400
     495        0.000100        0.469457        0.394614
     496        0.000100        0.477339        0.402842
     497        0.000100        0.477555        0.401954
     498        0.000100        0.471335        0.393223
     499        0.000100        0.478965        0.395019
     500        0.000100        0.472362        0.394135
     501        0.000100        0.483150        0.398389
     502        0.000100        0.477011        0.394184
     503        0.000100        0.478428        0.395787
     504        0.000100        0.488787        0.401046
     505        0.000100        0.474768        0.393893
     506        0.000100        0.478006        0.395950
     507        0.000100        0.476161        0.397230
     508        0.000100        0.477906        0.394125
     509        0.000100        0.477821        0.394961
     510        0.000100        0.477368        0.394331
     511        0.000100        0.473620        0.393714
     512        0.000100        0.481145        0.395714
     513        0.000100        0.478548        0.395110
     514        0.000100        0.485660        0.398530
     515        0.000100        0.485480        0.396754
     516        0.000100        0.478626        0.395667
     517        0.000100        0.479912        0.394531
     518        0.000100        0.478497        0.394583
     519        0.000100        0.481467        0.394657
     520        0.000100        0.482619        0.395279
     521        0.000100        0.481706        0.395189
     522        0.000100        0.480646        0.395040
     523        0.000100        0.482859        0.395264
     524        0.000100        0.487048        0.397492
     525        0.000100        0.486695        0.395522
     526        0.000100        0.483832        0.398261
     527        0.000100        0.485607        0.398110
     528        0.000100        0.481802        0.396209
     529        0.000100        0.491222        0.395353
     530        0.000100        0.489135        0.396976
     531        0.000100        0.497289        0.399795
     532        0.000100        0.487899        0.395934
     533        0.000100        0.490013        0.396994
     534        0.000100        0.483608        0.396781
     535        0.000100        0.491696        0.403922
     536        0.000100        0.490229        0.396932
     537        0.000100        0.489678        0.395648
     538        0.000100        0.497145        0.399087
     539        0.000100        0.491172        0.396734
     540        0.000100        0.491740        0.396020
     541        0.000100        0.496899        0.397710
     542        0.000100        0.494040        0.397948
     543        0.000100        0.495092        0.397865
     544        0.000100        0.498140        0.398152
     545        0.000100        0.486866        0.396018
     546        0.000100        0.494472        0.397268
     547        0.000100        0.496813        0.407234
     548        0.000100        0.495389        0.399662
     549        0.000100        0.495629        0.397131
     550        0.000100        0.492511        0.398514
     551        0.000100        0.495385        0.401617
     552        0.000100        0.498715        0.397863
     553        0.000100        0.505029        0.402194
     554        0.000100        0.497409        0.402905
     555        0.000100        0.491025        0.398058
     556        0.000100        0.498264        0.398503
     557        0.000100        0.493667        0.398869
     558        0.000100        0.498575        0.397034
     559        0.000100        0.495773        0.397040
     560        0.000100        0.494694        0.398445
     561        0.000100        0.494717        0.397646
     562        0.000100        0.497994        0.399362
     563        0.000100        0.496294        0.399480
     564        0.000100        0.496656        0.396470
     565        0.000100        0.497380        0.397334
     566        0.000100        0.502648        0.397755
     567        0.000100        0.501990        0.408672
     568        0.000100        0.503118        0.397995
     569        0.000100        0.500718        0.398104
     570        0.000100        0.503837        0.399525
     571        0.000100        0.500428        0.400677
     572        0.000100        0.497801        0.397548
     573        0.000100        0.503091        0.397537
     574        0.000100        0.512630        0.403849
     575        0.000100        0.504324        0.397837
     576        0.000100        0.507389        0.400363
     577        0.000100        0.501336        0.399034
     578        0.000100        0.503471        0.401830
     579        0.000100        0.505078        0.406178
     580        0.000100        0.503741        0.397714
     581        0.000100        0.504989        0.398598
     582        0.000100        0.505876        0.399911
     583        0.000100        0.513836        0.401829
     584        0.000100        0.528152        0.407116
     585        0.000100        0.509179        0.400241
     586        0.000100        0.506121        0.398824
     587        0.000100        0.511389        0.399414
     588        0.000100        0.505099        0.401199
     589        0.000100        0.508582        0.404670
     590        0.000100        0.506337        0.399405
     591        0.000100        0.511830        0.400200
     592        0.000100        0.509501        0.399414
     593        0.000100        0.509892        0.399420
     594        0.000100        0.510202        0.400276
     595        0.000100        0.510213        0.401089
     596        0.000100        0.513540        0.401088
     597        0.000100        0.512489        0.400729
     598        0.000100        0.520508        0.404048
     599        0.000100        0.513706        0.398788
     600        0.000100        0.514211        0.400099
     601        0.000100        0.514391        0.400947
     602        0.000100        0.514615        0.400196
     603        0.000100        0.512631        0.400370
     604        0.000100        0.519890        0.402054
     605        0.000100        0.531974        0.410415
     606        0.000100        0.517952        0.403644
     607        0.000100        0.519593        0.400281
     608        0.000100        0.517742        0.400565
     609        0.000100        0.516259        0.399721
     610        0.000100        0.516336        0.402410
     611        0.000100        0.519207        0.400493
     612        0.000100        0.520426        0.400440
     613        0.000100        0.522616        0.402040
     614        0.000100        0.524559        0.401856
     615        0.000100        0.523040        0.401482
     616        0.000100        0.521606        0.404451
     617        0.000100        0.521287        0.401468
     618        0.000100        0.520681        0.400413
     619        0.000100        0.525151        0.402784
     620        0.000100        0.529967        0.403360
     621        0.000100        0.522748        0.400956
     622        0.000100        0.520388        0.402542
     623        0.000100        0.532510        0.404868
     624        0.000100        0.534351        0.405541
     625        0.000100        0.526303        0.403103
     626        0.000100        0.529518        0.405619
     627        0.000100        0.524897        0.401301
     628        0.000100        0.527985        0.403319
     629        0.000100        0.525543        0.401762
     630        0.000100        0.526451        0.403269
     631        0.000100        0.525267        0.402549
     632        0.000100        0.524370        0.401962
     633        0.000100        0.533272        0.403377
     634        0.000100        0.536119        0.406535
     635        0.000100        0.527265        0.404940
     636        0.000100        0.526660        0.402168
     637        0.000100        0.537659        0.405578
     638        0.000100        0.527167        0.403032
     639        0.000100        0.531627        0.404012
     640        0.000100        0.533468        0.404447
     641        0.000100        0.530160        0.402904
     642        0.000100        0.533089        0.402728
     643        0.000100        0.528036        0.404086
     644        0.000100        0.528385        0.402585
     645        0.000100        0.532057        0.403245
     646        0.000100        0.534191        0.403311
     647        0.000100        0.532681        0.405116
     648        0.000100        0.531727        0.404738
     649        0.000100        0.532798        0.403537
     650        0.000100        0.534997        0.404435
     651        0.000100        0.532025        0.402677
     652        0.000100        0.537089        0.404498
     653        0.000100        0.533844        0.404439
     654        0.000100        0.534895        0.402815
     655        0.000100        0.536681        0.408629
     656        0.000100        0.536504        0.403639
     657        0.000100        0.542608        0.408363
     658        0.000100        0.533437        0.403378
     659        0.000100        0.535087        0.408631
     660        0.000100        0.543063        0.405950
     661        0.000100        0.532944        0.405436
     662        0.000100        0.533766        0.404483
     663        0.000100        0.538151        0.403887
     664        0.000100        0.536656        0.404409
     665        0.000100        0.537964        0.411658
     666        0.000100        0.540016        0.404447
     667        0.000100        0.546541        0.408505
     668        0.000100        0.542057        0.406597
     669        0.000100        0.545762        0.417817
     670        0.000100        0.543997        0.404914
     671        0.000100        0.539131        0.405378
     672        0.000100        0.540903        0.404096
     673        0.000100        0.538760        0.407029
     674        0.000050        0.540239        0.406602
     675        0.000050        0.539669        0.404087
     676        0.000050        0.542781        0.404748
     677        0.000050        0.540812        0.404651
     678        0.000050        0.540024        0.406047
     679        0.000050        0.547391        0.407206
     680        0.000050        0.540032        0.405839
     681        0.000050        0.541190        0.405935
     682        0.000050        0.541372        0.405876
     683        0.000050        0.541878        0.404561
     684        0.000050        0.544576        0.405274
     685        0.000050        0.542250        0.404294
     686        0.000050        0.544895        0.405548
     687        0.000050        0.544648        0.405014
     688        0.000050        0.543130        0.406316
     689        0.000050        0.544105        0.404715
     690        0.000050        0.544789        0.405498
     691        0.000050        0.544219        0.409701
     692        0.000050        0.543873        0.407850
     693        0.000050        0.543063        0.408078
     694        0.000050        0.553905        0.408508
     695        0.000050        0.551509        0.407329
     696        0.000050        0.545606        0.405627
     697        0.000050        0.545307        0.405222
     698        0.000050        0.545549        0.405546
     699        0.000050        0.545593        0.405441
     700        0.000050        0.548131        0.406267
     701        0.000050        0.545135        0.405723
     702        0.000050        0.552963        0.407655
     703        0.000050        0.542972        0.405121
     704        0.000050        0.546380        0.405642
     705        0.000050        0.549564        0.405833
     706        0.000050        0.547928        0.405861
     707        0.000050        0.550672        0.406400
     708        0.000050        0.551174        0.406128
     709        0.000050        0.551829        0.407327
     710        0.000050        0.552947        0.407001
     711        0.000050        0.549323        0.406482
     712        0.000050        0.552407        0.406797
     713        0.000050        0.547941        0.408381
     714        0.000050        0.552406        0.406354
     715        0.000050        0.551396        0.406261
     716        0.000050        0.549918        0.407558
     717        0.000050        0.554474        0.407470
     718        0.000050        0.548848        0.407620
     719        0.000050        0.554445        0.407691
     720        0.000050        0.549876        0.406405
     721        0.000050        0.549967        0.406246
     722        0.000050        0.553348        0.412508
     723        0.000050        0.552582        0.406795
     724        0.000050        0.553177        0.407325
     725        0.000050        0.555675        0.407180
     726        0.000050        0.551826        0.406799
     727        0.000050        0.552826        0.408316
     728        0.000050        0.553041        0.408519
     729        0.000050        0.552562        0.407285
     730        0.000050        0.550866        0.406923
     731        0.000050        0.552713        0.407613
     732        0.000050        0.554031        0.409507
     733        0.000050        0.554024        0.407168
     734        0.000050        0.556094        0.407508
     735        0.000050        0.557128        0.407336
     736        0.000050        0.559728        0.408381
     737        0.000050        0.558370        0.407733
     738        0.000050        0.556828        0.408137
     739        0.000050        0.552726        0.408372
     740        0.000050        0.556850        0.408283
     741        0.000050        0.553044        0.407613
     742        0.000050        0.560385        0.408570
     743        0.000050        0.555062        0.410484
     744        0.000050        0.562747        0.409809
     745        0.000050        0.557791        0.407801
     746        0.000050        0.555821        0.407861
     747        0.000050        0.557523        0.409522
     748        0.000050        0.557173        0.409136
     749        0.000050        0.556079        0.408887
     750        0.000050        0.557321        0.408727
     751        0.000050        0.568326        0.412593
     752        0.000050        0.560052        0.408290
     753        0.000050        0.559096        0.411218
     754        0.000050        0.556602        0.407102
     755        0.000050        0.558921        0.408104
     756        0.000050        0.558521        0.408396
     757        0.000050        0.558893        0.408527
     758        0.000050        0.558657        0.407953
     759        0.000050        0.563400        0.409212
     760        0.000050        0.559832        0.407714
     761        0.000050        0.560853        0.408135
     762        0.000050        0.561127        0.408299
     763        0.000050        0.565705        0.409734
     764        0.000050        0.561104        0.408681
     765        0.000050        0.561579        0.408950
     766        0.000050        0.559351        0.408394
     767        0.000050        0.559191        0.409163
     768        0.000050        0.565901        0.408854
     769        0.000050        0.567455        0.409750
     770        0.000050        0.563653        0.408904
     771        0.000050        0.563795        0.409026
     772        0.000050        0.563671        0.409587
     773        0.000050        0.565854        0.409778
     774        0.000050        0.565071        0.408794
     775        0.000050        0.566309        0.409033
     776        0.000050        0.561524        0.409044
     777        0.000050        0.565792        0.409633
     778        0.000050        0.562706        0.408610
     779        0.000050        0.564749        0.413638
     780        0.000050        0.566104        0.413003
     781        0.000050        0.568916        0.410070
     782        0.000050        0.570530        0.410682
     783        0.000050        0.566957        0.408984
     784        0.000050        0.563914        0.409528
     785        0.000050        0.565195        0.409789
     786        0.000050        0.570759        0.410328
     787        0.000050        0.564332        0.409371
     788        0.000050        0.565973        0.409674
     789        0.000050        0.569996        0.409715
     790        0.000050        0.568826        0.409905
     791        0.000050        0.566606        0.410540
     792        0.000050        0.567346        0.411073
     793        0.000050        0.568252        0.409523
     794        0.000050        0.569072        0.410002
     795        0.000050        0.566788        0.409054
     796        0.000050        0.567098        0.409698
     797        0.000050        0.566570        0.410250
     798        0.000050        0.568551        0.409509
     799        0.000050        0.568345        0.410417
     800        0.000050        0.574567        0.411297
     801        0.000050        0.567739        0.411277
     802        0.000050        0.572922        0.411231
     803        0.000050        0.571119        0.411586
     804        0.000050        0.569722        0.410104
     805        0.000050        0.567418        0.410218
     806        0.000050        0.569717        0.411751
     807        0.000050        0.573190        0.410809
     808        0.000050        0.570364        0.411138
     809        0.000050        0.572849        0.410257
     810        0.000050        0.571452        0.411373
     811        0.000050        0.570190        0.409823
     812        0.000050        0.579015        0.413179
     813        0.000050        0.576042        0.411466
     814        0.000050        0.571155        0.411053
     815        0.000050        0.572080        0.410985
     816        0.000050        0.571565        0.410192
     817        0.000050        0.575359        0.411442
     818        0.000050        0.574719        0.411112
     819        0.000050        0.573642        0.413196
     820        0.000050        0.574627        0.410635
     821        0.000050        0.572159        0.410745
     822        0.000050        0.575641        0.411194
     823        0.000050        0.574114        0.411262
     824        0.000050        0.575936        0.411487
     825        0.000050        0.573756        0.410750
     826        0.000050        0.577657        0.411627
     827        0.000050        0.575983        0.411995
     828        0.000050        0.574618        0.412911
     829        0.000050        0.572926        0.410332
     830        0.000050        0.574389        0.411197
     831        0.000050        0.583691        0.413764
     832        0.000050        0.577562        0.413294
     833        0.000050        0.576210        0.412858
     834        0.000050        0.584738        0.413089
     835        0.000050        0.581425        0.411871
     836        0.000050        0.576137        0.412082
     837        0.000050        0.575942        0.412597
     838        0.000050        0.577950        0.411629
     839        0.000050        0.589448        0.416003
     840        0.000050        0.579156        0.411437
     841        0.000050        0.580265        0.412628
     842        0.000050        0.577357        0.412263
     843        0.000050        0.577934        0.411992
     844        0.000050        0.578755        0.411438
     845        0.000050        0.579674        0.413649
     846        0.000050        0.578232        0.413188
     847        0.000050        0.578019        0.412184
     848        0.000050        0.584502        0.412883
     849        0.000050        0.580046        0.411751
     850        0.000050        0.579802        0.412490
     851        0.000050        0.581798        0.412937
     852        0.000050        0.583225        0.412561
     853        0.000050        0.583771        0.412346
     854        0.000050        0.581252        0.411738
     855        0.000050        0.582558        0.412594
     856        0.000050        0.583752        0.412258
     857        0.000050        0.587431        0.414708
     858        0.000050        0.578801        0.413857
     859        0.000050        0.579662        0.412893
     860        0.000050        0.586118        0.412961
     861        0.000050        0.583055        0.417768
     862        0.000050        0.582077        0.414758
     863        0.000050        0.584693        0.412613
     864        0.000050        0.583522        0.412791
     865        0.000050        0.583562        0.412646
     866        0.000050        0.584440        0.413130
     867        0.000050        0.583756        0.413543
     868        0.000050        0.588211        0.413384
     869        0.000050        0.586105        0.413649
     870        0.000050        0.586826        0.415011
     871        0.000050        0.585474        0.413527
     872        0.000050        0.586249        0.415872
     873        0.000050        0.588116        0.413140
     874        0.000050        0.588505        0.413100
     875        0.000050        0.585007        0.414392
     876        0.000050        0.587720        0.413231
     877        0.000050        0.591582        0.414524
     878        0.000050        0.591435        0.414372
     879        0.000050        0.589428        0.413767
     880        0.000050        0.586863        0.415111
     881        0.000050        0.588133        0.415207
     882        0.000050        0.591023        0.413845
     883        0.000050        0.589747        0.414325
     884        0.000050        0.586984        0.416000
     885        0.000050        0.590731        0.415841
     886        0.000050        0.586965        0.413754
     887        0.000050        0.589021        0.413850
     888        0.000050        0.592773        0.413958
     889        0.000050        0.593601        0.414197
     890        0.000050        0.592223        0.415519
     891        0.000050        0.592250        0.413912
     892        0.000050        0.590507        0.413773
     893        0.000050        0.589664        0.416764
     894        0.000050        0.589148        0.414730
     895        0.000050        0.589771        0.414181
     896        0.000050        0.590676        0.413999
     897        0.000050        0.590760        0.415155
     898        0.000050        0.590726        0.415739
     899        0.000050        0.592567        0.414106
     900        0.000050        0.592934        0.414710
     901        0.000050        0.592500        0.414201
     902        0.000050        0.593925        0.416341
     903        0.000050        0.598326        0.415693
     904        0.000050        0.595222        0.415114
     905        0.000050        0.592777        0.415599
     906        0.000050        0.593659        0.415055
     907        0.000050        0.593753        0.415012
     908        0.000050        0.593659        0.414613
     909        0.000050        0.601279        0.417209
     910        0.000050        0.595830        0.415120
     911        0.000050        0.594555        0.416230
     912        0.000050        0.594341        0.416124
     913        0.000050        0.597750        0.414789
     914        0.000050        0.597277        0.415155
     915        0.000050        0.594412        0.414895
     916        0.000050        0.594253        0.415158
     917        0.000050        0.598352        0.414677
     918        0.000050        0.596986        0.414655
     919        0.000050        0.598151        0.421993
     920        0.000050        0.602101        0.416009
     921        0.000050        0.601927        0.415938
     922        0.000050        0.599659        0.415302
     923        0.000050        0.593952        0.415121
     924        0.000050        0.596184        0.415664
     925        0.000050        0.601774        0.415435
     926        0.000050        0.598153        0.415176
     927        0.000050        0.600345        0.415268
     928        0.000050        0.598110        0.416375
     929        0.000050        0.606642        0.417105
     930        0.000050        0.601907        0.415702
     931        0.000050        0.600381        0.415981
     932        0.000050        0.600496        0.415148
     933        0.000050        0.606038        0.417587
     934        0.000050        0.597408        0.415440
     935        0.000050        0.602917        0.415947
     936        0.000050        0.600992        0.417603
     937        0.000050        0.601282        0.415759
     938        0.000050        0.601547        0.416080
     939        0.000050        0.602626        0.419746
     940        0.000050        0.602940        0.420855
     941        0.000050        0.602383        0.418853
     942        0.000050        0.602325        0.416366
     943        0.000050        0.598713        0.416646
     944        0.000050        0.601641        0.416834
     945        0.000050        0.605955        0.416675
     946        0.000050        0.604074        0.415963
     947        0.000050        0.604497        0.416054
     948        0.000050        0.613112        0.418846
     949        0.000050        0.603497        0.416599
     950        0.000050        0.602174        0.418293
     951        0.000050        0.604310        0.417423
     952        0.000050        0.604256        0.415868
     953        0.000050        0.604839        0.416246
     954        0.000050        0.607002        0.417205
     955        0.000050        0.603266        0.416523
     956        0.000050        0.606526        0.416703
     957        0.000050        0.604996        0.417021
     958        0.000050        0.602738        0.416266
     959        0.000050        0.609329        0.417342
     960        0.000050        0.608342        0.415923
     961        0.000050        0.606847        0.416597
     962        0.000050        0.607359        0.417542
     963        0.000050        0.606995        0.417225
     964        0.000050        0.606853        0.416850
     965        0.000050        0.606404        0.417916
     966        0.000050        0.611191        0.417422
     967        0.000050        0.610882        0.417581
     968        0.000050        0.609847        0.416654
     969        0.000050        0.617205        0.419211
     970        0.000050        0.609957        0.417425
     971        0.000050        0.609974        0.418786
     972        0.000050        0.611546        0.417764
     973        0.000050        0.609855        0.416894
     974        0.000050        0.609704        0.417772
     975        0.000025        0.609512        0.417044
     976        0.000025        0.611265        0.417483
     977        0.000025        0.611241        0.417029
     978        0.000025        0.613066        0.417897
     979        0.000025        0.610829        0.419487
     980        0.000025        0.613198        0.417904
     981        0.000025        0.611862        0.417565
     982        0.000025        0.610411        0.417415
     983        0.000025        0.611816        0.417527
     984        0.000025        0.611114        0.417644
     985        0.000025        0.610592        0.417581
     986        0.000025        0.613173        0.418407
     987        0.000025        0.612434        0.417223
     988        0.000025        0.611861        0.418039
     989        0.000025        0.611548        0.417569
     990        0.000025        0.611536        0.417906
     991        0.000025        0.613122        0.417331
     992        0.000025        0.609804        0.418272
     993        0.000025        0.611862        0.417730
     994        0.000025        0.612603        0.417609
     995        0.000025        0.611880        0.419802
     996        0.000025        0.613434        0.417743
     997        0.000025        0.612234        0.419791
     998        0.000025        0.613835        0.417651
     999        0.000025        0.614540        0.417885
    1000        0.000025        0.613543        0.417636
    1001        0.000025        0.612249        0.418044
    1002        0.000025        0.617398        0.418875
    1003        0.000025        0.612804        0.418287
    1004        0.000025        0.615003        0.417960
    1005        0.000025        0.613822        0.419272
    1006        0.000025        0.615043        0.418195
    1007        0.000025        0.612804        0.418973
    1008        0.000025        0.616969        0.418355
    1009        0.000025        0.612931        0.418196
    1010        0.000025        0.614518        0.420200
    1011        0.000025        0.615735        0.418391
    1012        0.000025        0.618144        0.419126
    1013        0.000025        0.615575        0.418118
    1014        0.000025        0.614300        0.418625
    1015        0.000025        0.617082        0.418137
    1016        0.000025        0.622508        0.420361
    1017        0.000025        0.615239        0.420573
    1018        0.000025        0.615331        0.418293
    1019        0.000025        0.616223        0.419021
    1020        0.000025        0.615409        0.420451
    1021        0.000025        0.615872        0.418653
    1022        0.000025        0.616704        0.418282
    1023        0.000025        0.616898        0.418635
    1024        0.000025        0.617235        0.418404
    1025        0.000025        0.618301        0.418976
    1026        0.000025        0.617301        0.418701
    1027        0.000025        0.617082        0.418680
    1028        0.000025        0.615829        0.419216
    1029        0.000025        0.617661        0.418492
    1030        0.000025        0.617087        0.418691
    1031        0.000025        0.619478        0.418527
    1032        0.000025        0.617300        0.418728
    1033        0.000025        0.617479        0.418910
    1034        0.000025        0.617518        0.419124
    1035        0.000025        0.620111        0.418988
    1036        0.000025        0.620030        0.419515
    1037        0.000025        0.619516        0.419056
    1038        0.000025        0.622787        0.419792
    1039        0.000025        0.621990        0.419466
    1040        0.000025        0.619931        0.419479
    1041        0.000025        0.622455        0.419793
    1042        0.000025        0.619490        0.419894
    1043        0.000025        0.620029        0.418699
    1044        0.000025        0.620847        0.418766
    1045        0.000025        0.619107        0.419103
    1046        0.000025        0.622732        0.419522
    1047        0.000025        0.622998        0.419232
    1048        0.000025        0.619375        0.419378
    1049        0.000025        0.624427        0.419626
    1050        0.000025        0.620667        0.418963
    1051        0.000025        0.623389        0.419051
    1052        0.000025        0.620998        0.419719
    1053        0.000025        0.620359        0.420040
    1054        0.000025        0.627025        0.420903
    1055        0.000025        0.620987        0.419473
    1056        0.000025        0.621097        0.419831
    1057        0.000025        0.623043        0.419252
    1058        0.000025        0.621540        0.419671
    1059        0.000025        0.621583        0.419210
    1060        0.000025        0.623353        0.419191
    1061        0.000025        0.623258        0.419269
    1062        0.000025        0.622324        0.419382
    1063        0.000025        0.621225        0.419052
    1064        0.000025        0.622623        0.419997
    1065        0.000025        0.624324        0.419755
    1066        0.000025        0.623130        0.419247
    1067        0.000025        0.626152        0.419859
    1068        0.000025        0.622333        0.419661
    1069        0.000025        0.622312        0.419522
    1070        0.000025        0.624301        0.419212
    1071        0.000025        0.624653        0.419666
    1072        0.000025        0.622344        0.419770
    1073        0.000025        0.622592        0.420837
    1074        0.000025        0.623420        0.419599
    1075        0.000025        0.628790        0.420949
    1076        0.000025        0.624500        0.419932
    1077        0.000025        0.624335        0.419618
    1078        0.000025        0.624870        0.419663
    1079        0.000025        0.624586        0.421304
    1080        0.000025        0.625939        0.419435
    1081        0.000025        0.624136        0.419902
    1082        0.000025        0.625476        0.419903
    1083        0.000025        0.623440        0.419840
    1084        0.000025        0.625495        0.419842
    1085        0.000025        0.626524        0.420032
    1086        0.000025        0.623940        0.420605
    1087        0.000025        0.625987        0.419713
    1088        0.000025        0.625516        0.420254
    1089        0.000025        0.625217        0.423544
    1090        0.000025        0.625575        0.420364
    1091        0.000025        0.626384        0.419871
    1092        0.000025        0.626576        0.420159
    1093        0.000025        0.626352        0.420142
    1094        0.000025        0.626222        0.420796
    1095        0.000025        0.626190        0.422240
    1096        0.000025        0.626069        0.420237
    1097        0.000025        0.627147        0.419865
    1098        0.000025        0.626374        0.420320
    1099        0.000025        0.629227        0.420354
    1100        0.000025        0.628586        0.420369
    1101        0.000025        0.629155        0.420228
    1102        0.000025        0.632561        0.421076
    1103        0.000025        0.629951        0.420683
    1104        0.000025        0.629136        0.420663
    1105        0.000025        0.627879        0.420433
    1106        0.000025        0.628254        0.420423
    1107        0.000025        0.628332        0.420646
    1108        0.000025        0.628771        0.420295
    1109        0.000025        0.630988        0.420766
    1110        0.000025        0.630630        0.420545
    1111        0.000025        0.630022        0.420980
    1112        0.000025        0.630429        0.420541
    1113        0.000025        0.628587        0.421188
    1114        0.000025        0.630409        0.420903
    1115        0.000025        0.629062        0.420604
    1116        0.000025        0.632503        0.421018
    1117        0.000025        0.629022        0.421443
    1118        0.000025        0.629257        0.420334
    1119        0.000025        0.630983        0.420831
    1120        0.000025        0.635305        0.421925
    1121        0.000025        0.631751        0.421243
    1122        0.000025        0.630015        0.423947
    1123        0.000025        0.633445        0.421411
    1124        0.000025        0.631287        0.421120
    1125        0.000025        0.631021        0.421728
    1126        0.000025        0.632243        0.420711
    1127        0.000025        0.629661        0.421892
    1128        0.000025        0.629866        0.422520
    1129        0.000025        0.630288        0.421871
    1130        0.000025        0.630363        0.420990
    1131        0.000025        0.631118        0.420860
    1132        0.000025        0.637212        0.422329
    1133        0.000025        0.631791        0.421975
    1134        0.000025        0.631328        0.421724
    1135        0.000025        0.631411        0.420629
    1136        0.000025        0.632447        0.421633
    1137        0.000025        0.631198        0.421531
    1138        0.000025        0.633750        0.421170
    1139        0.000025        0.631136        0.422263
    1140        0.000025        0.632415        0.422105
    1141        0.000025        0.632695        0.421243
    1142        0.000025        0.632038        0.422400
    1143        0.000025        0.632068        0.421586
    1144        0.000025        0.636653        0.421574
    1145        0.000025        0.638296        0.422292
    1146        0.000025        0.632927        0.421431
    1147        0.000025        0.631580        0.422849
    1148        0.000025        0.632755        0.423719
    1149        0.000025        0.633990        0.422042
    1150        0.000025        0.635309        0.421596
    1151        0.000025        0.633302        0.422782
    1152        0.000025        0.633701        0.421304
    1153        0.000025        0.634392        0.421430
    1154        0.000025        0.635508        0.421384
    1155        0.000025        0.635168        0.423023
    1156        0.000025        0.635467        0.421558
    1157        0.000025        0.633318        0.421759
    1158        0.000025        0.634947        0.421723
    1159        0.000025        0.635093        0.421237
    1160        0.000025        0.634397        0.421407
    1161        0.000025        0.636820        0.422047
    1162        0.000025        0.634987        0.422550
    1163        0.000025        0.634700        0.421696
    1164        0.000025        0.635757        0.421717
    1165        0.000025        0.637125        0.421840
    1166        0.000025        0.634481        0.421952
    1167        0.000025        0.635727        0.422081
    1168        0.000025        0.634663        0.422939
    1169        0.000025        0.642017        0.422803
    1170        0.000025        0.637056        0.422054
    1171        0.000025        0.640020        0.422687
    1172        0.000025        0.637445        0.421458
    1173        0.000025        0.635946        0.422171
    1174        0.000025        0.638654        0.421973
    1175        0.000025        0.637324        0.422157
    1176        0.000025        0.635791        0.422956
    1177        0.000025        0.637633        0.421883
    1178        0.000025        0.637740        0.422281
    1179        0.000025        0.637928        0.422111
    1180        0.000025        0.637784        0.423782
    1181        0.000025        0.636646        0.422368
    1182        0.000025        0.637664        0.422791
    1183        0.000025        0.641384        0.422661
    1184        0.000025        0.638466        0.423472
