       0        0.000100     4057.407847       63.268475
       1        0.000100     3944.412686       62.367317
       2        0.000100     3808.709497       61.271515
       3        0.000100     3640.411918       59.886322
       4        0.000100     3437.772056       58.175293
       5        0.000100     3198.562965       56.088596
       6        0.000100     2926.217596       53.613777
       7        0.000100     2626.514982       50.750282
       8        0.000100     2309.138133       47.528255
       9        0.000100     1984.216980       43.982536
      10        0.000100     1661.762528       40.152866
      11        0.000100     1355.649054       36.137444
      12        0.000100     1074.054574       31.994560
      13        0.000100      824.590553       27.806396
      14        0.000100      613.489295       23.680075
      15        0.000100      443.700560       19.741545
      16        0.000100      312.918145       16.102476
      17        0.000100      218.642171       13.003207
      18        0.000100      154.783449       10.607860
      19        0.000100      114.100672        8.906181
      20        0.000100       89.163893        7.759493
      21        0.000100       74.963929        7.053687
      22        0.000100       66.579977        6.618443
      23        0.000100       61.533935        6.340085
      24        0.000100       57.977787        6.131111
      25        0.000100       55.189379        5.965569
      26        0.000100       52.698630        5.817451
      27        0.000100       50.329735        5.675174
      28        0.000100       48.020357        5.533701
      29        0.000100       45.766960        5.396698
      30        0.000100       43.585102        5.258470
      31        0.000100       41.465524        5.123644
      32        0.000100       39.379604        4.986908
      33        0.000100       37.336988        4.849783
      34        0.000100       35.306288        4.708041
      35        0.000100       33.372992        4.571160
      36        0.000100       31.522795        4.436491
      37        0.000100       29.734504        4.304349
      38        0.000100       28.042828        4.173389
      39        0.000100       26.390369        4.043977
      40        0.000100       24.813376        3.912207
      41        0.000100       23.298239        3.786819
      42        0.000100       21.882458        3.666977
      43        0.000100       20.515365        3.545295
      44        0.000100       19.248728        3.423738
      45        0.000100       18.074588        3.314463
      46        0.000100       16.940982        3.207745
      47        0.000100       15.870695        3.098179
      48        0.000100       14.853899        2.989932
      49        0.000100       13.894210        2.885292
      50        0.000100       12.987852        2.784356
      51        0.000100       12.136784        2.689886
      52        0.000100       11.339340        2.595908
      53        0.000100       10.584058        2.497326
      54        0.000100        9.879730        2.410060
      55        0.000100        9.216385        2.321424
      56        0.000100        8.603062        2.236994
      57        0.000100        8.030266        2.161685
      58        0.000100        7.502022        2.079769
      59        0.000100        7.017799        2.009185
      60        0.000100        6.594110        1.939231
      61        0.000100        6.174552        1.876895
      62        0.000100        5.796765        1.819234
      63        0.000100        5.444833        1.755424
      64        0.000100        5.114626        1.700681
      65        0.000100        4.817777        1.648457
      66        0.000100        4.542255        1.595684
      67        0.000100        4.283795        1.548200
      68        0.000100        4.044786        1.504518
      69        0.000100        3.830520        1.464551
      70        0.000100        3.627093        1.423422
      71        0.000100        3.456613        1.384758
      72        0.000100        3.286494        1.350198
      73        0.000100        3.118890        1.318378
      74        0.000100        2.972177        1.286381
      75        0.000100        2.837404        1.257836
      76        0.000100        2.723006        1.226986
      77        0.000100        2.590504        1.201574
      78        0.000100        2.482368        1.176809
      79        0.000100        2.382558        1.152492
      80        0.000100        2.289167        1.125704
      81        0.000100        2.206100        1.102843
      82        0.000100        2.116065        1.081510
      83        0.000100        2.054318        1.061457
      84        0.000100        1.965550        1.040621
      85        0.000100        1.891889        1.021678
      86        0.000100        1.822486        1.006548
      87        0.000100        1.757766        0.985818
      88        0.000100        1.708306        0.967850
      89        0.000100        1.646216        0.950877
      90        0.000100        1.589940        0.935471
      91        0.000100        1.539104        0.921521
      92        0.000100        1.490775        0.908188
      93        0.000100        1.450849        0.891115
      94        0.000100        1.408197        0.877428
      95        0.000100        1.366498        0.864068
      96        0.000100        1.323655        0.850891
      97        0.000100        1.286501        0.839295
      98        0.000100        1.255924        0.826934
      99        0.000100        1.224081        0.823997
     100        0.000100        1.186551        0.805124
     101        0.000100        1.164349        0.794039
     102        0.000100        1.130273        0.783244
     103        0.000100        1.100455        0.773301
     104        0.000100        1.079403        0.763797
     105        0.000100        1.048950        0.754619
     106        0.000100        1.025218        0.746048
     107        0.000100        1.001894        0.736470
     108        0.000100        0.979605        0.730478
     109        0.000100        0.959357        0.723610
     110        0.000100        0.939523        0.717769
     111        0.000100        0.910479        0.700296
     112        0.000100        0.890373        0.691012
     113        0.000100        0.865582        0.684080
     114        0.000100        0.849515        0.674172
     115        0.000100        0.833033        0.666577
     116        0.000100        0.810038        0.660211
     117        0.000100        0.808636        0.654720
     118        0.000100        0.779142        0.644555
     119        0.000100        0.761156        0.639184
     120        0.000100        0.751175        0.639795
     121        0.000100        0.732297        0.624344
     122        0.000100        0.714176        0.618373
     123        0.000100        0.706789        0.612540
     124        0.000100        0.687146        0.605346
     125        0.000100        0.673207        0.601515
     126        0.000100        0.662787        0.598059
     127        0.000100        0.651324        0.593072
     128        0.000100        0.637089        0.585031
     129        0.000100        0.627893        0.577888
     130        0.000100        0.615879        0.573026
     131        0.000100        0.604712        0.567723
     132        0.000100        0.594484        0.562423
     133        0.000100        0.589595        0.559260
     134        0.000100        0.575257        0.553291
     135        0.000100        0.565665        0.550730
     136        0.000100        0.558147        0.544898
     137        0.000100        0.548779        0.540825
     138        0.000100        0.545856        0.538351
     139        0.000100        0.533918        0.535510
     140        0.000100        0.525704        0.529216
     141        0.000100        0.518926        0.526132
     142        0.000100        0.513229        0.524802
     143        0.000100        0.506783        0.520988
     144        0.000100        0.507884        0.519199
     145        0.000100        0.497404        0.517966
     146        0.000100        0.517383        0.524492
     147        0.000100        0.482937        0.506922
     148        0.000100        0.477535        0.503874
     149        0.000100        0.474969        0.501591
     150        0.000100        0.469814        0.502802
     151        0.000100        0.469513        0.498323
     152        0.000100        0.460321        0.496763
     153        0.000100        0.454443        0.491591
     154        0.000100        0.459863        0.492936
     155        0.000100        0.450099        0.491617
     156        0.000100        0.441571        0.484054
     157        0.000100        0.438848        0.483631
     158        0.000100        0.435889        0.480226
     159        0.000100        0.431412        0.477632
     160        0.000100        0.428207        0.475435
     161        0.000100        0.424309        0.473219
     162        0.000100        0.422986        0.471760
     163        0.000100        0.419951        0.470408
     164        0.000100        0.415302        0.467919
     165        0.000100        0.412892        0.467121
     166        0.000100        0.421835        0.470183
     167        0.000100        0.407049        0.462582
     168        0.000100        0.405948        0.463272
     169        0.000100        0.403070        0.460693
     170        0.000100        0.400283        0.457766
     171        0.000100        0.405478        0.464674
     172        0.000100        0.400443        0.460648
     173        0.000100        0.400617        0.456049
     174        0.000100        0.392299        0.451405
     175        0.000100        0.388948        0.449249
     176        0.000100        0.391561        0.449299
     177        0.000100        0.394605        0.451585
     178        0.000100        0.384711        0.446259
     179        0.000100        0.383276        0.443806
     180        0.000100        0.383075        0.446181
     181        0.000100        0.379717        0.442715
     182        0.000100        0.377890        0.440469
     183        0.000100        0.380570        0.440594
     184        0.000100        0.376474        0.439073
     185        0.000100        0.376627        0.438068
     186        0.000100        0.373842        0.437168
     187        0.000100        0.372998        0.435948
     188        0.000100        0.374600        0.435616
     189        0.000100        0.372095        0.433779
     190        0.000100        0.373081        0.434053
     191        0.000100        0.369875        0.431832
     192        0.000100        0.368529        0.430964
     193        0.000100        0.368912        0.432619
     194        0.000100        0.377889        0.436160
     195        0.000100        0.382060        0.444103
     196        0.000100        0.375816        0.434193
     197        0.000100        0.377899        0.440067
     198        0.000100        0.365820        0.427684
     199        0.000100        0.365993        0.426199
     200        0.000100        0.369735        0.428596
     201        0.000100        0.363628        0.424545
     202        0.000100        0.364560        0.425498
     203        0.000100        0.363550        0.423884
     204        0.000100        0.362623        0.423362
     205        0.000100        0.362298        0.422035
     206        0.000100        0.368099        0.428755
     207        0.000100        0.362735        0.421955
     208        0.000100        0.362407        0.422365
     209        0.000100        0.369389        0.429256
     210        0.000100        0.359969        0.418816
     211        0.000100        0.360229        0.418251
     212        0.000100        0.362344        0.419363
     213        0.000100        0.359277        0.417166
     214        0.000100        0.368234        0.422882
     215        0.000100        0.363050        0.420346
     216        0.000100        0.361181        0.417028
     217        0.000100        0.358638        0.416614
     218        0.000100        0.359424        0.415219
     219        0.000100        0.359066        0.415505
     220        0.000100        0.358912        0.414312
     221        0.000100        0.367185        0.422688
     222        0.000100        0.358958        0.414349
     223        0.000100        0.369200        0.420799
     224        0.000100        0.364311        0.417087
     225        0.000100        0.359058        0.413184
     226        0.000100        0.368153        0.419180
     227        0.000100        0.361818        0.413799
     228        0.000100        0.360156        0.413906
     229        0.000100        0.365001        0.417997
     230        0.000100        0.361256        0.414643
     231        0.000100        0.372337        0.421067
     232        0.000100        0.359112        0.411074
     233        0.000100        0.359101        0.410280
     234        0.000100        0.362026        0.412678
     235        0.000100        0.360555        0.410177
     236        0.000100        0.358547        0.408802
     237        0.000100        0.358683        0.408094
     238        0.000100        0.359048        0.408451
     239        0.000100        0.358148        0.407532
     240        0.000100        0.360400        0.408857
     241        0.000100        0.360100        0.407722
     242        0.000100        0.359866        0.407678
     243        0.000100        0.358334        0.405802
     244        0.000100        0.360980        0.408369
     245        0.000100        0.356412        0.404868
     246        0.000100        0.358566        0.405441
     247        0.000100        0.359962        0.406928
     248        0.000100        0.360152        0.406092
     249        0.000100        0.360106        0.406121
     250        0.000100        0.358933        0.404453
     251        0.000100        0.365641        0.409175
     252        0.000100        0.364039        0.407581
     253        0.000100        0.359942        0.404024
     254        0.000100        0.358485        0.402406
     255        0.000100        0.358237        0.401946
     256        0.000100        0.358718        0.401789
     257        0.000100        0.362492        0.405190
     258        0.000100        0.365568        0.406610
     259        0.000100        0.360113        0.402224
     260        0.000100        0.361764        0.403443
     261        0.000100        0.364741        0.405296
     262        0.000100        0.360525        0.401022
     263        0.000100        0.361593        0.401933
     264        0.000100        0.360586        0.400490
     265        0.000100        0.366384        0.405155
     266        0.000100        0.366068        0.405399
     267        0.000100        0.360487        0.400223
     268        0.000100        0.369260        0.406250
     269        0.000100        0.360545        0.399883
     270        0.000100        0.361107        0.400142
     271        0.000100        0.373513        0.411502
     272        0.000100        0.362258        0.398838
     273        0.000100        0.363251        0.399690
     274        0.000100        0.363821        0.399766
     275        0.000100        0.363557        0.399055
     276        0.000100        0.366645        0.400507
     277        0.000100        0.365025        0.399343
     278        0.000100        0.365209        0.398889
     279        0.000100        0.364450        0.398223
     280        0.000100        0.367145        0.400214
     281        0.000100        0.365516        0.398855
     282        0.000100        0.365251        0.397718
     283        0.000100        0.366553        0.398406
     284        0.000100        0.365582        0.397428
     285        0.000100        0.368026        0.399247
     286        0.000100        0.390172        0.417389
     287        0.000100        0.374288        0.403512
     288        0.000100        0.373086        0.402304
     289        0.000100        0.368256        0.397574
     290        0.000100        0.373704        0.403491
     291        0.000100        0.371211        0.400082
     292        0.000100        0.369016        0.397518
     293        0.000100        0.379625        0.406982
     294        0.000100        0.383565        0.410246
     295        0.000100        0.372833        0.398968
     296        0.000100        0.380746        0.406350
     297        0.000100        0.372802        0.399495
     298        0.000100        0.370940        0.397280
     299        0.000100        0.371268        0.397543
     300        0.000100        0.375275        0.400054
     301        0.000100        0.371553        0.396175
     302        0.000100        0.371533        0.396622
     303        0.000100        0.375651        0.399247
     304        0.000100        0.372645        0.396116
     305        0.000100        0.374055        0.397167
     306        0.000100        0.374614        0.397563
     307        0.000100        0.378697        0.400987
     308        0.000100        0.373981        0.396808
     309        0.000100        0.377277        0.399624
     310        0.000100        0.376363        0.398061
     311        0.000100        0.388575        0.407932
     312        0.000100        0.377656        0.397678
     313        0.000100        0.377498        0.396876
     314        0.000100        0.376431        0.395608
     315        0.000100        0.378695        0.397067
     316        0.000100        0.378789        0.396913
     317        0.000100        0.378789        0.396742
     318        0.000100        0.378917        0.397430
     319        0.000100        0.380858        0.397957
     320        0.000100        0.379869        0.396584
     321        0.000100        0.383362        0.398843
     322        0.000100        0.379817        0.395391
     323        0.000100        0.380590        0.396064
     324        0.000100        0.392364        0.406029
     325        0.000100        0.380306        0.394689
     326        0.000100        0.382106        0.396469
     327        0.000100        0.380638        0.394593
     328        0.000100        0.388501        0.400727
     329        0.000100        0.381377        0.394607
     330        0.000100        0.383022        0.395604
     331        0.000100        0.386955        0.397423
     332        0.000100        0.385717        0.396359
     333        0.000100        0.386709        0.397216
     334        0.000100        0.387666        0.397682
     335        0.000100        0.385774        0.395643
     336        0.000100        0.385594        0.395051
     337        0.000100        0.393653        0.400892
     338        0.000100        0.398351        0.405278
     339        0.000100        0.387504        0.395703
     340        0.000100        0.387552        0.394699
     341        0.000100        0.390183        0.396465
     342        0.000100        0.388150        0.394288
     343        0.000100        0.392801        0.398070
     344        0.000100        0.390026        0.396066
     345        0.000100        0.388504        0.394114
     346        0.000100        0.394381        0.397188
     347        0.000100        0.402837        0.404415
     348        0.000100        0.391855        0.395262
     349        0.000100        0.392680        0.394717
     350        0.000100        0.392844        0.395641
     351        0.000100        0.394787        0.394722
     352        0.000100        0.393679        0.394546
     353        0.000100        0.401547        0.402026
     354        0.000100        0.401607        0.399837
     355        0.000100        0.398414        0.398351
     356        0.000100        0.396329        0.395107
     357        0.000100        0.405651        0.404066
     358        0.000100        0.399030        0.397857
     359        0.000100        0.395439        0.394925
     360        0.000100        0.396777        0.395385
     361        0.000100        0.408313        0.405485
     362        0.000100        0.399889        0.396752
     363        0.000100        0.397996        0.394213
     364        0.000100        0.401552        0.396624
     365        0.000100        0.399787        0.395251
     366        0.000100        0.399671        0.395067
     367        0.000100        0.402557        0.396829
     368        0.000100        0.400577        0.395030
     369        0.000100        0.399609        0.394370
     370        0.000100        0.400552        0.393431
     371        0.000100        0.403494        0.396592
     372        0.000100        0.405597        0.396425
     373        0.000100        0.401729        0.393804
     374        0.000100        0.422481        0.413131
     375        0.000100        0.404036        0.394464
     376        0.000100        0.406029        0.396754
     377        0.000100        0.403742        0.395385
     378        0.000100        0.404075        0.394547
     379        0.000100        0.404118        0.394545
     380        0.000100        0.407383        0.396835
     381        0.000100        0.411861        0.399794
     382        0.000100        0.412310        0.400778
     383        0.000100        0.407207        0.395182
     384        0.000100        0.406992        0.394472
     385        0.000100        0.406549        0.394076
     386        0.000100        0.410587        0.396843
     387        0.000100        0.412249        0.397291
     388        0.000100        0.409074        0.394912
     389        0.000100        0.407914        0.393955
     390        0.000100        0.412697        0.396903
     391        0.000100        0.413218        0.396645
     392        0.000100        0.410729        0.395895
     393        0.000100        0.419271        0.402629
     394        0.000100        0.410285        0.394838
     395        0.000100        0.410379        0.394173
     396        0.000100        0.414904        0.398604
     397        0.000100        0.412266        0.394493
     398        0.000100        0.412892        0.396454
     399        0.000100        0.414922        0.396728
     400        0.000100        0.412188        0.394228
     401        0.000100        0.413422        0.395004
     402        0.000100        0.412837        0.394497
     403        0.000100        0.415427        0.396322
     404        0.000100        0.414326        0.394082
     405        0.000100        0.415651        0.394485
     406        0.000100        0.416382        0.395213
     407        0.000100        0.415848        0.394502
     408        0.000100        0.419530        0.397636
     409        0.000100        0.417127        0.394906
     410        0.000100        0.415972        0.393769
     411        0.000100        0.423077        0.401514
     412        0.000100        0.419159        0.396533
     413        0.000100        0.418410        0.395430
     414        0.000100        0.417493        0.393996
     415        0.000100        0.421411        0.396797
     416        0.000100        0.419903        0.395431
     417        0.000100        0.421478        0.396736
     418        0.000100        0.423725        0.397499
     419        0.000100        0.420673        0.395100
     420        0.000100        0.420726        0.394867
     421        0.000100        0.422715        0.396564
     422        0.000100        0.422483        0.395688
     423        0.000100        0.422940        0.394651
     424        0.000100        0.427421        0.399065
     425        0.000100        0.438306        0.407974
     426        0.000100        0.422722        0.396000
     427        0.000100        0.423710        0.395473
     428        0.000100        0.425957        0.396096
     429        0.000100        0.425033        0.394574
     430        0.000100        0.425095        0.395157
     431        0.000100        0.426283        0.395054
     432        0.000100        0.425663        0.394809
     433        0.000100        0.425823        0.394811
     434        0.000100        0.426862        0.395093
     435        0.000100        0.440152        0.405631
     436        0.000100        0.427723        0.396704
     437        0.000100        0.428014        0.396329
     438        0.000100        0.439466        0.404681
     439        0.000100        0.428731        0.395751
     440        0.000100        0.427860        0.395185
     441        0.000100        0.429860        0.396890
     442        0.000100        0.429070        0.396476
     443        0.000100        0.438674        0.404313
     444        0.000100        0.427949        0.394529
     445        0.000100        0.430483        0.396387
     446        0.000100        0.431736        0.397614
     447        0.000100        0.431013        0.394909
     448        0.000100        0.430804        0.396682
     449        0.000100        0.430902        0.395956
     450        0.000100        0.432802        0.395843
     451        0.000100        0.438385        0.401482
     452        0.000100        0.432450        0.395082
     453        0.000100        0.431387        0.396041
     454        0.000100        0.435657        0.397855
     455        0.000100        0.431662        0.396565
     456        0.000100        0.434861        0.395940
     457        0.000100        0.438165        0.401049
     458        0.000100        0.435126        0.397763
     459        0.000100        0.435462        0.395399
     460        0.000100        0.435946        0.396121
     461        0.000100        0.435988        0.395964
     462        0.000100        0.436652        0.395295
     463        0.000100        0.436530        0.395340
     464        0.000100        0.437815        0.396916
     465        0.000100        0.440055        0.397150
     466        0.000100        0.437340        0.396998
     467        0.000100        0.438266        0.395487
     468        0.000100        0.443095        0.399132
     469        0.000100        0.439855        0.396763
     470        0.000100        0.438427        0.395719
     471        0.000100        0.440373        0.396591
     472        0.000100        0.439601        0.396213
     473        0.000100        0.440534        0.398027
     474        0.000100        0.440899        0.396954
     475        0.000100        0.440312        0.396184
     476        0.000100        0.443500        0.397353
     477        0.000100        0.474568        0.430848
     478        0.000100        0.440749        0.395949
     479        0.000100        0.440625        0.395394
     480        0.000100        0.440088        0.396165
     481        0.000100        0.439459        0.395455
     482        0.000100        0.447806        0.399897
     483        0.000100        0.450433        0.404200
     484        0.000100        0.442702        0.395842
     485        0.000100        0.443855        0.395940
     486        0.000100        0.443322        0.395824
     487        0.000100        0.445148        0.396069
     488        0.000100        0.446966        0.395725
     489        0.000100        0.443732        0.395859
     490        0.000100        0.445078        0.395588
     491        0.000100        0.447056        0.396920
     492        0.000100        0.463710        0.410105
     493        0.000100        0.446219        0.396247
     494        0.000100        0.453384        0.400643
     495        0.000100        0.449696        0.397634
     496        0.000100        0.449085        0.396215
     497        0.000100        0.450123        0.397871
     498        0.000100        0.453716        0.402460
     499        0.000100        0.447664        0.396325
     500        0.000100        0.450575        0.400560
     501        0.000100        0.448775        0.396218
     502        0.000100        0.449710        0.396954
     503        0.000100        0.451247        0.398925
     504        0.000100        0.450831        0.397995
     505        0.000100        0.455113        0.400176
     506        0.000100        0.450855        0.397201
     507        0.000100        0.451016        0.397614
     508        0.000100        0.450989        0.396061
     509        0.000100        0.453212        0.397991
     510        0.000100        0.451334        0.396401
     511        0.000100        0.451247        0.397185
     512        0.000100        0.450543        0.396834
     513        0.000100        0.451098        0.396898
     514        0.000100        0.451614        0.398012
     515        0.000100        0.453500        0.397939
     516        0.000100        0.453909        0.397410
     517        0.000100        0.453015        0.396855
     518        0.000100        0.453477        0.396390
     519        0.000100        0.453070        0.396349
     520        0.000100        0.453066        0.396545
     521        0.000100        0.454936        0.397268
     522        0.000100        0.454728        0.397493
     523        0.000100        0.455649        0.397459
     524        0.000100        0.455472        0.396944
     525        0.000100        0.453412        0.396868
     526        0.000100        0.453667        0.396600
     527        0.000100        0.456254        0.398462
     528        0.000100        0.472697        0.409424
     529        0.000100        0.456018        0.397673
     530        0.000100        0.457311        0.397277
     531        0.000100        0.463353        0.406629
     532        0.000100        0.456737        0.396622
     533        0.000100        0.458320        0.396813
     534        0.000100        0.460552        0.400481
     535        0.000100        0.460089        0.398253
     536        0.000100        0.462451        0.402945
     537        0.000100        0.458327        0.397732
     538        0.000100        0.474737        0.414316
     539        0.000100        0.459552        0.398776
     540        0.000100        0.465444        0.402244
     541        0.000100        0.458718        0.396491
     542        0.000100        0.462133        0.398551
     543        0.000100        0.459092        0.397821
     544        0.000100        0.460117        0.399541
     545        0.000100        0.462383        0.399487
     546        0.000100        0.462013        0.398240
     547        0.000100        0.468703        0.402608
     548        0.000100        0.466753        0.400910
     549        0.000100        0.461403        0.397748
     550        0.000100        0.461511        0.398516
     551        0.000100        0.460934        0.397843
     552        0.000100        0.469293        0.402905
     553        0.000100        0.466545        0.400348
     554        0.000100        0.466787        0.400942
     555        0.000100        0.462768        0.398094
     556        0.000100        0.461102        0.397911
     557        0.000100        0.491665        0.420862
     558        0.000100        0.463381        0.399177
     559        0.000100        0.466198        0.400789
     560        0.000100        0.463084        0.398982
     561        0.000100        0.475904        0.407218
     562        0.000100        0.462916        0.397207
     563        0.000100        0.466531        0.398335
     564        0.000100        0.470262        0.400611
     565        0.000100        0.466680        0.400020
     566        0.000100        0.470601        0.404414
     567        0.000100        0.467878        0.398738
     568        0.000100        0.466667        0.399458
     569        0.000100        0.470540        0.403096
     570        0.000100        0.466557        0.398067
     571        0.000100        0.467703        0.399407
     572        0.000100        0.471007        0.399082
     573        0.000100        0.469170        0.399710
     574        0.000100        0.468231        0.398263
     575        0.000100        0.470027        0.400463
     576        0.000100        0.473702        0.404437
     577        0.000100        0.469273        0.398653
     578        0.000100        0.467694        0.398137
     579        0.000100        0.468799        0.398476
     580        0.000100        0.471669        0.402211
     581        0.000100        0.474094        0.401713
     582        0.000100        0.471287        0.399313
     583        0.000100        0.471416        0.399338
     584        0.000100        0.472383        0.402545
     585        0.000100        0.472605        0.401829
     586        0.000100        0.469701        0.399511
     587        0.000100        0.471196        0.399968
     588        0.000100        0.479034        0.408457
     589        0.000100        0.472199        0.399349
     590        0.000100        0.474473        0.399657
     591        0.000100        0.476814        0.400992
     592        0.000100        0.476329        0.400818
     593        0.000100        0.475118        0.401860
     594        0.000100        0.474537        0.401549
     595        0.000100        0.476816        0.400686
     596        0.000100        0.475726        0.401667
     597        0.000100        0.478100        0.404150
     598        0.000100        0.474286        0.399334
     599        0.000100        0.476923        0.400319
     600        0.000100        0.476381        0.401085
     601        0.000100        0.475243        0.399712
     602        0.000100        0.480878        0.401241
     603        0.000100        0.479400        0.400991
     604        0.000100        0.479790        0.403259
     605        0.000100        0.478511        0.400736
     606        0.000100        0.478020        0.400546
     607        0.000100        0.484472        0.402812
     608        0.000100        0.479622        0.400822
     609        0.000100        0.479083        0.400054
     610        0.000100        0.481879        0.401603
     611        0.000100        0.482431        0.403129
     612        0.000100        0.480091        0.400298
     613        0.000100        0.492429        0.407841
     614        0.000100        0.485475        0.410031
     615        0.000100        0.478789        0.401752
     616        0.000100        0.483675        0.402752
     617        0.000100        0.479992        0.399878
     618        0.000100        0.481730        0.400443
     619        0.000100        0.481315        0.400178
     620        0.000100        0.482030        0.400512
     621        0.000100        0.480598        0.400275
     622        0.000100        0.479576        0.400320
     623        0.000100        0.481164        0.400117
     624        0.000100        0.483459        0.401767
     625        0.000100        0.483001        0.400345
     626        0.000100        0.484941        0.402465
     627        0.000100        0.485244        0.400842
     628        0.000100        0.486359        0.401969
     629        0.000100        0.483560        0.400207
     630        0.000100        0.488814        0.405413
     631        0.000100        0.489350        0.402489
     632        0.000100        0.484868        0.401468
     633        0.000100        0.486401        0.403066
     634        0.000100        0.485926        0.402020
     635        0.000100        0.490535        0.402784
     636        0.000100        0.486555        0.401269
     637        0.000100        0.489252        0.402817
     638        0.000100        0.488335        0.405276
     639        0.000100        0.486570        0.400823
     640        0.000100        0.486334        0.402256
     641        0.000100        0.487968        0.401356
     642        0.000100        0.486507        0.402674
     643        0.000100        0.486282        0.401954
     644        0.000100        0.486901        0.401925
     645        0.000100        0.491343        0.404299
     646        0.000100        0.489023        0.401110
     647        0.000100        0.489707        0.401343
     648        0.000100        0.491446        0.401822
     649        0.000100        0.490358        0.401562
     650        0.000100        0.490303        0.402177
     651        0.000100        0.491875        0.405809
     652        0.000100        0.512329        0.416809
     653        0.000100        0.489556        0.401148
     654        0.000100        0.490726        0.402113
     655        0.000100        0.494612        0.402036
     656        0.000100        0.495222        0.403033
     657        0.000100        0.491972        0.403032
     658        0.000100        0.491103        0.401654
     659        0.000100        0.493339        0.401686
     660        0.000100        0.491905        0.403931
     661        0.000100        0.493166        0.405382
     662        0.000100        0.493916        0.403267
     663        0.000100        0.493792        0.402091
     664        0.000100        0.495008        0.403315
     665        0.000100        0.498859        0.405616
     666        0.000100        0.493703        0.402189
     667        0.000100        0.495287        0.403469
     668        0.000100        0.497922        0.406527
     669        0.000100        0.497108        0.405784
     670        0.000100        0.497304        0.403691
     671        0.000050        0.499287        0.403302
     672        0.000050        0.495258        0.402184
     673        0.000050        0.498780        0.403281
     674        0.000050        0.497274        0.402345
     675        0.000050        0.497710        0.402088
     676        0.000050        0.496130        0.402108
     677        0.000050        0.496736        0.403498
     678        0.000050        0.496706        0.401993
     679        0.000050        0.502842        0.406115
     680        0.000050        0.497120        0.402486
     681        0.000050        0.499000        0.404656
     682        0.000050        0.497337        0.402807
     683        0.000050        0.499543        0.403482
     684        0.000050        0.498426        0.404074
     685        0.000050        0.499894        0.403198
     686        0.000050        0.499282        0.405350
     687        0.000050        0.498547        0.402744
     688        0.000050        0.498886        0.406335
     689        0.000050        0.496700        0.402617
     690        0.000050        0.497309        0.402548
     691        0.000050        0.498017        0.404456
     692        0.000050        0.499589        0.402744
     693        0.000050        0.499475        0.402855
     694        0.000050        0.502780        0.404813
     695        0.000050        0.499267        0.403801
     696        0.000050        0.499644        0.402872
     697        0.000050        0.501943        0.406882
     698        0.000050        0.499427        0.403276
     699        0.000050        0.499360        0.403133
     700        0.000050        0.498573        0.403306
     701        0.000050        0.500953        0.403103
     702        0.000050        0.500299        0.403143
     703        0.000050        0.500229        0.403095
     704        0.000050        0.500874        0.403066
     705        0.000050        0.501176        0.403750
     706        0.000050        0.501178        0.403194
     707        0.000050        0.501282        0.403596
     708        0.000050        0.501136        0.403082
     709        0.000050        0.500730        0.402799
     710        0.000050        0.502597        0.406435
     711        0.000050        0.501760        0.404345
     712        0.000050        0.506323        0.405426
     713        0.000050        0.502607        0.403585
     714        0.000050        0.502412        0.403591
     715        0.000050        0.501973        0.404681
     716        0.000050        0.501337        0.403899
     717        0.000050        0.503710        0.403687
     718        0.000050        0.502561        0.403311
     719        0.000050        0.503883        0.403994
     720        0.000050        0.503435        0.403651
     721        0.000050        0.509709        0.406633
     722        0.000050        0.506575        0.404932
     723        0.000050        0.505083        0.403753
     724        0.000050        0.506028        0.403730
     725        0.000050        0.504491        0.404374
     726        0.000050        0.505142        0.404103
     727        0.000050        0.505120        0.403612
     728        0.000050        0.506347        0.404146
     729        0.000050        0.505765        0.404128
     730        0.000050        0.504770        0.404015
     731        0.000050        0.506195        0.403443
     732        0.000050        0.505721        0.403652
     733        0.000050        0.508140        0.406977
     734        0.000050        0.505641        0.403747
     735        0.000050        0.506207        0.404663
     736        0.000050        0.506901        0.404554
     737        0.000050        0.505958        0.405805
     738        0.000050        0.505414        0.403891
     739        0.000050        0.511982        0.406990
     740        0.000050        0.507828        0.404627
     741        0.000050        0.506798        0.404151
     742        0.000050        0.513287        0.407180
     743        0.000050        0.506446        0.405208
     744        0.000050        0.508652        0.404987
     745        0.000050        0.509219        0.408555
     746        0.000050        0.507843        0.404316
     747        0.000050        0.508390        0.403914
     748        0.000050        0.507971        0.404179
     749        0.000050        0.507086        0.404419
     750        0.000050        0.507675        0.404478
     751        0.000050        0.508999        0.404639
     752        0.000050        0.510741        0.407588
     753        0.000050        0.509223        0.404312
     754        0.000050        0.510296        0.404562
     755        0.000050        0.510187        0.404330
     756        0.000050        0.513128        0.404940
     757        0.000050        0.511056        0.404552
     758        0.000050        0.512171        0.409057
     759        0.000050        0.511134        0.405213
     760        0.000050        0.509103        0.404859
     761        0.000050        0.514228        0.407150
     762        0.000050        0.509156        0.405658
     763        0.000050        0.510626        0.407040
     764        0.000050        0.509337        0.406136
     765        0.000050        0.509683        0.404338
     766        0.000050        0.510224        0.406790
     767        0.000050        0.516601        0.413769
     768        0.000050        0.512274        0.405554
     769        0.000050        0.509871        0.404618
     770        0.000050        0.510898        0.404980
     771        0.000050        0.512856        0.405234
     772        0.000050        0.512492        0.409663
     773        0.000050        0.513385        0.405766
     774        0.000050        0.515404        0.406351
     775        0.000050        0.512316        0.407449
     776        0.000050        0.512667        0.405262
     777        0.000050        0.517392        0.407415
     778        0.000050        0.516735        0.407033
     779        0.000050        0.515268        0.406154
     780        0.000050        0.512096        0.406576
     781        0.000050        0.513759        0.405517
     782        0.000050        0.511930        0.405305
     783        0.000050        0.512595        0.405326
     784        0.000050        0.513902        0.405702
     785        0.000050        0.513592        0.405487
     786        0.000050        0.513449        0.405314
     787        0.000050        0.513578        0.407115
     788        0.000050        0.512646        0.406245
     789        0.000050        0.513480        0.405480
     790        0.000050        0.513086        0.406201
     791        0.000050        0.514654        0.406884
     792        0.000050        0.513244        0.405666
     793        0.000050        0.514408        0.405530
     794        0.000050        0.513921        0.405660
     795        0.000050        0.516225        0.405857
     796        0.000050        0.515280        0.406479
     797        0.000050        0.514726        0.406254
     798        0.000050        0.515662        0.405273
     799        0.000050        0.515350        0.405570
     800        0.000050        0.516009        0.406643
     801        0.000050        0.515424        0.405403
     802        0.000050        0.514459        0.407307
     803        0.000050        0.515761        0.406168
     804        0.000050        0.516665        0.408629
     805        0.000050        0.516158        0.405843
     806        0.000050        0.516196        0.406151
     807        0.000050        0.517889        0.407990
     808        0.000050        0.516640        0.405838
     809        0.000050        0.518235        0.409036
     810        0.000050        0.516249        0.405978
     811        0.000050        0.515599        0.406121
     812        0.000050        0.516357        0.406941
     813        0.000050        0.516484        0.406228
     814        0.000050        0.516011        0.406926
     815        0.000050        0.519141        0.407123
     816        0.000050        0.520686        0.407197
     817        0.000050        0.519951        0.407466
     818        0.000050        0.516265        0.405838
     819        0.000050        0.516686        0.406170
     820        0.000050        0.517544        0.408121
     821        0.000050        0.517295        0.405976
     822        0.000050        0.517421        0.405940
     823        0.000050        0.517887        0.406195
     824        0.000050        0.516175        0.406143
     825        0.000050        0.520224        0.406272
     826        0.000050        0.517963        0.406283
     827        0.000050        0.518417        0.406393
     828        0.000050        0.519142        0.406301
     829        0.000050        0.518473        0.406184
     830        0.000050        0.519066        0.407572
     831        0.000050        0.518065        0.407616
     832        0.000050        0.519389        0.406894
     833        0.000050        0.520176        0.406660
     834        0.000050        0.520971        0.407214
     835        0.000050        0.521665        0.406959
     836        0.000050        0.527095        0.410253
     837        0.000050        0.520071        0.407873
     838        0.000050        0.519128        0.406733
     839        0.000050        0.519672        0.407687
     840        0.000050        0.519038        0.406909
     841        0.000050        0.519900        0.407269
     842        0.000050        0.519493        0.407097
     843        0.000050        0.519942        0.406940
     844        0.000050        0.523252        0.407345
     845        0.000050        0.521768        0.407483
     846        0.000050        0.522105        0.406831
     847        0.000050        0.520694        0.408451
     848        0.000050        0.519372        0.406280
     849        0.000050        0.521640        0.407027
     850        0.000050        0.520878        0.408297
     851        0.000050        0.520639        0.408754
     852        0.000050        0.521698        0.407059
     853        0.000050        0.521456        0.407072
     854        0.000050        0.520454        0.407464
     855        0.000050        0.521858        0.407252
     856        0.000050        0.521913        0.408324
     857        0.000050        0.521131        0.407941
     858        0.000050        0.523000        0.407457
     859        0.000050        0.523821        0.407084
     860        0.000050        0.524573        0.407754
     861        0.000050        0.523787        0.407048
     862        0.000050        0.527353        0.409193
     863        0.000050        0.525312        0.407577
     864        0.000050        0.523312        0.407489
     865        0.000050        0.525368        0.411510
     866        0.000050        0.523072        0.407722
     867        0.000050        0.525604        0.410662
     868        0.000050        0.523155        0.407334
     869        0.000050        0.524275        0.408040
     870        0.000050        0.524763        0.407790
     871        0.000050        0.527576        0.408030
     872        0.000050        0.524294        0.407569
     873        0.000050        0.526127        0.407899
     874        0.000050        0.528650        0.408407
     875        0.000050        0.524087        0.407757
     876        0.000050        0.529382        0.414673
     877        0.000050        0.524358        0.407465
     878        0.000050        0.525466        0.407529
     879        0.000050        0.527216        0.408308
     880        0.000050        0.526145        0.407662
     881        0.000050        0.527392        0.407909
     882        0.000050        0.527447        0.409572
     883        0.000050        0.526332        0.408016
     884        0.000050        0.526430        0.407819
     885        0.000050        0.527156        0.407995
     886        0.000050        0.529961        0.408587
     887        0.000050        0.527862        0.409251
     888        0.000050        0.527178        0.408345
     889        0.000050        0.528164        0.407862
     890        0.000050        0.527841        0.408012
     891        0.000050        0.533565        0.410239
     892        0.000050        0.527769        0.407898
     893        0.000050        0.527988        0.408514
     894        0.000050        0.528956        0.409109
     895        0.000050        0.528609        0.408839
     896        0.000050        0.528664        0.409924
     897        0.000050        0.528311        0.408723
     898        0.000050        0.529950        0.408804
     899        0.000050        0.529884        0.408560
     900        0.000050        0.537352        0.414572
     901        0.000050        0.528345        0.408586
     902        0.000050        0.529654        0.408562
     903        0.000050        0.529463        0.408307
     904        0.000050        0.529417        0.408648
     905        0.000050        0.530043        0.408370
     906        0.000050        0.529550        0.409621
     907        0.000050        0.531145        0.408941
     908        0.000050        0.530737        0.409199
     909        0.000050        0.529180        0.408538
     910        0.000050        0.530804        0.408598
     911        0.000050        0.529722        0.410069
     912        0.000050        0.530043        0.408885
     913        0.000050        0.535722        0.412053
     914        0.000050        0.531295        0.409368
     915        0.000050        0.529893        0.409015
     916        0.000050        0.531165        0.409311
     917        0.000050        0.532052        0.409290
     918        0.000050        0.533261        0.409346
     919        0.000050        0.531027        0.409422
     920        0.000050        0.531072        0.409162
     921        0.000050        0.530276        0.408676
     922        0.000050        0.530854        0.409791
     923        0.000050        0.531156        0.409620
     924        0.000050        0.534523        0.410872
     925        0.000050        0.532685        0.409146
     926        0.000050        0.531141        0.410447
     927        0.000050        0.531096        0.410911
     928        0.000050        0.530604        0.410025
     929        0.000050        0.530649        0.409821
     930        0.000050        0.531334        0.409053
     931        0.000050        0.531819        0.409254
     932        0.000050        0.532636        0.410063
     933        0.000050        0.533624        0.410295
     934        0.000050        0.531956        0.409941
     935        0.000050        0.534132        0.412402
     936        0.000050        0.532722        0.410401
     937        0.000050        0.531513        0.409454
     938        0.000050        0.534951        0.413415
     939        0.000050        0.533586        0.410295
     940        0.000050        0.534876        0.409624
     941        0.000050        0.533935        0.409443
     942        0.000050        0.532847        0.409508
     943        0.000050        0.539360        0.411663
     944        0.000050        0.532351        0.409986
     945        0.000050        0.532482        0.409599
     946        0.000050        0.533615        0.409409
     947        0.000050        0.533766        0.409583
     948        0.000050        0.536000        0.409828
     949        0.000050        0.538719        0.411312
     950        0.000050        0.537394        0.415644
     951        0.000050        0.538503        0.416439
     952        0.000050        0.532957        0.410300
     953        0.000050        0.542635        0.413327
     954        0.000050        0.534559        0.409874
     955        0.000050        0.536569        0.410564
     956        0.000050        0.536012        0.410424
     957        0.000050        0.535525        0.409770
     958        0.000050        0.534787        0.409858
     959        0.000050        0.537012        0.409810
     960        0.000050        0.535069        0.410405
     961        0.000050        0.536601        0.410534
     962        0.000050        0.534501        0.411275
     963        0.000050        0.533097        0.410313
     964        0.000050        0.535749        0.410323
     965        0.000050        0.535970        0.410424
     966        0.000050        0.536084        0.411476
     967        0.000050        0.536707        0.410176
     968        0.000050        0.537068        0.410324
     969        0.000050        0.539451        0.412084
     970        0.000050        0.536014        0.411620
     971        0.000050        0.535791        0.410462
     972        0.000025        0.535910        0.411016
     973        0.000025        0.537241        0.410258
     974        0.000025        0.536506        0.410797
     975        0.000025        0.536511        0.410918
     976        0.000025        0.538975        0.411070
     977        0.000025        0.536645        0.410477
     978        0.000025        0.536321        0.411191
     979        0.000025        0.537678        0.412813
     980        0.000025        0.536606        0.410176
     981        0.000025        0.536504        0.410827
     982        0.000025        0.537003        0.410392
     983        0.000025        0.538983        0.410753
     984        0.000025        0.536527        0.410377
     985        0.000025        0.536091        0.411205
     986        0.000025        0.538765        0.410679
     987        0.000025        0.537373        0.410611
     988        0.000025        0.538570        0.410564
     989        0.000025        0.537321        0.410732
     990        0.000025        0.537784        0.410507
     991        0.000025        0.538060        0.411013
     992        0.000025        0.538614        0.412375
     993        0.000025        0.538504        0.410877
     994        0.000025        0.537298        0.410728
     995        0.000025        0.537969        0.412382
     996        0.000025        0.537226        0.411739
     997        0.000025        0.538094        0.410584
     998        0.000025        0.537961        0.410400
     999        0.000025        0.539153        0.410673
    1000        0.000025        0.538764        0.410711
    1001        0.000025        0.537849        0.411715
    1002        0.000025        0.538159        0.410636
    1003        0.000025        0.537089        0.411394
    1004        0.000025        0.537744        0.410881
    1005        0.000025        0.538426        0.411085
    1006        0.000025        0.538655        0.410460
    1007        0.000025        0.538817        0.410514
    1008        0.000025        0.539289        0.411030
    1009        0.000025        0.537724        0.411290
    1010        0.000025        0.537942        0.410619
    1011        0.000025        0.539890        0.411092
    1012        0.000025        0.537891        0.411405
    1013        0.000025        0.541304        0.411855
    1014        0.000025        0.537898        0.411533
    1015        0.000025        0.538686        0.410719
    1016        0.000025        0.538784        0.410949
    1017        0.000025        0.538821        0.410530
    1018        0.000025        0.538551        0.410741
    1019        0.000025        0.538202        0.411189
    1020        0.000025        0.539322        0.410769
    1021        0.000025        0.538853        0.410774
    1022        0.000025        0.539010        0.411529
    1023        0.000025        0.538549        0.411252
    1024        0.000025        0.541173        0.410997
    1025        0.000025        0.539191        0.411073
    1026        0.000025        0.541174        0.411167
    1027        0.000025        0.539301        0.410987
    1028        0.000025        0.539067        0.410734
    1029        0.000025        0.539012        0.411716
    1030        0.000025        0.540939        0.411069
    1031        0.000025        0.539693        0.413898
    1032        0.000025        0.538793        0.411137
    1033        0.000025        0.539232        0.411024
    1034        0.000025        0.539207        0.411297
    1035        0.000025        0.539059        0.410899
    1036        0.000025        0.539385        0.411373
    1037        0.000025        0.542813        0.411835
    1038        0.000025        0.539007        0.411412
    1039        0.000025        0.539312        0.411306
    1040        0.000025        0.539576        0.411113
    1041        0.000025        0.541070        0.410889
    1042        0.000025        0.540129        0.411144
    1043        0.000025        0.540040        0.411288
    1044        0.000025        0.539763        0.411872
    1045        0.000025        0.540120        0.411493
    1046        0.000025        0.540312        0.410913
    1047        0.000025        0.542662        0.411972
    1048        0.000025        0.540178        0.410979
    1049        0.000025        0.540322        0.411294
    1050        0.000025        0.540995        0.411150
    1051        0.000025        0.540655        0.411889
    1052        0.000025        0.542217        0.411115
    1053        0.000025        0.541345        0.411594
    1054        0.000025        0.541188        0.411460
    1055        0.000025        0.541055        0.412152
    1056        0.000025        0.542028        0.411330
    1057        0.000025        0.541486        0.411222
    1058        0.000025        0.540502        0.411701
    1059        0.000025        0.542543        0.411560
    1060        0.000025        0.541914        0.412410
    1061        0.000025        0.540907        0.412202
    1062        0.000025        0.541183        0.411673
    1063        0.000025        0.542646        0.411272
    1064        0.000025        0.542760        0.412046
    1065        0.000025        0.541335        0.412490
    1066        0.000025        0.544455        0.411906
    1067        0.000025        0.540560        0.412177
    1068        0.000025        0.540886        0.412484
    1069        0.000025        0.541445        0.411249
    1070        0.000025        0.541368        0.411409
    1071        0.000025        0.541745        0.411274
    1072        0.000025        0.540912        0.411725
    1073        0.000025        0.541365        0.411588
    1074        0.000025        0.541245        0.411101
    1075        0.000025        0.541297        0.411545
    1076        0.000025        0.542598        0.411195
    1077        0.000025        0.541970        0.413765
    1078        0.000025        0.543267        0.411806
    1079        0.000025        0.541959        0.411412
    1080        0.000025        0.542345        0.411892
    1081        0.000025        0.544037        0.411642
    1082        0.000025        0.541306        0.411321
    1083        0.000025        0.541927        0.411605
    1084        0.000025        0.542525        0.412401
    1085        0.000025        0.544789        0.412002
    1086        0.000025        0.542802        0.412736
    1087        0.000025        0.541866        0.411564
    1088        0.000025        0.543076        0.411495
    1089        0.000025        0.542571        0.411365
    1090        0.000025        0.542369        0.411350
    1091        0.000025        0.542661        0.411984
    1092        0.000025        0.543729        0.411619
    1093        0.000025        0.542869        0.411849
    1094        0.000025        0.544249        0.411842
    1095        0.000025        0.543054        0.412170
    1096        0.000025        0.543222        0.412594
    1097        0.000025        0.543730        0.411432
    1098        0.000025        0.543296        0.412179
    1099        0.000025        0.543851        0.411619
    1100        0.000025        0.543513        0.412871
    1101        0.000025        0.544265        0.412166
    1102        0.000025        0.543427        0.412128
    1103        0.000025        0.543987        0.413094
    1104        0.000025        0.546225        0.412357
    1105        0.000025        0.545442        0.411853
    1106        0.000025        0.543777        0.411983
    1107        0.000025        0.543769        0.411736
    1108        0.000025        0.544080        0.411857
    1109        0.000025        0.543769        0.412533
    1110        0.000025        0.544011        0.411835
    1111        0.000025        0.544584        0.414789
    1112        0.000025        0.544620        0.412624
    1113        0.000025        0.543701        0.411700
    1114        0.000025        0.543972        0.411984
    1115        0.000025        0.544572        0.411584
    1116        0.000025        0.544318        0.412161
    1117        0.000025        0.544409        0.412851
    1118        0.000025        0.544314        0.413678
    1119        0.000025        0.548061        0.413208
    1120        0.000025        0.544984        0.411859
    1121        0.000025        0.544696        0.411866
    1122        0.000025        0.545675        0.412235
    1123        0.000025        0.545132        0.412621
    1124        0.000025        0.545030        0.411807
    1125        0.000025        0.545261        0.411870
    1126        0.000025        0.545072        0.412081
    1127        0.000025        0.545444        0.411731
    1128        0.000025        0.545085        0.411859
    1129        0.000025        0.545072        0.412277
    1130        0.000025        0.544212        0.412377
    1131        0.000025        0.543902        0.412314
    1132        0.000025        0.544074        0.411881
    1133        0.000025        0.544900        0.412283
    1134        0.000025        0.544923        0.414637
    1135        0.000025        0.543821        0.411911
    1136        0.000025        0.545819        0.411991
    1137        0.000025        0.544626        0.412411
    1138        0.000025        0.544404        0.412685
    1139        0.000025        0.544979        0.411960
    1140        0.000025        0.545398        0.412204
    1141        0.000025        0.545044        0.413007
    1142        0.000025        0.544512        0.412407
    1143        0.000025        0.546054        0.411782
    1144        0.000025        0.546510        0.412333
    1145        0.000025        0.545606        0.413221
    1146        0.000025        0.546056        0.412792
    1147        0.000025        0.545854        0.413487
    1148        0.000025        0.546883        0.412279
    1149        0.000025        0.545970        0.412553
    1150        0.000025        0.545737        0.412808
    1151        0.000025        0.545971        0.412586
    1152        0.000025        0.546435        0.412121
    1153        0.000025        0.546366        0.413158
    1154        0.000025        0.546512        0.414408
    1155        0.000025        0.546817        0.414081
    1156        0.000025        0.547429        0.412292
    1157        0.000025        0.547273        0.412395
    1158        0.000025        0.546567        0.413181
    1159        0.000025        0.547151        0.412600
    1160        0.000025        0.546202        0.412957
    1161        0.000025        0.546815        0.414936
    1162        0.000025        0.548702        0.412918
    1163        0.000025        0.546317        0.413028
    1164        0.000025        0.545998        0.412466
    1165        0.000025        0.546810        0.412496
    1166        0.000025        0.546888        0.412484
    1167        0.000025        0.547061        0.412638
    1168        0.000025        0.547062        0.412711
    1169        0.000025        0.548832        0.412494
    1170        0.000025        0.548196        0.412497
    1171        0.000025        0.547974        0.413155
    1172        0.000025        0.548608        0.412742
    1173        0.000025        0.548083        0.412433
    1174        0.000025        0.547249        0.412527
    1175        0.000025        0.546876        0.412656
    1176        0.000025        0.549477        0.412772
    1177        0.000025        0.548656        0.412674
    1178        0.000025        0.549449        0.412597
    1179        0.000025        0.550418        0.412824
    1180        0.000025        0.548866        0.413564
    1181        0.000025        0.548609        0.414355
    1182        0.000025        0.548868        0.413028
    1183        0.000025        0.549019        0.413379
    1184        0.000025        0.550511        0.416873
    1185        0.000025        0.549857        0.413394
    1186        0.000025        0.548762        0.413613
    1187        0.000025        0.552678        0.413510
    1188        0.000025        0.549705        0.412723
    1189        0.000025        0.548604        0.412615
    1190        0.000025        0.549499        0.412935
    1191        0.000025        0.548101        0.412397
    1192        0.000025        0.549758        0.412581
    1193        0.000025        0.548843        0.412656
    1194        0.000025        0.549554        0.415093
    1195        0.000025        0.549370        0.413874
    1196        0.000025        0.549571        0.414487
    1197        0.000025        0.549761        0.413923
    1198        0.000025        0.550034        0.412932
    1199        0.000025        0.549367        0.413439
    1200        0.000025        0.549585        0.414214
    1201        0.000025        0.549594        0.414468
    1202        0.000025        0.549661        0.413474
    1203        0.000025        0.550264        0.412820
    1204        0.000025        0.551122        0.413082
    1205        0.000025        0.550113        0.413070
    1206        0.000025        0.549982        0.413113
    1207        0.000025        0.550568        0.414444
    1208        0.000025        0.550897        0.412899
    1209        0.000025        0.550634        0.413052
    1210        0.000025        0.549897        0.413362
    1211        0.000025        0.549831        0.414375
    1212        0.000025        0.550212        0.412875
    1213        0.000025        0.550198        0.413534
    1214        0.000025        0.550265        0.413479
    1215        0.000025        0.551039        0.413140
    1216        0.000025        0.550439        0.414276
    1217        0.000025        0.550929        0.413091
    1218        0.000025        0.550658        0.412890
    1219        0.000025        0.550656        0.413373
    1220        0.000025        0.551132        0.412827
    1221        0.000025        0.551749        0.412927
    1222        0.000025        0.551034        0.412925
    1223        0.000025        0.551893        0.412948
    1224        0.000025        0.550470        0.414914
    1225        0.000025        0.550950        0.413812
    1226        0.000025        0.551411        0.414709
    1227        0.000025        0.552474        0.413315
    1228        0.000025        0.551026        0.412738
    1229        0.000025        0.551256        0.413345
    1230        0.000025        0.551374        0.413791
    1231        0.000025        0.551470        0.414359
    1232        0.000025        0.551725        0.412993
    1233        0.000025        0.550684        0.414750
    1234        0.000025        0.552270        0.413245
    1235        0.000025        0.551874        0.413093
    1236        0.000025        0.551130        0.413152
    1237        0.000025        0.551878        0.414447
    1238        0.000025        0.551163        0.413927
    1239        0.000025        0.552571        0.413254
    1240        0.000025        0.551241        0.413078
    1241        0.000025        0.552522        0.413217
    1242        0.000025        0.551863        0.413232
    1243        0.000025        0.552902        0.413412
    1244        0.000025        0.552756        0.413311
    1245        0.000025        0.552470        0.413147
