       0        0.000100     4067.504563       63.358204
       1        0.000100     3925.143242       62.225273
       2        0.000100     3770.218006       60.970718
       3        0.000100     3585.993108       59.446384
       4        0.000100     3361.864516       57.537876
       5        0.000100     3094.605409       55.175457
       6        0.000100     2788.528207       52.338078
       7        0.000100     2452.607784       49.033741
       8        0.000100     2100.764409       45.311455
       9        0.000100     1746.153246       41.217735
      10        0.000100     1405.956407       36.858696
      11        0.000100     1092.726742       32.322025
      12        0.000100      817.970536       27.727514
      13        0.000100      588.993644       23.201353
      14        0.000100      409.375815       18.905890
      15        0.000100      278.137513       15.067370
      16        0.000100      187.631732       11.916214
      17        0.000100      130.120174        9.615771
      18        0.000100       96.066877        8.102489
      19        0.000100       77.353030        7.181941
      20        0.000100       66.981629        6.638852
      21        0.000100       61.168645        6.315790
      22        0.000100       57.359471        6.091265
      23        0.000100       54.484443        5.917129
      24        0.000100       51.972176        5.765647
      25        0.000100       49.639848        5.624568
      26        0.000100       47.365624        5.486057
      27        0.000100       45.093011        5.346521
      28        0.000100       42.902493        5.206587
      29        0.000100       40.742678        5.066860
      30        0.000100       38.672021        4.931387
      31        0.000100       36.635683        4.793367
      32        0.000100       34.658150        4.653686
      33        0.000100       32.773017        4.519181
      34        0.000100       30.916899        4.382783
      35        0.000100       29.117264        4.245699
      36        0.000100       27.410374        4.113525
      37        0.000100       25.770564        3.979721
      38        0.000100       24.199514        3.849627
      39        0.000100       22.719148        3.721783
      40        0.000100       21.302683        3.598061
      41        0.000100       19.977463        3.479140
      42        0.000100       18.696283        3.359015
      43        0.000100       17.504133        3.239909
      44        0.000100       16.354748        3.126093
      45        0.000100       15.274331        3.020084
      46        0.000100       14.275760        2.914027
      47        0.000100       13.321062        2.807304
      48        0.000100       12.435317        2.701466
      49        0.000100       11.605345        2.605736
      50        0.000100       10.797671        2.509097
      51        0.000100       10.074830        2.416647
      52        0.000100        9.402671        2.327609
      53        0.000100        8.767934        2.247223
      54        0.000100        8.185140        2.160548
      55        0.000100        7.628531        2.085170
      56        0.000100        7.122818        2.009177
      57        0.000100        6.657235        1.938687
      58        0.000100        6.227332        1.868476
      59        0.000100        5.819523        1.805833
      60        0.000100        5.453736        1.745460
      61        0.000100        5.113482        1.690311
      62        0.000100        4.806434        1.633438
      63        0.000100        4.515297        1.581546
      64        0.000100        4.251237        1.532690
      65        0.000100        4.004092        1.487216
      66        0.000100        3.776151        1.444792
      67        0.000100        3.576341        1.402830
      68        0.000100        3.374651        1.364712
      69        0.000100        3.215287        1.327252
      70        0.000100        3.036229        1.294008
      71        0.000100        2.886751        1.260542
      72        0.000100        2.747662        1.227189
      73        0.000100        2.621323        1.197812
      74        0.000100        2.505400        1.170565
      75        0.000100        2.388967        1.145376
      76        0.000100        2.283466        1.120756
      77        0.000100        2.192703        1.096305
      78        0.000100        2.095434        1.073577
      79        0.000100        2.009212        1.052200
      80        0.000100        1.928068        1.032773
      81        0.000100        1.852915        1.010863
      82        0.000100        1.782698        0.991009
      83        0.000100        1.725324        0.972070
      84        0.000100        1.656052        0.953621
      85        0.000100        1.602870        0.936703
      86        0.000100        1.537634        0.919901
      87        0.000100        1.483820        0.903771
      88        0.000100        1.444618        0.887925
      89        0.000100        1.382683        0.873100
      90        0.000100        1.340154        0.858411
      91        0.000100        1.307408        0.844811
      92        0.000100        1.269397        0.832098
      93        0.000100        1.226550        0.826804
      94        0.000100        1.196304        0.808328
      95        0.000100        1.156885        0.800595
      96        0.000100        1.130906        0.787172
      97        0.000100        1.098870        0.780161
      98        0.000100        1.076963        0.766970
      99        0.000100        1.045170        0.760551
     100        0.000100        1.022693        0.753543
     101        0.000100        0.998273        0.742901
     102        0.000100        0.976338        0.733175
     103        0.000100        0.975514        0.727089
     104        0.000100        0.934812        0.717095
     105        0.000100        0.915192        0.709320
     106        0.000100        0.911724        0.703584
     107        0.000100        0.878016        0.698721
     108        0.000100        0.859961        0.687869
     109        0.000100        0.845168        0.685694
     110        0.000100        0.827131        0.674037
     111        0.000100        0.810882        0.665357
     112        0.000100        0.791879        0.658131
     113        0.000100        0.773144        0.652420
     114        0.000100        0.759281        0.643554
     115        0.000100        0.740640        0.638137
     116        0.000100        0.724077        0.629813
     117        0.000100        0.710443        0.623587
     118        0.000100        0.695081        0.617518
     119        0.000100        0.688296        0.612306
     120        0.000100        0.678697        0.607478
     121        0.000100        0.659880        0.606103
     122        0.000100        0.645582        0.594788
     123        0.000100        0.634864        0.592710
     124        0.000100        0.624078        0.588493
     125        0.000100        0.614859        0.584176
     126        0.000100        0.603799        0.574719
     127        0.000100        0.592397        0.571682
     128        0.000100        0.582118        0.567230
     129        0.000100        0.574637        0.560646
     130        0.000100        0.565628        0.559832
     131        0.000100        0.554556        0.552278
     132        0.000100        0.548863        0.551170
     133        0.000100        0.542020        0.547709
     134        0.000100        0.536052        0.540688
     135        0.000100        0.526036        0.539605
     136        0.000100        0.520186        0.537265
     137        0.000100        0.514092        0.528953
     138        0.000100        0.506341        0.525223
     139        0.000100        0.499403        0.521396
     140        0.000100        0.492072        0.517791
     141        0.000100        0.484424        0.515933
     142        0.000100        0.477863        0.511269
     143        0.000100        0.472727        0.507530
     144        0.000100        0.467645        0.505252
     145        0.000100        0.464775        0.501539
     146        0.000100        0.455867        0.498222
     147        0.000100        0.452159        0.495727
     148        0.000100        0.448188        0.492730
     149        0.000100        0.443637        0.491572
     150        0.000100        0.438432        0.487921
     151        0.000100        0.436614        0.487557
     152        0.000100        0.431186        0.483609
     153        0.000100        0.432212        0.482106
     154        0.000100        0.425997        0.480694
     155        0.000100        0.422964        0.479042
     156        0.000100        0.422850        0.476248
     157        0.000100        0.423291        0.476067
     158        0.000100        0.422812        0.475239
     159        0.000100        0.414201        0.472380
     160        0.000100        0.414765        0.470564
     161        0.000100        0.414670        0.474675
     162        0.000100        0.405979        0.466099
     163        0.000100        0.405448        0.466479
     164        0.000100        0.406389        0.464287
     165        0.000100        0.399878        0.460970
     166        0.000100        0.399204        0.459327
     167        0.000100        0.399811        0.459670
     168        0.000100        0.396565        0.458187
     169        0.000100        0.396507        0.456409
     170        0.000100        0.401946        0.463421
     171        0.000100        0.391013        0.452948
     172        0.000100        0.389220        0.451744
     173        0.000100        0.389893        0.450942
     174        0.000100        0.387828        0.449882
     175        0.000100        0.392178        0.451405
     176        0.000100        0.387509        0.447836
     177        0.000100        0.384595        0.446208
     178        0.000100        0.383305        0.444895
     179        0.000100        0.382302        0.444559
     180        0.000100        0.383326        0.444301
     181        0.000100        0.382236        0.443805
     182        0.000100        0.381964        0.443527
     183        0.000100        0.391840        0.448927
     184        0.000100        0.379644        0.440410
     185        0.000100        0.379294        0.439766
     186        0.000100        0.381690        0.443476
     187        0.000100        0.377330        0.437491
     188        0.000100        0.379808        0.440930
     189        0.000100        0.384793        0.442710
     190        0.000100        0.377929        0.437687
     191        0.000100        0.378641        0.437416
     192        0.000100        0.380692        0.436894
     193        0.000100        0.378860        0.435375
     194        0.000100        0.378169        0.434520
     195        0.000100        0.380042        0.435184
     196        0.000100        0.379979        0.437436
     197        0.000100        0.374014        0.430583
     198        0.000100        0.375172        0.430333
     199        0.000100        0.389654        0.443997
     200        0.000100        0.376655        0.431906
     201        0.000100        0.375477        0.429354
     202        0.000100        0.373984        0.427550
     203        0.000100        0.372531        0.426952
     204        0.000100        0.375941        0.428547
     205        0.000100        0.373747        0.426861
     206        0.000100        0.375220        0.426878
     207        0.000100        0.371297        0.426680
     208        0.000100        0.371986        0.424211
     209        0.000100        0.383446        0.434805
     210        0.000100        0.374718        0.425279
     211        0.000100        0.371678        0.422717
     212        0.000100        0.372155        0.422821
     213        0.000100        0.373134        0.422504
     214        0.000100        0.379500        0.425957
     215        0.000100        0.373606        0.421325
     216        0.000100        0.375490        0.425116
     217        0.000100        0.370065        0.419275
     218        0.000100        0.371565        0.420280
     219        0.000100        0.372377        0.419610
     220        0.000100        0.369925        0.417687
     221        0.000100        0.383553        0.427433
     222        0.000100        0.371433        0.417264
     223        0.000100        0.374143        0.419194
     224        0.000100        0.370522        0.416421
     225        0.000100        0.370418        0.415935
     226        0.000100        0.377060        0.421232
     227        0.000100        0.373999        0.418370
     228        0.000100        0.372217        0.414835
     229        0.000100        0.372899        0.416745
     230        0.000100        0.379218        0.419179
     231        0.000100        0.378729        0.419048
     232        0.000100        0.371080        0.413019
     233        0.000100        0.373126        0.414402
     234        0.000100        0.372460        0.413975
     235        0.000100        0.374403        0.413326
     236        0.000100        0.371804        0.412222
     237        0.000100        0.370849        0.412783
     238        0.000100        0.373911        0.413323
     239        0.000100        0.372927        0.411833
     240        0.000100        0.373616        0.411611
     241        0.000100        0.372114        0.411309
     242        0.000100        0.374535        0.411472
     243        0.000100        0.372168        0.410374
     244        0.000100        0.373765        0.410954
     245        0.000100        0.377759        0.413462
     246        0.000100        0.380410        0.414880
     247        0.000100        0.380704        0.416948
     248        0.000100        0.374222        0.409621
     249        0.000100        0.376364        0.409809
     250        0.000100        0.377406        0.409775
     251        0.000100        0.384620        0.417718
     252        0.000100        0.376910        0.410825
     253        0.000100        0.374941        0.407830
     254        0.000100        0.379597        0.412981
     255        0.000100        0.377383        0.408103
     256        0.000100        0.381482        0.412841
     257        0.000100        0.377338        0.408793
     258        0.000100        0.375237        0.406989
     259        0.000100        0.377970        0.407304
     260        0.000100        0.376057        0.407040
     261        0.000100        0.375104        0.405769
     262        0.000100        0.378221        0.407566
     263        0.000100        0.382783        0.409608
     264        0.000100        0.383003        0.411972
     265        0.000100        0.388747        0.416577
     266        0.000100        0.381293        0.408623
     267        0.000100        0.382765        0.410439
     268        0.000100        0.384362        0.411466
     269        0.000100        0.385580        0.410712
     270        0.000100        0.381668        0.407610
     271        0.000100        0.380586        0.405472
     272        0.000100        0.382244        0.405872
     273        0.000100        0.378928        0.404889
     274        0.000100        0.380777        0.405613
     275        0.000100        0.384781        0.409039
     276        0.000100        0.383647        0.405669
     277        0.000100        0.382635        0.405610
     278        0.000100        0.382952        0.405050
     279        0.000100        0.385444        0.405974
     280        0.000100        0.380709        0.403252
     281        0.000100        0.384836        0.405400
     282        0.000100        0.382854        0.403248
     283        0.000100        0.385148        0.404552
     284        0.000100        0.386144        0.404609
     285        0.000100        0.383529        0.402992
     286        0.000100        0.387233        0.405151
     287        0.000100        0.382770        0.402392
     288        0.000100        0.384555        0.403446
     289        0.000100        0.385805        0.403896
     290        0.000100        0.386813        0.403404
     291        0.000100        0.392906        0.406640
     292        0.000100        0.389341        0.405834
     293        0.000100        0.398711        0.411385
     294        0.000100        0.388178        0.404111
     295        0.000100        0.392900        0.406055
     296        0.000100        0.388717        0.402559
     297        0.000100        0.386581        0.401247
     298        0.000100        0.389545        0.403632
     299        0.000100        0.398746        0.410156
     300        0.000100        0.390007        0.401938
     301        0.000100        0.389198        0.402347
     302        0.000100        0.389353        0.401457
     303        0.000100        0.394690        0.404127
     304        0.000100        0.397198        0.407397
     305        0.000100        0.394099        0.406130
     306        0.000100        0.418950        0.422329
     307        0.000100        0.397238        0.405837
     308        0.000100        0.393984        0.402735
     309        0.000100        0.392812        0.402717
     310        0.000100        0.398795        0.406295
     311        0.000100        0.399971        0.404173
     312        0.000100        0.396891        0.401799
     313        0.000100        0.396573        0.401493
     314        0.000100        0.396066        0.400523
     315        0.000100        0.396337        0.400724
     316        0.000100        0.396219        0.401517
     317        0.000100        0.398159        0.404023
     318        0.000100        0.399981        0.403352
     319        0.000100        0.400815        0.402095
     320        0.000100        0.396745        0.400356
     321        0.000100        0.396572        0.400070
     322        0.000100        0.401967        0.401221
     323        0.000100        0.402381        0.401441
     324        0.000100        0.402880        0.402308
     325        0.000100        0.401768        0.402115
     326        0.000100        0.408296        0.404355
     327        0.000100        0.401201        0.403146
     328        0.000100        0.402099        0.402614
     329        0.000100        0.426787        0.420153
     330        0.000100        0.417477        0.412919
     331        0.000100        0.405980        0.400442
     332        0.000100        0.413603        0.406654
     333        0.000100        0.407267        0.401099
     334        0.000100        0.402975        0.400734
     335        0.000100        0.410367        0.403272
     336        0.000100        0.407137        0.404245
     337        0.000100        0.403628        0.399187
     338        0.000100        0.407265        0.400114
     339        0.000100        0.408721        0.401101
     340        0.000100        0.412445        0.403367
     341        0.000100        0.421733        0.409404
     342        0.000100        0.406158        0.399856
     343        0.000100        0.411439        0.401629
     344        0.000100        0.412211        0.401740
     345        0.000100        0.411055        0.399761
     346        0.000100        0.408374        0.399624
     347        0.000100        0.415017        0.402783
     348        0.000100        0.407219        0.401535
     349        0.000100        0.410284        0.400760
     350        0.000100        0.418027        0.405427
     351        0.000100        0.409086        0.399491
     352        0.000100        0.412616        0.399491
     353        0.000100        0.407584        0.398698
     354        0.000100        0.417095        0.401850
     355        0.000100        0.412109        0.399358
     356        0.000100        0.411099        0.400189
     357        0.000100        0.417785        0.401325
     358        0.000100        0.416416        0.401356
     359        0.000100        0.415871        0.401486
     360        0.000100        0.415259        0.401103
     361        0.000100        0.416496        0.399994
     362        0.000100        0.427504        0.416540
     363        0.000100        0.415639        0.399292
     364        0.000100        0.412970        0.399034
     365        0.000100        0.416352        0.400282
     366        0.000100        0.415583        0.399831
     367        0.000100        0.416845        0.398750
     368        0.000100        0.420365        0.404634
     369        0.000100        0.416035        0.398129
     370        0.000100        0.416028        0.399747
     371        0.000100        0.426823        0.404175
     372        0.000100        0.419192        0.400767
     373        0.000100        0.417906        0.399460
     374        0.000100        0.427156        0.402854
     375        0.000100        0.420571        0.400575
     376        0.000100        0.422077        0.398587
     377        0.000100        0.428523        0.402508
     378        0.000100        0.421634        0.400114
     379        0.000100        0.422912        0.398555
     380        0.000100        0.428031        0.400682
     381        0.000100        0.421812        0.398759
     382        0.000100        0.423278        0.399139
     383        0.000100        0.425548        0.399412
     384        0.000100        0.421997        0.398186
     385        0.000100        0.425684        0.398083
     386        0.000100        0.425778        0.398748
     387        0.000100        0.423235        0.398858
     388        0.000100        0.444488        0.409374
     389        0.000100        0.423648        0.399898
     390        0.000100        0.453931        0.418683
     391        0.000100        0.427338        0.399131
     392        0.000100        0.427845        0.398892
     393        0.000100        0.437218        0.413678
     394        0.000100        0.427164        0.399030
     395        0.000100        0.430368        0.398794
     396        0.000100        0.426349        0.398817
     397        0.000100        0.428867        0.399133
     398        0.000100        0.431245        0.398807
     399        0.000100        0.429517        0.398985
     400        0.000100        0.429173        0.399914
     401        0.000100        0.429041        0.398663
     402        0.000100        0.426970        0.398636
     403        0.000100        0.434106        0.399398
     404        0.000100        0.432596        0.398742
     405        0.000100        0.430417        0.397635
     406        0.000100        0.430600        0.397702
     407        0.000100        0.432125        0.398371
     408        0.000100        0.434805        0.399687
     409        0.000100        0.443367        0.402747
     410        0.000100        0.432370        0.397204
     411        0.000100        0.434039        0.399266
     412        0.000100        0.436586        0.399116
     413        0.000100        0.443111        0.401090
     414        0.000100        0.446560        0.404119
     415        0.000100        0.437842        0.399216
     416        0.000100        0.443384        0.401013
     417        0.000100        0.444876        0.401919
     418        0.000100        0.442989        0.399905
     419        0.000100        0.440679        0.404271
     420        0.000100        0.441930        0.399733
     421        0.000100        0.437927        0.398668
     422        0.000100        0.438101        0.398767
     423        0.000100        0.443864        0.405288
     424        0.000100        0.445105        0.400327
     425        0.000100        0.446426        0.401881
     426        0.000100        0.438888        0.397153
     427        0.000100        0.444856        0.402923
     428        0.000100        0.447258        0.400819
     429        0.000100        0.448030        0.401072
     430        0.000100        0.443540        0.402009
     431        0.000100        0.439909        0.397141
     432        0.000100        0.449456        0.403542
     433        0.000100        0.457316        0.406366
     434        0.000100        0.450684        0.402522
     435        0.000100        0.440408        0.398152
     436        0.000100        0.443279        0.397450
     437        0.000100        0.445993        0.400137
     438        0.000100        0.448581        0.400800
     439        0.000100        0.445220        0.401758
     440        0.000100        0.442659        0.398043
     441        0.000100        0.452241        0.400414
     442        0.000100        0.448169        0.399853
     443        0.000100        0.447352        0.397654
     444        0.000100        0.456311        0.405048
     445        0.000100        0.450175        0.399585
     446        0.000100        0.447791        0.398296
     447        0.000100        0.443994        0.399059
     448        0.000100        0.445210        0.397662
     449        0.000100        0.454972        0.401246
     450        0.000100        0.445051        0.396410
     451        0.000100        0.447801        0.397917
     452        0.000100        0.450687        0.401805
     453        0.000100        0.459500        0.402884
     454        0.000100        0.449147        0.397331
     455        0.000100        0.457262        0.411434
     456        0.000100        0.455569        0.398503
     457        0.000100        0.445834        0.395698
     458        0.000100        0.449679        0.397526
     459        0.000100        0.450951        0.397628
     460        0.000100        0.463185        0.404520
     461        0.000100        0.452405        0.399707
     462        0.000100        0.452500        0.399443
     463        0.000100        0.450456        0.396719
     464        0.000100        0.451249        0.397234
     465        0.000100        0.451605        0.396625
     466        0.000100        0.449869        0.398179
     467        0.000100        0.450560        0.396635
     468        0.000100        0.464283        0.402210
     469        0.000100        0.453963        0.401927
     470        0.000100        0.453208        0.396656
     471        0.000100        0.452853        0.397667
     472        0.000100        0.456671        0.397686
     473        0.000100        0.454512        0.398607
     474        0.000100        0.453537        0.400294
     475        0.000100        0.473769        0.409190
     476        0.000100        0.456659        0.397193
     477        0.000100        0.453805        0.397592
     478        0.000100        0.462637        0.400010
     479        0.000100        0.457560        0.397263
     480        0.000100        0.462859        0.409227
     481        0.000100        0.460235        0.401223
     482        0.000100        0.457140        0.397883
     483        0.000100        0.470087        0.403184
     484        0.000100        0.461400        0.400503
     485        0.000100        0.458639        0.399164
     486        0.000100        0.465070        0.398276
     487        0.000100        0.464400        0.399267
     488        0.000100        0.460861        0.397280
     489        0.000100        0.465936        0.399028
     490        0.000100        0.456350        0.396871
     491        0.000100        0.462106        0.396672
     492        0.000100        0.468738        0.401070
     493        0.000100        0.478950        0.406850
     494        0.000100        0.470832        0.403660
     495        0.000100        0.462707        0.398827
     496        0.000100        0.461077        0.401437
     497        0.000100        0.464411        0.397782
     498        0.000100        0.461364        0.397050
     499        0.000100        0.463492        0.398874
     500        0.000100        0.462002        0.396995
     501        0.000100        0.468593        0.399800
     502        0.000100        0.464933        0.402462
     503        0.000100        0.463696        0.398545
     504        0.000100        0.474353        0.407738
     505        0.000100        0.483800        0.406790
     506        0.000100        0.466930        0.398992
     507        0.000100        0.474331        0.399461
     508        0.000100        0.468833        0.397039
     509        0.000100        0.465190        0.397652
     510        0.000100        0.469568        0.397996
     511        0.000100        0.471610        0.405264
     512        0.000100        0.470449        0.397716
     513        0.000100        0.475624        0.411325
     514        0.000100        0.469604        0.398643
     515        0.000100        0.469092        0.397123
     516        0.000100        0.469635        0.401926
     517        0.000100        0.470163        0.397357
     518        0.000100        0.479172        0.400614
     519        0.000100        0.468186        0.396472
     520        0.000100        0.470354        0.398353
     521        0.000100        0.473299        0.398594
     522        0.000100        0.497203        0.415975
     523        0.000100        0.478710        0.402559
     524        0.000100        0.473155        0.398472
     525        0.000100        0.482303        0.403367
     526        0.000100        0.474085        0.398553
     527        0.000100        0.475364        0.397738
     528        0.000100        0.501099        0.414944
     529        0.000100        0.485326        0.406061
     530        0.000100        0.472764        0.403272
     531        0.000100        0.480131        0.400930
     532        0.000100        0.483305        0.402766
     533        0.000100        0.479360        0.400813
     534        0.000100        0.470633        0.397690
     535        0.000100        0.476247        0.398703
     536        0.000100        0.480857        0.400292
     537        0.000100        0.474616        0.399044
     538        0.000100        0.475915        0.398212
     539        0.000100        0.476990        0.398164
     540        0.000100        0.476717        0.397970
     541        0.000100        0.481219        0.399118
     542        0.000100        0.475790        0.398594
     543        0.000100        0.479819        0.404115
     544        0.000100        0.478803        0.400161
     545        0.000100        0.503959        0.412249
     546        0.000100        0.484118        0.400656
     547        0.000100        0.478118        0.401006
     548        0.000100        0.476473        0.398921
     549        0.000100        0.479812        0.397904
     550        0.000100        0.478979        0.398240
     551        0.000100        0.481403        0.398240
     552        0.000100        0.486563        0.410601
     553        0.000100        0.480342        0.398160
     554        0.000100        0.480032        0.398462
     555        0.000100        0.483214        0.398401
     556        0.000100        0.482345        0.400080
     557        0.000100        0.486595        0.399494
     558        0.000100        0.486660        0.400163
     559        0.000100        0.484527        0.399142
     560        0.000100        0.480545        0.398276
     561        0.000100        0.478533        0.397707
     562        0.000100        0.491836        0.403150
     563        0.000100        0.488368        0.400960
     564        0.000100        0.486842        0.404788
     565        0.000100        0.493129        0.404051
     566        0.000100        0.497284        0.407336
     567        0.000100        0.491863        0.402067
     568        0.000100        0.490189        0.401119
     569        0.000100        0.488454        0.399356
     570        0.000100        0.483266        0.398183
     571        0.000100        0.487179        0.399817
     572        0.000100        0.484528        0.398392
     573        0.000100        0.489913        0.398572
     574        0.000100        0.483627        0.397423
     575        0.000100        0.491289        0.400388
     576        0.000100        0.492748        0.402387
     577        0.000100        0.484830        0.401410
     578        0.000100        0.486823        0.398716
     579        0.000100        0.495038        0.401599
     580        0.000100        0.486528        0.399175
     581        0.000100        0.485581        0.399446
     582        0.000100        0.493202        0.411186
     583        0.000100        0.488507        0.399446
     584        0.000100        0.505239        0.408121
     585        0.000100        0.487519        0.397923
     586        0.000100        0.491167        0.399228
     587        0.000100        0.488941        0.398735
     588        0.000100        0.487208        0.398876
     589        0.000100        0.488922        0.398462
     590        0.000100        0.494545        0.400890
     591        0.000100        0.489345        0.399570
     592        0.000100        0.491299        0.400094
     593        0.000100        0.488327        0.398972
     594        0.000100        0.497833        0.402651
     595        0.000100        0.490781        0.398330
     596        0.000100        0.491585        0.399170
     597        0.000100        0.492587        0.400280
     598        0.000100        0.495126        0.399374
     599        0.000100        0.490957        0.400338
     600        0.000100        0.493603        0.399228
     601        0.000100        0.494624        0.399704
     602        0.000100        0.491781        0.401678
     603        0.000100        0.499790        0.411801
     604        0.000100        0.494438        0.398960
     605        0.000100        0.493828        0.399978
     606        0.000100        0.492276        0.400136
     607        0.000100        0.495806        0.400887
     608        0.000100        0.492174        0.399907
     609        0.000100        0.504090        0.405178
     610        0.000100        0.498678        0.409448
     611        0.000100        0.494267        0.401622
     612        0.000100        0.492407        0.399191
     613        0.000100        0.495720        0.399396
     614        0.000100        0.495249        0.399107
     615        0.000100        0.511178        0.408345
     616        0.000100        0.492977        0.398294
     617        0.000100        0.495436        0.398556
     618        0.000100        0.516594        0.413035
     619        0.000100        0.499677        0.400843
     620        0.000100        0.497963        0.400188
     621        0.000100        0.498460        0.400151
     622        0.000100        0.498725        0.400699
     623        0.000100        0.498611        0.399794
     624        0.000100        0.499334        0.400053
     625        0.000100        0.496973        0.401854
     626        0.000100        0.503313        0.401161
     627        0.000100        0.498837        0.399982
     628        0.000100        0.496567        0.400321
     629        0.000100        0.510218        0.406275
     630        0.000100        0.502727        0.401854
     631        0.000100        0.501330        0.403884
     632        0.000100        0.502837        0.402380
     633        0.000100        0.501849        0.400498
     634        0.000100        0.501085        0.400157
     635        0.000100        0.502230        0.400908
     636        0.000100        0.500048        0.400077
     637        0.000100        0.497538        0.399083
     638        0.000100        0.505295        0.404118
     639        0.000100        0.501321        0.400720
     640        0.000100        0.498001        0.401170
     641        0.000100        0.502397        0.400654
     642        0.000100        0.497290        0.402221
     643        0.000100        0.515080        0.406775
     644        0.000100        0.502854        0.401111
     645        0.000100        0.503427        0.406469
     646        0.000100        0.503323        0.400329
     647        0.000100        0.501837        0.399977
     648        0.000100        0.500639        0.402567
     649        0.000100        0.509442        0.403938
     650        0.000100        0.506773        0.411758
     651        0.000100        0.506746        0.401458
     652        0.000100        0.508925        0.405047
     653        0.000100        0.511238        0.405593
     654        0.000100        0.501074        0.399915
     655        0.000100        0.506579        0.406738
     656        0.000100        0.505101        0.400361
     657        0.000100        0.503028        0.400934
     658        0.000100        0.503558        0.400078
     659        0.000100        0.510317        0.404065
     660        0.000100        0.517675        0.408054
     661        0.000100        0.511144        0.404450
     662        0.000100        0.505104        0.401417
     663        0.000100        0.519660        0.407927
     664        0.000100        0.506014        0.401601
     665        0.000100        0.517202        0.407009
     666        0.000100        0.512809        0.403420
     667        0.000100        0.505339        0.400844
     668        0.000100        0.514980        0.405036
     669        0.000100        0.520671        0.407686
     670        0.000100        0.505859        0.403489
     671        0.000100        0.506028        0.402702
     672        0.000100        0.519354        0.408622
     673        0.000100        0.521440        0.410325
     674        0.000100        0.508396        0.402857
     675        0.000100        0.507281        0.403112
     676        0.000100        0.511603        0.402347
     677        0.000100        0.506633        0.402042
     678        0.000100        0.515601        0.405501
     679        0.000100        0.513696        0.402910
     680        0.000100        0.510081        0.401488
     681        0.000100        0.512666        0.402014
     682        0.000100        0.509282        0.402731
     683        0.000100        0.509693        0.402863
     684        0.000100        0.513040        0.402164
     685        0.000100        0.518314        0.404461
     686        0.000100        0.509022        0.403144
     687        0.000100        0.511193        0.402114
     688        0.000100        0.514646        0.410100
     689        0.000100        0.513030        0.402243
     690        0.000100        0.511536        0.404951
     691        0.000100        0.516474        0.403965
     692        0.000100        0.512087        0.402590
     693        0.000100        0.522358        0.417859
     694        0.000100        0.512182        0.407626
     695        0.000100        0.514710        0.402472
     696        0.000100        0.514337        0.402584
     697        0.000100        0.517101        0.403884
     698        0.000100        0.513506        0.406548
     699        0.000100        0.535231        0.414199
     700        0.000100        0.520588        0.405920
     701        0.000100        0.519868        0.411335
     702        0.000100        0.522767        0.405265
     703        0.000100        0.514522        0.407241
     704        0.000100        0.529557        0.408705
     705        0.000100        0.518746        0.402709
     706        0.000100        0.514793        0.402734
     707        0.000100        0.517731        0.403255
     708        0.000100        0.526653        0.407193
     709        0.000100        0.518100        0.402411
     710        0.000100        0.521886        0.403985
     711        0.000100        0.516402        0.402264
     712        0.000100        0.520983        0.404054
     713        0.000100        0.516980        0.402705
     714        0.000100        0.522332        0.405964
     715        0.000100        0.528390        0.408321
     716        0.000100        0.518232        0.403189
     717        0.000100        0.528713        0.407711
     718        0.000100        0.520791        0.403318
     719        0.000100        0.517572        0.405658
     720        0.000100        0.521105        0.403746
     721        0.000100        0.522500        0.402972
     722        0.000100        0.518994        0.404708
     723        0.000100        0.522655        0.403846
     724        0.000100        0.519978        0.405011
     725        0.000100        0.539369        0.415316
     726        0.000100        0.526262        0.405629
     727        0.000100        0.520018        0.403631
     728        0.000100        0.521908        0.408570
     729        0.000100        0.518039        0.405911
     730        0.000100        0.523092        0.403510
     731        0.000100        0.520511        0.404004
     732        0.000100        0.519300        0.404236
     733        0.000100        0.521640        0.404289
     734        0.000100        0.518742        0.403820
     735        0.000100        0.537809        0.428741
     736        0.000100        0.520819        0.408272
     737        0.000100        0.522726        0.405852
     738        0.000100        0.518330        0.405804
     739        0.000100        0.525756        0.405848
     740        0.000100        0.520486        0.404761
     741        0.000100        0.529817        0.408087
     742        0.000100        0.518990        0.403621
     743        0.000100        0.523983        0.404367
     744        0.000100        0.524374        0.405371
     745        0.000100        0.525909        0.405195
     746        0.000100        0.521552        0.404476
     747        0.000100        0.524291        0.404976
     748        0.000100        0.523334        0.405537
     749        0.000100        0.524497        0.405763
     750        0.000100        0.523078        0.404736
     751        0.000100        0.524404        0.409256
     752        0.000100        0.526910        0.413157
     753        0.000100        0.532595        0.408169
     754        0.000100        0.528790        0.405342
     755        0.000100        0.544907        0.419063
     756        0.000100        0.551428        0.419205
     757        0.000100        0.525751        0.406340
     758        0.000050        0.540626        0.412663
     759        0.000050        0.529464        0.405948
     760        0.000050        0.526054        0.405588
     761        0.000050        0.527279        0.406541
     762        0.000050        0.531131        0.405754
     763        0.000050        0.540604        0.411817
     764        0.000050        0.523773        0.405466
     765        0.000050        0.525375        0.404464
     766        0.000050        0.526090        0.405299
     767        0.000050        0.529699        0.406171
     768        0.000050        0.531963        0.406448
     769        0.000050        0.527424        0.405049
     770        0.000050        0.526905        0.405510
     771        0.000050        0.527590        0.405000
     772        0.000050        0.534406        0.407938
     773        0.000050        0.527215        0.406750
     774        0.000050        0.527765        0.405905
     775        0.000050        0.526486        0.405169
     776        0.000050        0.526429        0.406124
     777        0.000050        0.527172        0.407249
     778        0.000050        0.529156        0.409846
     779        0.000050        0.528753        0.404918
     780        0.000050        0.528180        0.405609
     781        0.000050        0.531072        0.405526
     782        0.000050        0.528710        0.405735
     783        0.000050        0.534260        0.407564
     784        0.000050        0.525128        0.406113
     785        0.000050        0.537255        0.408942
     786        0.000050        0.529237        0.405550
     787        0.000050        0.530711        0.405682
     788        0.000050        0.527933        0.405463
     789        0.000050        0.526841        0.405666
     790        0.000050        0.529688        0.406322
     791        0.000050        0.530471        0.405172
     792        0.000050        0.531642        0.405821
     793        0.000050        0.529228        0.409855
     794        0.000050        0.530601        0.405587
     795        0.000050        0.528255        0.405596
     796        0.000050        0.532062        0.405882
     797        0.000050        0.529714        0.405245
     798        0.000050        0.530908        0.405589
     799        0.000050        0.530514        0.406158
     800        0.000050        0.529128        0.405321
     801        0.000050        0.531085        0.405392
     802        0.000050        0.534523        0.407033
     803        0.000050        0.528268        0.405606
     804        0.000050        0.531451        0.405255
     805        0.000050        0.530782        0.405837
     806        0.000050        0.531176        0.406049
     807        0.000050        0.530030        0.405543
     808        0.000050        0.532089        0.405653
     809        0.000050        0.530638        0.406671
     810        0.000050        0.531344        0.409696
     811        0.000050        0.531598        0.406094
     812        0.000050        0.533395        0.405551
     813        0.000050        0.529808        0.406269
     814        0.000050        0.533900        0.406334
     815        0.000050        0.532177        0.406375
     816        0.000050        0.531829        0.405903
     817        0.000050        0.532368        0.405850
     818        0.000050        0.532979        0.407142
     819        0.000050        0.534083        0.405946
     820        0.000050        0.535014        0.406766
     821        0.000050        0.539742        0.408907
     822        0.000050        0.543481        0.410539
     823        0.000050        0.545022        0.411025
     824        0.000050        0.533237        0.405920
     825        0.000050        0.533749        0.406377
     826        0.000050        0.533030        0.406067
     827        0.000050        0.536962        0.406711
     828        0.000050        0.533646        0.406377
     829        0.000050        0.533178        0.406633
     830        0.000050        0.534477        0.406187
     831        0.000050        0.536120        0.406848
     832        0.000050        0.533138        0.407418
     833        0.000050        0.533635        0.406271
     834        0.000050        0.531247        0.406999
     835        0.000050        0.535406        0.406628
     836        0.000050        0.539714        0.408954
     837        0.000050        0.534653        0.406458
     838        0.000050        0.534137        0.406454
     839        0.000050        0.534510        0.406669
     840        0.000050        0.536624        0.407158
     841        0.000050        0.535964        0.407545
     842        0.000050        0.543162        0.410318
     843        0.000050        0.533046        0.406431
     844        0.000050        0.536173        0.406600
     845        0.000050        0.532662        0.407421
     846        0.000050        0.532898        0.408695
     847        0.000050        0.534012        0.407083
     848        0.000050        0.535254        0.406655
     849        0.000050        0.536084        0.407277
     850        0.000050        0.538735        0.407919
     851        0.000050        0.534035        0.407782
     852        0.000050        0.536123        0.406999
     853        0.000050        0.536107        0.406554
     854        0.000050        0.535080        0.407513
     855        0.000050        0.534444        0.407248
     856        0.000050        0.541106        0.408237
     857        0.000050        0.537098        0.406822
     858        0.000050        0.535475        0.407289
     859        0.000050        0.542517        0.408874
     860        0.000050        0.535129        0.410393
     861        0.000050        0.537356        0.406834
     862        0.000050        0.537620        0.407258
     863        0.000050        0.536240        0.408037
     864        0.000050        0.535445        0.407316
     865        0.000050        0.536194        0.407607
     866        0.000050        0.537708        0.413802
     867        0.000050        0.541292        0.409138
     868        0.000050        0.540513        0.408204
     869        0.000050        0.537727        0.407623
     870        0.000050        0.548438        0.412314
     871        0.000050        0.538254        0.407379
     872        0.000050        0.538449        0.407657
     873        0.000050        0.536235        0.407931
     874        0.000050        0.538116        0.407397
     875        0.000050        0.537371        0.409671
     876        0.000050        0.536476        0.407580
     877        0.000050        0.536139        0.407999
     878        0.000050        0.541679        0.409201
     879        0.000050        0.538346        0.407377
     880        0.000050        0.543934        0.409160
     881        0.000050        0.538259        0.407493
     882        0.000050        0.539437        0.407354
     883        0.000050        0.538447        0.407518
     884        0.000050        0.542974        0.407955
     885        0.000050        0.545061        0.408948
     886        0.000050        0.543399        0.409036
     887        0.000050        0.539303        0.407680
     888        0.000050        0.540222        0.407864
     889        0.000050        0.538228        0.408474
     890        0.000050        0.539252        0.408077
     891        0.000050        0.540539        0.407895
     892        0.000050        0.541283        0.408193
     893        0.000050        0.545217        0.409970
     894        0.000050        0.540826        0.408177
     895        0.000050        0.550918        0.412725
     896        0.000050        0.540370        0.407752
     897        0.000050        0.541879        0.407626
     898        0.000050        0.539678        0.410120
     899        0.000050        0.542771        0.408743
     900        0.000050        0.552122        0.413400
     901        0.000050        0.541695        0.409923
     902        0.000050        0.544045        0.408671
     903        0.000050        0.542803        0.408072
     904        0.000050        0.544338        0.408675
     905        0.000050        0.541566        0.408091
     906        0.000050        0.542177        0.408151
     907        0.000050        0.541176        0.407851
     908        0.000050        0.540509        0.408645
     909        0.000050        0.543971        0.408406
     910        0.000050        0.541766        0.409378
     911        0.000050        0.541524        0.407911
     912        0.000050        0.541055        0.408113
     913        0.000050        0.541000        0.409180
     914        0.000050        0.548791        0.410793
     915        0.000050        0.543599        0.408394
     916        0.000050        0.541383        0.408954
     917        0.000050        0.541251        0.408250
     918        0.000050        0.545392        0.409304
     919        0.000050        0.544177        0.408853
     920        0.000050        0.545249        0.409207
     921        0.000050        0.543554        0.409625
     922        0.000050        0.542663        0.408264
     923        0.000050        0.541826        0.408490
     924        0.000050        0.544545        0.408707
     925        0.000050        0.544381        0.409392
     926        0.000050        0.542609        0.409616
     927        0.000050        0.561970        0.417709
     928        0.000050        0.543302        0.410254
     929        0.000050        0.547324        0.409563
     930        0.000050        0.550768        0.411487
     931        0.000050        0.543013        0.409770
     932        0.000050        0.548241        0.410106
     933        0.000050        0.543477        0.412102
     934        0.000050        0.543309        0.412428
     935        0.000050        0.543124        0.408885
     936        0.000050        0.543385        0.409876
     937        0.000050        0.546279        0.409743
     938        0.000050        0.545201        0.408605
     939        0.000050        0.543939        0.411319
     940        0.000050        0.543465        0.408559
     941        0.000050        0.543429        0.408970
     942        0.000050        0.548273        0.410177
     943        0.000050        0.549758        0.410601
     944        0.000050        0.544617        0.409471
     945        0.000050        0.547443        0.409556
     946        0.000050        0.542912        0.410883
     947        0.000050        0.552862        0.410976
     948        0.000050        0.547264        0.409623
     949        0.000050        0.546906        0.409603
     950        0.000050        0.548269        0.409712
     951        0.000050        0.545258        0.408886
     952        0.000050        0.548424        0.410240
     953        0.000050        0.545964        0.410344
     954        0.000050        0.548287        0.409765
     955        0.000050        0.547764        0.409517
     956        0.000050        0.547346        0.409436
     957        0.000050        0.547183        0.409866
     958        0.000050        0.548881        0.409741
     959        0.000050        0.544720        0.410908
     960        0.000050        0.545958        0.410702
     961        0.000050        0.555557        0.413064
     962        0.000050        0.547174        0.410159
     963        0.000050        0.547740        0.409677
     964        0.000050        0.549846        0.409837
     965        0.000050        0.547010        0.409412
     966        0.000050        0.549379        0.409783
     967        0.000050        0.547048        0.409252
     968        0.000050        0.547283        0.411582
     969        0.000050        0.557114        0.414810
     970        0.000050        0.545070        0.410173
     971        0.000050        0.545447        0.410595
     972        0.000050        0.547642        0.412690
     973        0.000050        0.548927        0.410853
     974        0.000050        0.548837        0.414533
     975        0.000050        0.546992        0.409714
     976        0.000050        0.553307        0.411566
     977        0.000050        0.547770        0.412982
     978        0.000050        0.548162        0.409955
     979        0.000050        0.547624        0.410447
     980        0.000050        0.549768        0.410056
     981        0.000050        0.550166        0.410217
     982        0.000050        0.547887        0.411408
     983        0.000050        0.548219        0.410510
     984        0.000050        0.548067        0.413865
     985        0.000050        0.549114        0.410506
     986        0.000050        0.550663        0.409715
     987        0.000050        0.556162        0.412904
     988        0.000050        0.553664        0.410970
     989        0.000050        0.549045        0.410615
     990        0.000050        0.549620        0.410136
     991        0.000050        0.549643        0.410616
     992        0.000050        0.549416        0.410741
     993        0.000050        0.552602        0.410799
     994        0.000050        0.550755        0.411108
     995        0.000050        0.548972        0.411986
     996        0.000050        0.550846        0.411247
     997        0.000050        0.554565        0.411312
     998        0.000050        0.551443        0.411156
     999        0.000050        0.551721        0.414896
    1000        0.000050        0.552489        0.410766
    1001        0.000050        0.557333        0.412429
    1002        0.000050        0.555642        0.412143
    1003        0.000050        0.550739        0.411227
    1004        0.000050        0.553875        0.411610
    1005        0.000050        0.549708        0.410562
    1006        0.000050        0.552450        0.410745
    1007        0.000050        0.550774        0.411519
    1008        0.000050        0.552786        0.411397
    1009        0.000050        0.551949        0.410407
    1010        0.000050        0.551096        0.410894
    1011        0.000050        0.556365        0.411974
    1012        0.000050        0.555354        0.411801
    1013        0.000050        0.552026        0.410339
    1014        0.000050        0.553589        0.411104
    1015        0.000050        0.559913        0.414058
    1016        0.000050        0.553068        0.410914
    1017        0.000050        0.552933        0.410517
    1018        0.000050        0.551570        0.411563
    1019        0.000050        0.552612        0.414475
    1020        0.000050        0.555564        0.411260
    1021        0.000050        0.551664        0.413997
    1022        0.000050        0.557512        0.412266
    1023        0.000050        0.553694        0.411134
    1024        0.000050        0.552165        0.413257
    1025        0.000050        0.551708        0.410533
    1026        0.000050        0.551699        0.412097
    1027        0.000050        0.551555        0.411099
    1028        0.000050        0.552478        0.410571
    1029        0.000050        0.552657        0.411688
    1030        0.000050        0.551916        0.413015
    1031        0.000050        0.556081        0.411713
    1032        0.000050        0.553468        0.411170
    1033        0.000050        0.555769        0.411721
    1034        0.000050        0.551246        0.411052
    1035        0.000050        0.552603        0.411896
    1036        0.000050        0.552294        0.411025
    1037        0.000050        0.552267        0.412514
    1038        0.000050        0.553747        0.410977
    1039        0.000050        0.553997        0.416136
    1040        0.000050        0.553289        0.413120
    1041        0.000050        0.554875        0.411192
    1042        0.000050        0.553254        0.411540
    1043        0.000050        0.554867        0.411293
    1044        0.000050        0.566114        0.415398
    1045        0.000050        0.568240        0.416885
    1046        0.000050        0.553132        0.411935
    1047        0.000050        0.555296        0.414590
    1048        0.000050        0.555977        0.411980
    1049        0.000050        0.554199        0.415371
    1050        0.000050        0.554159        0.412733
    1051        0.000050        0.554737        0.411399
    1052        0.000050        0.553472        0.411483
    1053        0.000050        0.554473        0.412390
    1054        0.000050        0.557040        0.412272
    1055        0.000050        0.556929        0.411743
    1056        0.000050        0.555561        0.411202
    1057        0.000050        0.555026        0.411668
    1058        0.000050        0.556038        0.411749
    1059        0.000025        0.556971        0.411465
    1060        0.000025        0.557038        0.411783
    1061        0.000025        0.556585        0.411622
    1062        0.000025        0.556879        0.411485
    1063        0.000025        0.554605        0.412896
    1064        0.000025        0.556042        0.411744
    1065        0.000025        0.555612        0.411773
    1066        0.000025        0.553881        0.411808
    1067        0.000025        0.555026        0.411306
    1068        0.000025        0.555335        0.411389
    1069        0.000025        0.554238        0.411685
    1070        0.000025        0.556582        0.411816
    1071        0.000025        0.556783        0.411559
    1072        0.000025        0.555439        0.411535
    1073        0.000025        0.558144        0.412076
    1074        0.000025        0.554646        0.411600
    1075        0.000025        0.556280        0.412347
    1076        0.000025        0.561187        0.413074
    1077        0.000025        0.557049        0.411817
    1078        0.000025        0.559434        0.412660
    1079        0.000025        0.555505        0.412776
    1080        0.000025        0.555653        0.411844
    1081        0.000025        0.556250        0.411943
    1082        0.000025        0.556790        0.414496
    1083        0.000025        0.556360        0.413288
    1084        0.000025        0.556284        0.413526
    1085        0.000025        0.558641        0.412034
    1086        0.000025        0.556610        0.411957
    1087        0.000025        0.558987        0.412572
    1088        0.000025        0.556821        0.412467
    1089        0.000025        0.557231        0.412227
    1090        0.000025        0.560116        0.412764
    1091        0.000025        0.560813        0.412977
    1092        0.000025        0.557635        0.411996
    1093        0.000025        0.556618        0.413160
    1094        0.000025        0.556684        0.412414
    1095        0.000025        0.556365        0.413925
    1096        0.000025        0.557974        0.412364
    1097        0.000025        0.558262        0.412112
    1098        0.000025        0.560178        0.412503
    1099        0.000025        0.558767        0.412270
    1100        0.000025        0.560443        0.412623
    1101        0.000025        0.559251        0.412422
    1102        0.000025        0.558830        0.412413
    1103        0.000025        0.557569        0.412482
    1104        0.000025        0.558755        0.412483
    1105        0.000025        0.557915        0.412293
    1106        0.000025        0.558349        0.412308
    1107        0.000025        0.559885        0.412306
    1108        0.000025        0.557321        0.412354
    1109        0.000025        0.557424        0.414909
    1110        0.000025        0.559828        0.412421
    1111        0.000025        0.559465        0.412317
    1112        0.000025        0.560344        0.412883
    1113        0.000025        0.560718        0.412522
    1114        0.000025        0.559765        0.412545
    1115        0.000025        0.558118        0.413237
    1116        0.000025        0.557642        0.412851
    1117        0.000025        0.557371        0.412763
    1118        0.000025        0.562047        0.413359
    1119        0.000025        0.558778        0.412360
    1120        0.000025        0.559250        0.412678
    1121        0.000025        0.559842        0.412760
    1122        0.000025        0.558855        0.413566
    1123        0.000025        0.561114        0.412694
    1124        0.000025        0.560399        0.412576
    1125        0.000025        0.562496        0.413333
    1126        0.000025        0.561013        0.412831
    1127        0.000025        0.560456        0.412738
    1128        0.000025        0.561210        0.413063
    1129        0.000025        0.562053        0.413309
    1130        0.000025        0.565774        0.415026
    1131        0.000025        0.561923        0.413110
    1132        0.000025        0.561103        0.412918
    1133        0.000025        0.559335        0.412750
    1134        0.000025        0.561274        0.412855
    1135        0.000025        0.560487        0.412846
    1136        0.000025        0.560308        0.414647
    1137        0.000025        0.564291        0.414049
    1138        0.000025        0.561103        0.412825
    1139        0.000025        0.560415        0.412889
    1140        0.000025        0.563293        0.413559
    1141        0.000025        0.559599        0.413274
    1142        0.000025        0.559436        0.413263
    1143        0.000025        0.560646        0.412498
    1144        0.000025        0.559162        0.412875
    1145        0.000025        0.560342        0.413194
    1146        0.000025        0.560635        0.412818
    1147        0.000025        0.559845        0.412900
    1148        0.000025        0.560424        0.412852
    1149        0.000025        0.561435        0.413134
    1150        0.000025        0.559599        0.412766
    1151        0.000025        0.560232        0.412542
    1152        0.000025        0.560795        0.412821
    1153        0.000025        0.559516        0.413082
    1154        0.000025        0.562592        0.413801
    1155        0.000025        0.568878        0.416120
    1156        0.000025        0.562137        0.413013
    1157        0.000025        0.561165        0.413062
    1158        0.000025        0.560741        0.413203
    1159        0.000025        0.563717        0.413823
    1160        0.000025        0.560346        0.414402
    1161        0.000025        0.561587        0.412884
    1162        0.000025        0.560889        0.413142
    1163        0.000025        0.561379        0.413035
    1164        0.000025        0.561124        0.413096
    1165        0.000025        0.563789        0.413365
    1166        0.000025        0.562740        0.413346
    1167        0.000025        0.561979        0.413321
    1168        0.000025        0.562133        0.417348
    1169        0.000025        0.563430        0.413478
    1170        0.000025        0.565049        0.413951
    1171        0.000025        0.560126        0.413562
    1172        0.000025        0.560553        0.414139
    1173        0.000025        0.562523        0.413368
    1174        0.000025        0.561293        0.415145
    1175        0.000025        0.562711        0.413005
    1176        0.000025        0.562788        0.413330
    1177        0.000025        0.561652        0.413853
    1178        0.000025        0.561746        0.413679
    1179        0.000025        0.562633        0.413173
    1180        0.000025        0.561726        0.413226
    1181        0.000025        0.561935        0.413749
    1182        0.000025        0.563278        0.413265
    1183        0.000025        0.563255        0.413122
    1184        0.000025        0.563244        0.414098
    1185        0.000025        0.562448        0.413766
    1186        0.000025        0.564398        0.413478
    1187        0.000025        0.563018        0.413376
    1188        0.000025        0.562146        0.413691
    1189        0.000025        0.563767        0.413726
    1190        0.000025        0.562681        0.413814
    1191        0.000025        0.561918        0.413609
    1192        0.000025        0.561891        0.413775
    1193        0.000025        0.561510        0.413495
    1194        0.000025        0.562902        0.413219
    1195        0.000025        0.563407        0.413166
    1196        0.000025        0.563145        0.413543
    1197        0.000025        0.564273        0.413440
    1198        0.000025        0.562347        0.414071
    1199        0.000025        0.563368        0.413524
    1200        0.000025        0.564482        0.413637
    1201        0.000025        0.562540        0.414173
    1202        0.000025        0.561504        0.413535
    1203        0.000025        0.563633        0.413447
    1204        0.000025        0.562696        0.414016
    1205        0.000025        0.564285        0.413523
    1206        0.000025        0.567771        0.415085
    1207        0.000025        0.566483        0.414258
    1208        0.000025        0.564327        0.413871
    1209        0.000025        0.567543        0.415120
    1210        0.000025        0.562689        0.413741
    1211        0.000025        0.563686        0.413646
    1212        0.000025        0.563322        0.413650
    1213        0.000025        0.566811        0.414213
    1214        0.000025        0.562609        0.413978
    1215        0.000025        0.563418        0.414672
    1216        0.000025        0.564345        0.413497
    1217        0.000025        0.562380        0.414695
