       0        0.000100     5977.189489       76.828255
       1        0.000100     5717.560404       75.139961
       2        0.000100     5453.541621       73.375687
       3        0.000100     5181.076338       71.508430
       4        0.000100     4898.635958       69.518265
       5        0.000100     4603.908754       67.378273
       6        0.000100     4298.074364       65.082832
       7        0.000100     3983.335077       62.632416
       8        0.000100     3662.419157       60.030807
       9        0.000100     3338.883475       57.288235
      10        0.000100     3016.523670       54.418118
      11        0.000100     2699.210878       51.436539
      12        0.000100     2390.753916       48.361996
      13        0.000100     2094.768458       45.215382
      14        0.000100     1814.553921       42.019604
      15        0.000100     1552.989919       38.799496
      16        0.000100     1312.426487       35.581421
      17        0.000100     1094.607860       32.392921
      18        0.000100      900.614431       29.262243
      19        0.000100      730.834767       26.217661
      20        0.000100      584.966733       23.286818
      21        0.000100      462.061106       20.495806
      22        0.000100      360.599959       17.868269
      23        0.000100      278.606848       15.425170
      24        0.000100      213.786350       13.188690
      25        0.000100      163.676258       11.195943
      26        0.000100      125.791224        9.502934
      27        0.000100       97.760386        8.140005
      28        0.000100       77.430761        7.081654
      29        0.000100       62.936031        6.297823
      30        0.000100       52.728014        5.724329
      31        0.000100       45.575797        5.315002
      32        0.000100       40.539580        5.027059
      33        0.000100       36.928669        4.812217
      34        0.000100       34.253412        4.644975
      35        0.000100       32.179058        4.511692
      36        0.000100       30.483926        4.399639
      37        0.000100       29.025890        4.300582
      38        0.000100       27.716666        4.208227
      39        0.000100       26.503008        4.118832
      40        0.000100       25.353804        4.031336
      41        0.000100       24.251422        3.944604
      42        0.000100       23.186265        3.858114
      43        0.000100       22.153380        3.771498
      44        0.000100       21.150404        3.684777
      45        0.000100       20.176390        3.598311
      46        0.000100       19.231109        3.512197
      47        0.000100       18.314692        3.426363
      48        0.000100       17.427411        3.340808
      49        0.000100       16.569577        3.255808
      50        0.000100       15.741553        3.171566
      51        0.000100       14.943550        3.088088
      52        0.000100       14.175758        3.005621
      53        0.000100       13.438228        2.924258
      54        0.000100       12.730964        2.844007
      55        0.000100       12.053866        2.765253
      56        0.000100       11.406741        2.688225
      57        0.000100       10.789262        2.612652
      58        0.000100       10.201056        2.538674
      59        0.000100        9.641669        2.466495
      60        0.000100        9.110533        2.396454
      61        0.000100        8.607008        2.328233
      62        0.000100        8.130404        2.261974
      63        0.000100        7.679952        2.197481
      64        0.000100        7.254827        2.134620
      65        0.000100        6.854149        2.073847
      66        0.000100        6.477016        2.015545
      67        0.000100        6.122444        1.959177
      68        0.000100        5.789494        1.904971
      69        0.000100        5.477138        1.852715
      70        0.000100        5.184389        1.802593
      71        0.000100        4.910228        1.754815
      72        0.000100        4.653642        1.709164
      73        0.000100        4.413651        1.665295
      74        0.000100        4.189249        1.623059
      75        0.000100        3.979479        1.582542
      76        0.000100        3.783418        1.543727
      77        0.000100        3.600159        1.506355
      78        0.000100        3.428836        1.470515
      79        0.000100        3.268613        1.436067
      80        0.000100        3.118705        1.402837
      81        0.000100        2.978361        1.370812
      82        0.000100        2.846882        1.340050
      83        0.000100        2.723608        1.310364
      84        0.000100        2.607908        1.281743
      85        0.000100        2.499226        1.254122
      86        0.000100        2.397015        1.227501
      87        0.000100        2.300781        1.201868
      88        0.000100        2.210064        1.177106
      89        0.000100        2.124456        1.153225
      90        0.000100        2.043556        1.130127
      91        0.000100        1.967024        1.107744
      92        0.000100        1.894523        1.086022
      93        0.000100        1.825761        1.064880
      94        0.000100        1.760473        1.044358
      95        0.000100        1.698403        1.024408
      96        0.000100        1.639327        1.005013
      97        0.000100        1.583038        0.986206
      98        0.000100        1.529348        0.967886
      99        0.000100        1.478084        0.950094
     100        0.000100        1.429085        0.932777
     101        0.000100        1.382209        0.915978
     102        0.000100        1.337324        0.899639
     103        0.000100        1.294307        0.883771
     104        0.000100        1.253052        0.868388
     105        0.000100        1.213452        0.853439
     106        0.000100        1.175419        0.838842
     107        0.000100        1.138862        0.824556
     108        0.000100        1.103704        0.810597
     109        0.000100        1.069870        0.797001
     110        0.000100        1.037298        0.783735
     111        0.000100        1.005919        0.770740
     112        0.000100        0.975683        0.758044
     113        0.000100        0.946530        0.745672
     114        0.000100        0.918413        0.733572
     115        0.000100        0.891286        0.721732
     116        0.000100        0.865102        0.710139
     117        0.000100        0.839824        0.698771
     118        0.000100        0.815412        0.687653
     119        0.000100        0.791830        0.676769
     120        0.000100        0.769045        0.666120
     121        0.000100        0.747025        0.655711
     122        0.000100        0.725738        0.645563
     123        0.000100        0.705159        0.635639
     124        0.000100        0.685259        0.625929
     125        0.000100        0.666015        0.616459
     126        0.000100        0.647399        0.607166
     127        0.000100        0.629394        0.598082
     128        0.000100        0.611974        0.589171
     129        0.000100        0.595122        0.580409
     130        0.000100        0.578818        0.571811
     131        0.000100        0.563043        0.563359
     132        0.000100        0.547782        0.555059
     133        0.000100        0.533017        0.546930
     134        0.000100        0.518732        0.538958
     135        0.000100        0.504913        0.531136
     136        0.000100        0.491548        0.523461
     137        0.000100        0.478618        0.515939
     138        0.000100        0.466113        0.508561
     139        0.000100        0.454018        0.501313
     140        0.000100        0.442320        0.494234
     141        0.000100        0.431008        0.487313
     142        0.000100        0.420068        0.480512
     143        0.000100        0.409486        0.473860
     144        0.000100        0.399251        0.467342
     145        0.000100        0.389350        0.460961
     146        0.000100        0.379770        0.454690
     147        0.000100        0.370498        0.448538
     148        0.000100        0.361525        0.442515
     149        0.000100        0.352834        0.436600
     150        0.000100        0.344418        0.430803
     151        0.000100        0.336265        0.425156
     152        0.000100        0.328363        0.419647
     153        0.000100        0.320700        0.414244
     154        0.000100        0.313271        0.408955
     155        0.000100        0.306066        0.403775
     156        0.000100        0.299073        0.398693
     157        0.000100        0.292285        0.393707
     158        0.000100        0.285697        0.388814
     159        0.000100        0.279301        0.384044
     160        0.000100        0.273086        0.379378
     161        0.000100        0.267051        0.374825
     162        0.000100        0.261187        0.370373
     163        0.000100        0.255490        0.366033
     164        0.000100        0.249955        0.361810
     165        0.000100        0.244573        0.357672
     166        0.000100        0.239347        0.353615
     167        0.000100        0.234264        0.349633
     168        0.000100        0.229326        0.345728
     169        0.000100        0.224523        0.341902
     170        0.000100        0.219850        0.338172
     171        0.000100        0.215311        0.334510
     172        0.000100        0.210893        0.330908
     173        0.000100        0.206594        0.327392
     174        0.000100        0.202409        0.323968
     175        0.000100        0.198332        0.320606
     176        0.000100        0.194357        0.317321
     177        0.000100        0.190479        0.314102
     178        0.000100        0.186691        0.310944
     179        0.000100        0.182987        0.307834
     180        0.000100        0.179361        0.304766
     181        0.000100        0.175808        0.301735
     182        0.000100        0.172320        0.298747
     183        0.000100        0.168889        0.295784
     184        0.000100        0.165511        0.292843
     185        0.000100        0.162187        0.289914
     186        0.000100        0.158906        0.286980
     187        0.000100        0.155668        0.284053
     188        0.000100        0.152476        0.281145
     189        0.000100        0.149330        0.278250
     190        0.000100        0.146221        0.275347
     191        0.000100        0.143162        0.272458
     192        0.000100        0.140148        0.269572
     193        0.000100        0.137182        0.266699
     194        0.000100        0.134269        0.263841
     195        0.000100        0.131407        0.260998
     196        0.000100        0.128604        0.258186
     197        0.000100        0.125854        0.255385
     198        0.000100        0.123161        0.252610
     199        0.000100        0.120524        0.249863
     200        0.000100        0.117942        0.247136
     201        0.000100        0.115418        0.244441
     202        0.000100        0.112946        0.241779
     203        0.000100        0.110531        0.239160
     204        0.000100        0.108167        0.236571
     205        0.000100        0.105853        0.234004
     206        0.000100        0.103592        0.231467
     207        0.000100        0.101380        0.228960
     208        0.000100        0.099215        0.226479
     209        0.000100        0.097099        0.224027
     210        0.000100        0.095029        0.221598
     211        0.000100        0.093004        0.219194
     212        0.000100        0.091026        0.216821
     213        0.000100        0.089092        0.214480
     214        0.000100        0.087204        0.212182
     215        0.000100        0.085360        0.209915
     216        0.000100        0.083560        0.207681
     217        0.000100        0.081804        0.205491
     218        0.000100        0.080092        0.203334
     219        0.000100        0.078422        0.201209
     220        0.000100        0.076794        0.199122
     221        0.000100        0.075206        0.197065
     222        0.000100        0.073657        0.195036
     223        0.000100        0.072146        0.193033
     224        0.000100        0.070671        0.191056
     225        0.000100        0.069230        0.189104
     226        0.000100        0.067821        0.187172
     227        0.000100        0.066442        0.185268
     228        0.000100        0.065093        0.183388
     229        0.000100        0.063772        0.181524
     230        0.000100        0.062477        0.179675
     231        0.000100        0.061208        0.177842
     232        0.000100        0.059964        0.176024
     233        0.000100        0.058745        0.174220
     234        0.000100        0.057549        0.172433
     235        0.000100        0.056377        0.170661
     236        0.000100        0.055228        0.168904
     237        0.000100        0.054101        0.167166
     238        0.000100        0.052998        0.165442
     239        0.000100        0.051916        0.163729
     240        0.000100        0.050857        0.162029
     241        0.000100        0.049820        0.160345
     242        0.000100        0.048804        0.158680
     243        0.000100        0.047810        0.157034
     244        0.000100        0.046838        0.155405
     245        0.000100        0.045886        0.153800
     246        0.000100        0.044956        0.152211
     247        0.000100        0.044046        0.150640
     248        0.000100        0.043157        0.149088
     249        0.000100        0.042290        0.147558
     250        0.000100        0.041443        0.146045
     251        0.000100        0.040616        0.144551
     252        0.000100        0.039811        0.143076
     253        0.000100        0.039025        0.141621
     254        0.000100        0.038260        0.140185
     255        0.000100        0.037515        0.138770
     256        0.000100        0.036790        0.137377
     257        0.000100        0.036084        0.136009
     258        0.000100        0.035396        0.134660
     259        0.000100        0.034727        0.133332
     260        0.000100        0.034076        0.132025
     261        0.000100        0.033441        0.130734
     262        0.000100        0.032824        0.129460
     263        0.000100        0.032222        0.128203
     264        0.000100        0.031635        0.126960
     265        0.000100        0.031063        0.125732
     266        0.000100        0.030506        0.124522
     267        0.000100        0.029962        0.123320
     268        0.000100        0.029431        0.122125
     269        0.000100        0.028913        0.120945
     270        0.000100        0.028408        0.119779
     271        0.000100        0.027915        0.118620
     272        0.000100        0.027433        0.117469
     273        0.000100        0.026964        0.116333
     274        0.000100        0.026506        0.115205
     275        0.000100        0.026058        0.114086
     276        0.000100        0.025622        0.112979
     277        0.000100        0.025196        0.111885
     278        0.000100        0.024781        0.110805
     279        0.000100        0.024375        0.109735
     280        0.000100        0.023981        0.108683
     281        0.000100        0.023596        0.107636
     282        0.000100        0.023222        0.106609
     283        0.000100        0.022856        0.105592
     284        0.000100        0.022501        0.104594
     285        0.000100        0.022156        0.103618
     286        0.000100        0.021821        0.102659
     287        0.000100        0.021495        0.101716
     288        0.000100        0.021180        0.100795
     289        0.000100        0.020875        0.099892
     290        0.000100        0.020579        0.099010
     291        0.000100        0.020294        0.098153
     292        0.000100        0.020018        0.097317
     293        0.000100        0.019751        0.096505
     294        0.000100        0.019494        0.095717
     295        0.000100        0.019247        0.094957
     296        0.000100        0.019008        0.094222
     297        0.000100        0.018778        0.093515
     298        0.000100        0.018556        0.092833
     299        0.000100        0.018343        0.092172
     300        0.000100        0.018136        0.091535
     301        0.000100        0.017937        0.090917
     302        0.000100        0.017745        0.090316
     303        0.000100        0.017559        0.089730
     304        0.000100        0.017379        0.089162
     305        0.000100        0.017204        0.088609
     306        0.000100        0.017034        0.088070
     307        0.000100        0.016870        0.087544
     308        0.000100        0.016710        0.087028
     309        0.000100        0.016554        0.086526
     310        0.000100        0.016402        0.086038
     311        0.000100        0.016254        0.085560
     312        0.000100        0.016110        0.085092
     313        0.000100        0.015969        0.084634
     314        0.000100        0.015832        0.084191
     315        0.000100        0.015699        0.083760
     316        0.000100        0.015568        0.083332
     317        0.000100        0.015441        0.082921
     318        0.000100        0.015316        0.082516
     319        0.000100        0.015194        0.082123
     320        0.000100        0.015075        0.081742
     321        0.000100        0.014960        0.081373
     322        0.000100        0.014846        0.081009
     323        0.000100        0.014735        0.080654
     324        0.000100        0.014626        0.080310
     325        0.000100        0.014520        0.079974
     326        0.000100        0.014415        0.079645
     327        0.000100        0.014313        0.079324
     328        0.000100        0.014212        0.079005
     329        0.000100        0.014115        0.078697
     330        0.000100        0.014021        0.078392
     331        0.000100        0.013931        0.078093
     332        0.000100        0.013848        0.077809
     333        0.000100        0.013766        0.077528
     334        0.000100        0.013676        0.077248
     335        0.000100        0.013570        0.076948
     336        0.000100        0.013454        0.076646
     337        0.000100        0.013358        0.076362
     338        0.000100        0.013301        0.076120
     339        0.000100        0.013245        0.075890
     340        0.000100        0.013173        0.075640
     341        0.000100        0.013089        0.075386
     342        0.000100        0.013005        0.075123
     343        0.000100        0.012927        0.074882
     344        0.000100        0.012852        0.074632
     345        0.000100        0.012786        0.074428
     346        0.000100        0.012710        0.074152
     347        0.000100        0.012650        0.073987
     348        0.000100        0.012571        0.073691
     349        0.000100        0.012513        0.073533
     350        0.000100        0.012439        0.073259
     351        0.000100        0.012381        0.073087
     352        0.000100        0.012315        0.072855
     353        0.000100        0.012255        0.072653
     354        0.000100        0.012198        0.072456
     355        0.000100        0.012138        0.072247
     356        0.000100        0.012085        0.072068
     357        0.000100        0.012026        0.071855
     358        0.000100        0.011974        0.071689
     359        0.000100        0.011915        0.071468
     360        0.000100        0.011866        0.071316
     361        0.000100        0.011811        0.071104
     362        0.000100        0.011767        0.070956
     363        0.000100        0.011718        0.070752
     364        0.000100        0.011680        0.070612
     365        0.000100        0.011636        0.070429
     366        0.000100        0.011587        0.070260
     367        0.000100        0.011528        0.070078
     368        0.000100        0.011460        0.069864
     369        0.000100        0.011408        0.069727
     370        0.000100        0.011367        0.069497
     371        0.000100        0.011365        0.069496
     372        0.000100        0.011328        0.069243
     373        0.000100        0.011287        0.069154
     374        0.000100        0.011227        0.068941
     375        0.000100        0.011174        0.068731
     376        0.000100        0.011146        0.068687
     377        0.000100        0.011096        0.068422
     378        0.000100        0.011069        0.068362
     379        0.000100        0.011027        0.068168
     380        0.000100        0.010987        0.068006
     381        0.000100        0.010954        0.067911
     382        0.000100        0.010906        0.067686
     383        0.000100        0.010877        0.067612
     384        0.000100        0.010835        0.067423
     385        0.000100        0.010800        0.067286
     386        0.000100        0.010770        0.067188
     387        0.000100        0.010730        0.066988
     388        0.000100        0.010704        0.066924
     389        0.000100        0.010663        0.066730
     390        0.000100        0.010629        0.066613
     391        0.000100        0.010594        0.066495
     392        0.000100        0.010554        0.066309
     393        0.000100        0.010529        0.066253
     394        0.000100        0.010493        0.066052
     395        0.000100        0.010476        0.065983
     396        0.000100        0.010461        0.065869
     397        0.000100        0.010437        0.065722
     398        0.000100        0.010394        0.065634
     399        0.000100        0.010332        0.065391
     400        0.000100        0.010296        0.065312
     401        0.000100        0.010276        0.065183
     402        0.000100        0.010266        0.065088
     403        0.000100        0.010251        0.065013
     404        0.000100        0.010220        0.064832
     405        0.000100        0.010188        0.064752
     406        0.000100        0.010152        0.064579
     407        0.000100        0.010124        0.064477
     408        0.000100        0.010097        0.064349
     409        0.000100        0.010071        0.064209
     410        0.000100        0.010047        0.064121
     411        0.000100        0.010020        0.063961
     412        0.000100        0.009990        0.063866
     413        0.000100        0.009958        0.063715
     414        0.000100        0.009926        0.063598
     415        0.000100        0.009894        0.063468
     416        0.000100        0.009865        0.063343
     417        0.000100        0.009840        0.063244
     418        0.000100        0.009819        0.063124
     419        0.000100        0.009799        0.063038
     420        0.000100        0.009774        0.062904
     421        0.000100        0.009733        0.062796
     422        0.000100        0.009687        0.062623
     423        0.000100        0.009643        0.062517
     424        0.000100        0.009621        0.062384
     425        0.000100        0.009611        0.062336
     426        0.000100        0.009607        0.062224
     427        0.000100        0.009581        0.062143
     428        0.000100        0.009541        0.061988
     429        0.000100        0.009501        0.061879
     430        0.000100        0.009470        0.061747
     431        0.000100        0.009444        0.061655
     432        0.000100        0.009418        0.061543
     433        0.000100        0.009389        0.061432
     434        0.000100        0.009353        0.061301
     435        0.000100        0.009315        0.061172
     436        0.000100        0.009268        0.061021
     437        0.000100        0.009225        0.060883
     438        0.000100        0.009179        0.060745
     439        0.000100        0.009141        0.060615
     440        0.000100        0.009103        0.060494
     441        0.000100        0.009075        0.060382
     442        0.000100        0.009048        0.060278
     443        0.000100        0.009022        0.060174
     444        0.000100        0.008987        0.060069
     445        0.000100        0.008951        0.059953
     446        0.000100        0.008920        0.059861
     447        0.000100        0.008907        0.059790
     448        0.000100        0.008910        0.059753
     449        0.000100        0.008919        0.059716
     450        0.000100        0.008914        0.059663
     451        0.000100        0.008890        0.059575
     452        0.000100        0.008867        0.059492
     453        0.000100        0.008855        0.059422
     454        0.000100        0.008849        0.059375
     455        0.000100        0.008845        0.059315
     456        0.000100        0.008841        0.059266
     457        0.000100        0.008833        0.059197
     458        0.000100        0.008823        0.059139
     459        0.000100        0.008810        0.059061
     460        0.000100        0.008798        0.058997
     461        0.000100        0.008786        0.058915
     462        0.000100        0.008780        0.058863
     463        0.000100        0.008772        0.058789
     464        0.000100        0.008769        0.058738
     465        0.000100        0.008763        0.058668
     466        0.000100        0.008753        0.058601
     467        0.000100        0.008736        0.058516
     468        0.000100        0.008718        0.058436
     469        0.000100        0.008698        0.058350
     470        0.000100        0.008687        0.058273
     471        0.000100        0.008688        0.058219
     472        0.000100        0.008701        0.058170
     473        0.000100        0.008707        0.058116
     474        0.000100        0.008684        0.058022
     475        0.000100        0.008656        0.057938
     476        0.000100        0.008642        0.057859
     477        0.000100        0.008633        0.057801
     478        0.000100        0.008634        0.057729
     479        0.000100        0.008628        0.057679
     480        0.000100        0.008623        0.057587
     481        0.000100        0.008611        0.057542
     482        0.000100        0.008601        0.057436
     483        0.000100        0.008587        0.057399
     484        0.000100        0.008580        0.057287
     485        0.000100        0.008571        0.057258
     486        0.000100        0.008566        0.057149
     487        0.000100        0.008563        0.057124
     488        0.000100        0.008556        0.057039
     489        0.000100        0.008552        0.056958
     490        0.000100        0.008534        0.056941
     491        0.000100        0.008526        0.056755
     492        0.000100        0.008504        0.056825
     493        0.000100        0.008494        0.056594
     494        0.000100        0.008497        0.056677
     495        0.000100        0.008498        0.056542
     496        0.000100        0.008522        0.056497
     497        0.000100        0.008497        0.056461
     498        0.000100        0.008482        0.056279
     499        0.000100        0.008469        0.056368
     500        0.000100        0.008459        0.056185
     501        0.000100        0.008460        0.056222
     502        0.000100        0.008448        0.056102
     503        0.000100        0.008446        0.056032
     504        0.000100        0.008434        0.056002
     505        0.000100        0.008434        0.055858
     506        0.000100        0.008433        0.055902
     507        0.000100        0.008435        0.055745
     508        0.000100        0.008439        0.055798
     509        0.000100        0.008426        0.055679
     510        0.000100        0.008419        0.055647
     511        0.000100        0.008386        0.055623
     512        0.000100        0.008363        0.055434
     513        0.000100        0.008349        0.055488
     514        0.000100        0.008366        0.055268
     515        0.000100        0.008404        0.055368
     516        0.000100        0.008436        0.055223
     517        0.000100        0.008440        0.055261
     518        0.000100        0.008401        0.055188
     519        0.000100        0.008363        0.055141
     520        0.000100        0.008327        0.055128
     521        0.000100        0.008312        0.054983
     522        0.000100        0.008322        0.054921
     523        0.000100        0.008355        0.054858
     524        0.000100        0.008386        0.054853
     525        0.000100        0.008388        0.054815
     526        0.000100        0.008372        0.054766
     527        0.000100        0.008349        0.054695
     528        0.000100        0.008328        0.054636
     529        0.000100        0.008317        0.054585
     530        0.000100        0.008315        0.054539
     531        0.000100        0.008322        0.054495
     532        0.000100        0.008331        0.054461
     533        0.000100        0.008339        0.054426
     534        0.000100        0.008340        0.054385
     535        0.000100        0.008337        0.054339
     536        0.000100        0.008330        0.054295
     537        0.000100        0.008322        0.054250
     538        0.000100        0.008316        0.054204
     539        0.000100        0.008312        0.054162
     540        0.000100        0.008308        0.054116
     541        0.000100        0.008306        0.054064
     542        0.000100        0.008302        0.054004
     543        0.000100        0.008293        0.053939
     544        0.000100        0.008273        0.053859
     545        0.000100        0.008239        0.053769
     546        0.000100        0.008195        0.053656
     547        0.000100        0.008150        0.053538
     548        0.000100        0.008118        0.053424
     549        0.000100        0.008102        0.053312
     550        0.000100        0.008092        0.053205
     551        0.000100        0.008085        0.053109
     552        0.000100        0.008077        0.053032
     553        0.000100        0.008072        0.052979
     554        0.000100        0.008072        0.052943
     555        0.000100        0.008080        0.052916
     556        0.000100        0.008093        0.052899
     557        0.000100        0.008111        0.052890
     558        0.000100        0.008129        0.052886
     559        0.000100        0.008143        0.052885
     560        0.000100        0.008153        0.052886
     561        0.000100        0.008160        0.052891
     562        0.000100        0.008167        0.052897
     563        0.000100        0.008176        0.052900
     564        0.000100        0.008189        0.052906
     565        0.000100        0.008203        0.052898
     566        0.000100        0.008221        0.052903
     567        0.000100        0.008234        0.052891
     568        0.000100        0.008239        0.052886
     569        0.000100        0.008238        0.052876
     570        0.000100        0.008236        0.052882
     571        0.000100        0.008238        0.052865
     572        0.000100        0.008250        0.052868
     573        0.000100        0.008265        0.052820
     574        0.000100        0.008285        0.052806
     575        0.000100        0.008291        0.052744
     576        0.000100        0.008289        0.052729
     577        0.000100        0.008283        0.052714
     578        0.000100        0.008286        0.052712
     579        0.000100        0.008290        0.052682
     580        0.000100        0.008301        0.052645
     581        0.000100        0.008309        0.052598
     582        0.000100        0.008319        0.052559
     583        0.000100        0.008319        0.052512
     584        0.000100        0.008320        0.052485
     585        0.000100        0.008316        0.052450
     586        0.000100        0.008317        0.052421
     587        0.000100        0.008318        0.052375
     588        0.000100        0.008328        0.052334
     589        0.000100        0.008338        0.052284
     590        0.000100        0.008352        0.052233
     591        0.000100        0.008350        0.052173
     592        0.000100        0.008349        0.052142
     593        0.000100        0.008335        0.052114
     594        0.000100        0.008338        0.052089
     595        0.000100        0.008338        0.052067
     596        0.000100        0.008358        0.052001
     597        0.000100        0.008363        0.051951
     598        0.000100        0.008376        0.051871
     599        0.000100        0.008366        0.051844
     600        0.000100        0.008366        0.051800
     601        0.000100        0.008362        0.051804
     602        0.000100        0.008363        0.051760
     603        0.000100        0.008374        0.051725
     604        0.000100        0.008374        0.051688
     605        0.000100        0.008395        0.051603
     606        0.000100        0.008386        0.051630
     607        0.000100        0.008399        0.051506
     608        0.000100        0.008389        0.051576
     609        0.000100        0.008385        0.051470
     610        0.000100        0.008393        0.051489
     611        0.000100        0.008389        0.051459
     612        0.000100        0.008408        0.051373
     613        0.000100        0.008410        0.051405
     614        0.000100        0.008419        0.051260
     615        0.000100        0.008413        0.051313
     616        0.000100        0.008415        0.051234
     617        0.000100        0.008426        0.051303
     618        0.000100        0.008439        0.051256
     619        0.000100        0.008450        0.051209
     620        0.000100        0.008439        0.051161
     621        0.000100        0.008417        0.051069
     622        0.000100        0.008399        0.051118
     623        0.000100        0.008395        0.051016
     624        0.000100        0.008408        0.051058
     625        0.000100        0.008451        0.051003
     626        0.000100        0.008506        0.051043
     627        0.000100        0.008537        0.051029
     628        0.000100        0.008520        0.050995
     629        0.000100        0.008492        0.050925
     630        0.000100        0.008460        0.050878
     631        0.000100        0.008443        0.050832
     632        0.000100        0.008447        0.050796
     633        0.000100        0.008465        0.050801
     634        0.000100        0.008490        0.050805
     635        0.000100        0.008511        0.050808
     636        0.000100        0.008520        0.050791
     637        0.000100        0.008518        0.050756
     638        0.000100        0.008510        0.050716
     639        0.000100        0.008500        0.050676
     640        0.000100        0.008491        0.050650
     641        0.000100        0.008487        0.050628
     642        0.000100        0.008490        0.050616
     643        0.000100        0.008501        0.050602
     644        0.000100        0.008520        0.050598
     645        0.000100        0.008545        0.050603
     646        0.000100        0.008566        0.050599
     647        0.000100        0.008573        0.050572
     648        0.000100        0.008566        0.050529
     649        0.000100        0.008545        0.050471
     650        0.000100        0.008519        0.050429
     651        0.000100        0.008502        0.050413
     652        0.000100        0.008500        0.050401
     653        0.000100        0.008521        0.050406
     654        0.000100        0.008569        0.050455
     655        0.000100        0.008629        0.050523
     656        0.000100        0.008635        0.050494
     657        0.000100        0.008603        0.050374
     658        0.000100        0.008579        0.050275
     659        0.000100        0.008565        0.050232
     660        0.000100        0.008564        0.050226
     661        0.000100        0.008568        0.050221
     662        0.000100        0.008570        0.050203
     663        0.000100        0.008567        0.050159
     664        0.000100        0.008558        0.050098
     665        0.000100        0.008545        0.050022
     666        0.000100        0.008525        0.049939
     667        0.000100        0.008502        0.049846
     668        0.000100        0.008477        0.049742
     669        0.000100        0.008453        0.049623
     670        0.000100        0.008433        0.049496
     671        0.000100        0.008422        0.049373
     672        0.000100        0.008419        0.049264
     673        0.000100        0.008424        0.049170
     674        0.000100        0.008434        0.049095
     675        0.000100        0.008446        0.049045
     676        0.000100        0.008457        0.049006
     677        0.000100        0.008467        0.048975
     678        0.000100        0.008475        0.048957
     679        0.000100        0.008486        0.048944
     680        0.000100        0.008501        0.048945
     681        0.000100        0.008522        0.048951
     682        0.000100        0.008547        0.048963
     683        0.000100        0.008565        0.048970
     684        0.000100        0.008563        0.048966
     685        0.000100        0.008558        0.048987
     686        0.000100        0.008558        0.049032
     687        0.000100        0.008569        0.049083
     688        0.000100        0.008586        0.049128
     689        0.000100        0.008605        0.049164
     690        0.000100        0.008621        0.049195
     691        0.000100        0.008630        0.049231
     692        0.000100        0.008637        0.049283
     693        0.000100        0.008643        0.049351
     694        0.000100        0.008655        0.049410
     695        0.000100        0.008669        0.049479
     696        0.000100        0.008689        0.049521
     697        0.000100        0.008708        0.049574
     698        0.000100        0.008727        0.049598
     699        0.000100        0.008738        0.049628
     700        0.000100        0.008745        0.049644
     701        0.000100        0.008751        0.049689
     702        0.000100        0.008760        0.049715
     703        0.000100        0.008775        0.049758
     704        0.000100        0.008798        0.049763
     705        0.000100        0.008824        0.049777
     706        0.000100        0.008848        0.049750
     707        0.000100        0.008848        0.049714
     708        0.000100        0.008844        0.049655
     709        0.000100        0.008842        0.049652
     710        0.000100        0.008853        0.049610
     711        0.000100        0.008868        0.049631
     712        0.000100        0.008890        0.049569
     713        0.000100        0.008903        0.049573
     714        0.000100        0.008913        0.049476
     715        0.000100        0.008909        0.049461
     716        0.000100        0.008910        0.049361
     717        0.000100        0.008908        0.049344
     718        0.000100        0.008917        0.049272
     719        0.000100        0.008925        0.049264
     720        0.000100        0.008943        0.049212
     721        0.000100        0.008953        0.049188
     722        0.000100        0.008959        0.049128
     723        0.000100        0.008951        0.049079
     724        0.000100        0.008943        0.049011
     725        0.000100        0.008935        0.048974
     726        0.000100        0.008942        0.048939
     727        0.000100        0.008956        0.048929
     728        0.000100        0.008978        0.048910
     729        0.000100        0.008987        0.048885
     730        0.000100        0.008983        0.048830
     731        0.000100        0.008970        0.048784
     732        0.000100        0.008964        0.048746
     733        0.000100        0.008962        0.048727
     734        0.000100        0.008973        0.048706
     735        0.000100        0.008981        0.048691
     736        0.000100        0.008994        0.048673
     737        0.000100        0.008993        0.048637
     738        0.000100        0.008989        0.048622
     739        0.000100        0.008986        0.048568
     740        0.000100        0.008972        0.048583
     741        0.000100        0.009001        0.048533
     742        0.000100        0.008975        0.048552
     743        0.000100        0.009017        0.048524
     744        0.000100        0.009003        0.048501
     745        0.000100        0.009013        0.048494
     746        0.000100        0.009014        0.048451
     747        0.000100        0.008994        0.048444
     748        0.000100        0.009006        0.048429
     749        0.000100        0.008995        0.048423
     750        0.000100        0.009019        0.048428
     751        0.000100        0.009026        0.048401
     752        0.000100        0.009026        0.048380
     753        0.000100        0.009028        0.048346
     754        0.000100        0.009017        0.048342
     755        0.000100        0.009051        0.048387
     756        0.000100        0.009050        0.048390
     757        0.000100        0.009081        0.048434
     758        0.000100        0.009067        0.048380
     759        0.000100        0.009049        0.048364
     760        0.000100        0.009038        0.048322
     761        0.000100        0.009002        0.048288
     762        0.000100        0.009026        0.048295
     763        0.000100        0.009019        0.048306
     764        0.000100        0.009098        0.048438
     765        0.000100        0.009152        0.048583
     766        0.000100        0.009181        0.048655
     767        0.000100        0.009150        0.048618
     768        0.000100        0.009121        0.048566
     769        0.000100        0.009106        0.048545
     770        0.000100        0.009104        0.048579
     771        0.000100        0.009118        0.048646
     772        0.000100        0.009136        0.048724
     773        0.000100        0.009152        0.048793
     774        0.000100        0.009162        0.048857
     775        0.000100        0.009166        0.048912
     776        0.000100        0.009169        0.048966
     777        0.000100        0.009170        0.049030
     778        0.000100        0.009169        0.049100
     779        0.000100        0.009167        0.049171
     780        0.000100        0.009165        0.049251
     781        0.000100        0.009164        0.049336
     782        0.000100        0.009164        0.049426
     783        0.000100        0.009169        0.049544
     784        0.000100        0.009178        0.049658
     785        0.000100        0.009194        0.049796
     786        0.000100        0.009215        0.049938
     787        0.000100        0.009245        0.050093
     788        0.000100        0.009279        0.050234
     789        0.000100        0.009321        0.050386
     790        0.000100        0.009364        0.050506
     791        0.000100        0.009409        0.050623
     792        0.000100        0.009444        0.050687
     793        0.000100        0.009467        0.050713
     794        0.000100        0.009479        0.050705
     795        0.000100        0.009491        0.050695
     796        0.000100        0.009513        0.050683
     797        0.000100        0.009553        0.050723
     798        0.000100        0.009593        0.050736
     799        0.000100        0.009622        0.050699
     800        0.000100        0.009627        0.050610
     801        0.000100        0.009628        0.050536
     802        0.000100        0.009634        0.050489
     803        0.000100        0.009648        0.050467
     804        0.000100        0.009668        0.050455
     805        0.000100        0.009690        0.050451
     806        0.000100        0.009708        0.050416
     807        0.000100        0.009722        0.050388
     808        0.000100        0.009729        0.050340
     809        0.000100        0.009736        0.050321
     810        0.000100        0.009741        0.050274
     811        0.000100        0.009754        0.050285
     812        0.000100        0.009769        0.050258
     813        0.000100        0.009793        0.050318
     814        0.000100        0.009816        0.050256
     815        0.000100        0.009837        0.050329
     816        0.000100        0.009841        0.050210
     817        0.000100        0.009837        0.050256
     818        0.000100        0.009830        0.050152
     819        0.000100        0.009841        0.050243
     820        0.000100        0.009869        0.050252
     821        0.000100        0.009903        0.050347
     822        0.000100        0.009929        0.050330
     823        0.000100        0.009939        0.050352
     824        0.000100        0.009940        0.050306
     825        0.000100        0.009944        0.050342
     826        0.000100        0.009956        0.050354
     827        0.000100        0.009977        0.050447
     828        0.000100        0.010002        0.050489
     829        0.000100        0.010028        0.050580
     830        0.000100        0.010048        0.050600
     831        0.000100        0.010062        0.050681
     832        0.000100        0.010072        0.050688
     833        0.000100        0.010083        0.050812
     834        0.000100        0.010101        0.050861
     835        0.000100        0.010126        0.051070
     836        0.000100        0.010164        0.051139
     837        0.000100        0.010201        0.051375
     838        0.000100        0.010240        0.051418
     839        0.000100        0.010249        0.051589
     840        0.000100        0.010263        0.051681
     841        0.000100        0.010272        0.051936
     842        0.000100        0.010305        0.052164
     843        0.000100        0.010323        0.052223
     844        0.000100        0.010300        0.051877
     845        0.000100        0.010198        0.050739
     846        0.000100        0.009983        0.048648
     847        0.000100        0.009836        0.046681
     848        0.000100        0.009923        0.046977
     849        0.000100        0.010079        0.047922
     850        0.000100        0.010041        0.047554
     851        0.000100        0.010008        0.047382
     852        0.000100        0.009959        0.047184
     853        0.000100        0.009915        0.047072
     854        0.000100        0.009904        0.047116
     855        0.000100        0.009857        0.046971
     856        0.000100        0.009846        0.046998
     857        0.000100        0.009795        0.046846
     858        0.000100        0.009763        0.046793
     859        0.000100        0.009726        0.046718
     860        0.000100        0.009682        0.046628
     861        0.000100        0.009660        0.046629
     862        0.000100        0.009615        0.046529
     863        0.000100        0.009601        0.046546
     864        0.000100        0.009569        0.046475
     865        0.000100        0.009553        0.046465
     866        0.000100        0.009537        0.046452
     867        0.000100        0.009509        0.046403
     868        0.000100        0.009499        0.046428
     869        0.000100        0.009457        0.046357
     870        0.000100        0.009441        0.046365
     871        0.000100        0.009402        0.046304
     872        0.000100        0.009388        0.046302
     873        0.000100        0.009372        0.046290
     874        0.000100        0.009362        0.046292
     875        0.000100        0.009353        0.046293
     876        0.000100        0.009322        0.046255
     877        0.000100        0.009280        0.046201
     878        0.000100        0.009229        0.046123
     879        0.000100        0.009188        0.046060
     880        0.000100        0.009163        0.046017
     881        0.000100        0.009148        0.045975
     882        0.000100        0.009137        0.045928
     883        0.000100        0.009124        0.045876
     884        0.000100        0.009113        0.045820
     885        0.000100        0.009106        0.045777
     886        0.000100        0.009105        0.045749
     887        0.000100        0.009112        0.045736
     888        0.000100        0.009124        0.045734
     889        0.000100        0.009137        0.045734
     890        0.000100        0.009147        0.045725
     891        0.000100        0.009151        0.045717
     892        0.000100        0.009149        0.045700
     893        0.000100        0.009145        0.045689
     894        0.000100        0.009141        0.045679
     895        0.000100        0.009141        0.045685
     896        0.000100        0.009145        0.045692
     897        0.000100        0.009153        0.045713
     898        0.000100        0.009159        0.045728
     899        0.000100        0.009161        0.045754
     900        0.000100        0.009152        0.045774
     901        0.000100        0.009143        0.045815
     902        0.000100        0.009134        0.045863
     903        0.000100        0.009141        0.045929
     904        0.000100        0.009155        0.045992
     905        0.000100        0.009178        0.046041
     906        0.000100        0.009192        0.046083
     907        0.000100        0.009192        0.046108
     908        0.000100        0.009185        0.046154
     909        0.000100        0.009187        0.046205
     910        0.000100        0.009193        0.046265
     911        0.000100        0.009210        0.046300
     912        0.000100        0.009224        0.046333
     913        0.000100        0.009240        0.046324
     914        0.000100        0.009245        0.046328
     915        0.000100        0.009248        0.046290
     916        0.000100        0.009243        0.046273
     917        0.000100        0.009245        0.046212
     918        0.000100        0.009246        0.046197
     919        0.000100        0.009259        0.046145
     920        0.000100        0.009267        0.046126
     921        0.000100        0.009283        0.046063
     922        0.000100        0.009280        0.046018
     923        0.000100        0.009275        0.045935
     924        0.000100        0.009254        0.045880
     925        0.000100        0.009245        0.045817
     926        0.000100        0.009242        0.045793
     927        0.000100        0.009260        0.045771
     928        0.000100        0.009271        0.045757
     929        0.000100        0.009281        0.045729
     930        0.000100        0.009264        0.045695
     931        0.000100        0.009255        0.045668
     932        0.000100        0.009236        0.045641
     933        0.000100        0.009241        0.045642
     934        0.000100        0.009238        0.045631
     935        0.000100        0.009256        0.045657
     936        0.000100        0.009249        0.045642
     937        0.000100        0.009256        0.045669
     938        0.000100        0.009232        0.045627
     939        0.000100        0.009231        0.045649
     940        0.000100        0.009208        0.045602
     941        0.000100        0.009222        0.045649
     942        0.000100        0.009215        0.045623
     943        0.000100        0.009244        0.045710
     944        0.000100        0.009234        0.045674
     945        0.000100        0.009237        0.045735
     946        0.000100        0.009198        0.045639
     947        0.000100        0.009187        0.045651
     948        0.000100        0.009168        0.045594
     949        0.000100        0.009184        0.045644
     950        0.000100        0.009197        0.045674
     951        0.000100        0.009199        0.045681
     952        0.000100        0.009207        0.045748
     953        0.000100        0.009154        0.045574
     954        0.000100        0.009186        0.045761
     955        0.000100        0.009115        0.045472
     956        0.000100        0.009171        0.045736
     957        0.000100        0.009135        0.045542
     958        0.000100        0.009145        0.045604
     959        0.000100        0.009168        0.045720
     960        0.000100        0.009105        0.045475
     961        0.000100        0.009152        0.045721
     962        0.000100        0.009084        0.045442
     963        0.000100        0.009119        0.045605
     964        0.000100        0.009106        0.045533
     965        0.000100        0.009105        0.045529
     966        0.000100        0.009113        0.045611
     967        0.000100        0.009061        0.045421
     968        0.000100        0.009081        0.045546
     969        0.000100        0.009057        0.045413
     970        0.000100        0.009091        0.045536
     971        0.000100        0.009093        0.045531
     972        0.000100        0.009070        0.045460
     973        0.000100        0.009080        0.045582
     974        0.000100        0.009009        0.045318
     975        0.000100        0.009043        0.045530
     976        0.000100        0.008987        0.045282
     977        0.000100        0.009022        0.045436
     978        0.000100        0.009029        0.045432
     979        0.000100        0.009053        0.045474
     980        0.000100        0.009119        0.045723
     981        0.000100        0.009078        0.045561
     982        0.000100        0.009078        0.045626
     983        0.000100        0.009010        0.045447
     984        0.000100        0.008979        0.045415
     985        0.000100        0.008953        0.045350
     986        0.000100        0.008956        0.045355
     987        0.000100        0.008987        0.045453
     988        0.000100        0.009009        0.045528
     989        0.000100        0.009016        0.045575
     990        0.000100        0.008998        0.045547
     991        0.000100        0.008980        0.045527
     992        0.000100        0.008962        0.045505
     993        0.000100        0.008942        0.045486
     994        0.000100        0.008922        0.045465
     995        0.000100        0.008902        0.045451
     996        0.000100        0.008883        0.045432
     997        0.000100        0.008864        0.045415
     998        0.000100        0.008844        0.045385
     999        0.000100        0.008825        0.045348
    1000        0.000100        0.008809        0.045306
    1001        0.000100        0.008799        0.045273
    1002        0.000100        0.008795        0.045238
    1003        0.000100        0.008801        0.045227
    1004        0.000100        0.008814        0.045231
    1005        0.000100        0.008831        0.045253
    1006        0.000100        0.008846        0.045279
    1007        0.000100        0.008856        0.045296
    1008        0.000100        0.008859        0.045293
    1009        0.000100        0.008857        0.045271
    1010        0.000100        0.008859        0.045254
    1011        0.000100        0.008870        0.045256
    1012        0.000100        0.008892        0.045287
    1013        0.000100        0.008921        0.045351
    1014        0.000100        0.008943        0.045416
    1015        0.000100        0.008941        0.045433
    1016        0.000100        0.008922        0.045382
    1017        0.000100        0.008907        0.045321
    1018        0.000100        0.008907        0.045303
    1019        0.000100        0.008922        0.045328
    1020        0.000100        0.008943        0.045389
    1021        0.000100        0.008958        0.045441
    1022        0.000100        0.008960        0.045463
    1023        0.000100        0.008953        0.045456
    1024        0.000100        0.008942        0.045427
    1025        0.000100        0.008936        0.045407
    1026        0.000100        0.008939        0.045407
    1027        0.000100        0.008952        0.045447
    1028        0.000100        0.008964        0.045480
    1029        0.000100        0.008981        0.045559
    1030        0.000100        0.008972        0.045531
    1031        0.000100        0.008974        0.045606
    1032        0.000100        0.008939        0.045462
    1033        0.000100        0.008944        0.045518
    1034        0.000100        0.008933        0.045422
    1035        0.000100        0.008966        0.045542
    1036        0.000100        0.008980        0.045567
    1037        0.000100        0.009000        0.045680
    1038        0.000100        0.008982        0.045649
    1039        0.000100        0.008968        0.045638
    1040        0.000100        0.008946        0.045550
    1041        0.000100        0.008949        0.045544
    1042        0.000100        0.008956        0.045546
    1043        0.000100        0.008976        0.045620
    1044        0.000100        0.008982        0.045648
    1045        0.000100        0.008986        0.045698
    1046        0.000100        0.008967        0.045646
    1047        0.000100        0.008962        0.045652
    1048        0.000100        0.008941        0.045546
    1049        0.000100        0.008958        0.045615
    1050        0.000100        0.008950        0.045536
    1051        0.000100        0.008993        0.045739
    1052        0.000100        0.008970        0.045609
    1053        0.000100        0.008999        0.045817
    1054        0.000100        0.008940        0.045553
    1055        0.000100        0.008953        0.045671
    1056        0.000100        0.008913        0.045452
    1057        0.000100        0.008946        0.045576
    1058        0.000100        0.008951        0.045558
    1059        0.000100        0.008975        0.045658
    1060        0.000100        0.008981        0.045742
    1061        0.000100        0.008941        0.045559
    1062        0.000100        0.008956        0.045702
    1063        0.000100        0.008895        0.045369
    1064        0.000100        0.008943        0.045605
    1065        0.000100        0.008916        0.045453
    1066        0.000100        0.008940        0.045530
    1067        0.000100        0.008966        0.045744
    1068        0.000100        0.008899        0.045354
    1069        0.000100        0.008958        0.045721
    1070        0.000100        0.008879        0.045300
    1071        0.000100        0.008923        0.045470
    1072        0.000100        0.008912        0.045444
    1073        0.000100        0.008913        0.045391
    1074        0.000100        0.008922        0.045576
    1075        0.000100        0.008869        0.045338
    1076        0.000100        0.008887        0.045458
    1077        0.000100        0.008864        0.045277
    1078        0.000100        0.008907        0.045377
    1079        0.000100        0.008918        0.045407
    1080        0.000100        0.008913        0.045334
    1081        0.000100        0.008924        0.045464
    1082        0.000100        0.008855        0.045168
    1083        0.000100        0.008854        0.045262
    1084        0.000100        0.008796        0.045073
    1085        0.000100        0.008804        0.045151
    1086        0.000100        0.008811        0.045263
    1087        0.000100        0.008824        0.045185
    1088        0.000100        0.008901        0.045379
    1089        0.000100        0.008918        0.045319
    1090        0.000100        0.008883        0.045191
    1091        0.000100        0.008837        0.045049
    1092        0.000100        0.008817        0.045040
    1093        0.000100        0.008797        0.045018
    1094        0.000100        0.008790        0.045006
    1095        0.000100        0.008789        0.044997
    1096        0.000100        0.008796        0.045003
    1097        0.000100        0.008806        0.045016
    1098        0.000100        0.008812        0.045017
    1099        0.000100        0.008809        0.044995
    1100        0.000100        0.008798        0.044961
    1101        0.000100        0.008785        0.044930
    1102        0.000100        0.008771        0.044899
    1103        0.000100        0.008759        0.044870
    1104        0.000100        0.008751        0.044856
    1105        0.000100        0.008748        0.044837
    1106        0.000100        0.008750        0.044840
    1107        0.000100        0.008752        0.044835
    1108        0.000100        0.008751        0.044832
    1109        0.000100        0.008749        0.044826
    1110        0.000100        0.008740        0.044809
    1111        0.000100        0.008727        0.044781
    1112        0.000100        0.008708        0.044740
    1113        0.000100        0.008688        0.044698
    1114        0.000100        0.008670        0.044659
    1115        0.000100        0.008659        0.044638
    1116        0.000100        0.008654        0.044628
    1117        0.000100        0.008650        0.044622
    1118        0.000100        0.008640        0.044600
    1119        0.000100        0.008618        0.044558
    1120        0.000100        0.008585        0.044484
    1121        0.000100        0.008552        0.044406
    1122        0.000100        0.008535        0.044346
    1123        0.000100        0.008548        0.044332
    1124        0.000100        0.008570        0.044343
    1125        0.000100        0.008584        0.044349
    1126        0.000100        0.008584        0.044346
    1127        0.000100        0.008579        0.044330
    1128        0.000100        0.008576        0.044310
    1129        0.000100        0.008582        0.044304
    1130        0.000100        0.008595        0.044312
    1131        0.000100        0.008610        0.044330
    1132        0.000100        0.008621        0.044344
    1133        0.000100        0.008630        0.044358
    1134        0.000100        0.008632        0.044356
    1135        0.000100        0.008633        0.044358
    1136        0.000100        0.008631        0.044338
    1137        0.000100        0.008639        0.044366
    1138        0.000100        0.008641        0.044351
    1139        0.000100        0.008658        0.044411
    1140        0.000100        0.008662        0.044407
    1141        0.000100        0.008676        0.044470
    1142        0.000100        0.008671        0.044458
    1143        0.000100        0.008667        0.044476
    1144        0.000100        0.008649        0.044432
    1145        0.000100        0.008643        0.044428
    1146        0.000100        0.008647        0.044413
    1147        0.000100        0.008675        0.044479
    1148        0.000100        0.008705        0.044558
    1149        0.000100        0.008719        0.044647
    1150        0.000100        0.008698        0.044643
    1151        0.000100        0.008680        0.044627
    1152        0.000100        0.008666        0.044578
    1153        0.000100        0.008674        0.044595
    1154        0.000100        0.008681        0.044606
    1155        0.000100        0.008698        0.044678
    1156        0.000100        0.008697        0.044691
    1157        0.000100        0.008702        0.044750
    1158        0.000100        0.008687        0.044713
    1159        0.000100        0.008690        0.044756
    1160        0.000100        0.008675        0.044689
    1161        0.000100        0.008691        0.044765
    1162        0.000100        0.008684        0.044716
    1163        0.000100        0.008709        0.044831
    1164        0.000100        0.008702        0.044802
    1165        0.000100        0.008712        0.044895
    1166        0.000100        0.008687        0.044833
    1167        0.000100        0.008676        0.044846
    1168        0.000100        0.008652        0.044743
    1169        0.000100        0.008668        0.044776
    1170        0.000100        0.008680        0.044754
    1171        0.000100        0.008713        0.044882
    1172        0.000100        0.008706        0.044908
    1173        0.000100        0.008699        0.044981
    1174        0.000100        0.008668        0.044890
    1175        0.000100        0.008667        0.044893
    1176        0.000100        0.008652        0.044790
    1177        0.000100        0.008677        0.044883
    1178        0.000100        0.008666        0.044825
    1179        0.000100        0.008690        0.044961
    1180        0.000100        0.008660        0.044859
    1181        0.000100        0.008674        0.044965
    1182        0.000100        0.008634        0.044801
    1183        0.000100        0.008654        0.044892
    1184        0.000100        0.008631        0.044784
    1185        0.000100        0.008662        0.044883
    1186        0.000100        0.008655        0.044868
    1187        0.000100        0.008671        0.044926
    1188        0.000100        0.008662        0.044963
    1189        0.000100        0.008625        0.044820
    1190        0.000100        0.008635        0.044917
    1191        0.000100        0.008571        0.044602
    1192        0.000100        0.008641        0.044824
    1193        0.000100        0.008604        0.044684
    1194        0.000100        0.008662        0.044844
    1195        0.000100        0.008659        0.045043
    1196        0.000100        0.008612        0.044754
    1197        0.000100        0.008653        0.044983
    1198        0.000100        0.008578        0.044607
    1199        0.000100        0.008627        0.044698
    1200        0.000100        0.008593        0.044658
    1201        0.000100        0.008605        0.044663
    1202        0.000100        0.008606        0.044854
    1203        0.000100        0.008582        0.044750
    1204        0.000100        0.008614        0.044882
    1205        0.000100        0.008600        0.044760
    1206        0.000100        0.008654        0.044856
    1207        0.000100        0.008639        0.044796
    1208        0.000100        0.008637        0.044719
    1209        0.000100        0.008610        0.044685
    1210        0.000100        0.008561        0.044533
    1211        0.000100        0.008556        0.044624
    1212        0.000100        0.008527        0.044620
    1213        0.000100        0.008554        0.044768
    1214        0.000100        0.008572        0.044843
    1215        0.000100        0.008629        0.044935
    1216        0.000100        0.008663        0.044946
    1217        0.000100        0.008625        0.044746
    1218        0.000100        0.008593        0.044644
    1219        0.000100        0.008575        0.044647
    1220        0.000100        0.008567        0.044687
    1221        0.000100        0.008557        0.044680
    1222        0.000100        0.008552        0.044650
    1223        0.000100        0.008551        0.044637
    1224        0.000100        0.008548        0.044616
    1225        0.000100        0.008542        0.044605
    1226        0.000100        0.008532        0.044576
    1227        0.000100        0.008518        0.044538
    1228        0.000100        0.008502        0.044485
    1229        0.000100        0.008485        0.044429
    1230        0.000100        0.008470        0.044361
    1231        0.000100        0.008457        0.044299
    1232        0.000100        0.008448        0.044243
    1233        0.000100        0.008444        0.044198
    1234        0.000100        0.008441        0.044146
    1235        0.000100        0.008440        0.044102
    1236        0.000100        0.008439        0.044065
    1237        0.000100        0.008439        0.044049
    1238        0.000100        0.008438        0.044021
    1239        0.000100        0.008440        0.044006
    1240        0.000100        0.008447        0.043993
    1241        0.000100        0.008461        0.043998
    1242        0.000100        0.008480        0.044014
    1243        0.000100        0.008501        0.044044
    1244        0.000100        0.008509        0.044063
    1245        0.000100        0.008496        0.044050
    1246        0.000100        0.008476        0.044004
    1247        0.000100        0.008466        0.043966
    1248        0.000100        0.008482        0.043962
    1249        0.000100        0.008507        0.043984
    1250        0.000100        0.008530        0.044034
    1251        0.000100        0.008535        0.044077
    1252        0.000100        0.008531        0.044111
    1253        0.000100        0.008521        0.044108
    1254        0.000100        0.008521        0.044119
    1255        0.000100        0.008518        0.044092
    1256        0.000100        0.008533        0.044133
    1257        0.000100        0.008536        0.044124
    1258        0.000100        0.008550        0.044185
    1259        0.000100        0.008545        0.044185
    1260        0.000100        0.008547        0.044236
    1261        0.000100        0.008535        0.044228
    1262        0.000100        0.008534        0.044253
    1263        0.000100        0.008531        0.044239
    1264        0.000100        0.008542        0.044267
    1265        0.000100        0.008555        0.044280
    1266        0.000100        0.008574        0.044332
    1267        0.000100        0.008572        0.044349
    1268        0.000100        0.008559        0.044392
    1269        0.000100        0.008537        0.044407
    1270        0.000100        0.008532        0.044425
    1271        0.000100        0.008535        0.044397
    1272        0.000100        0.008554        0.044398
    1273        0.000100        0.008560        0.044380
    1274        0.000100        0.008568        0.044445
    1275        0.000100        0.008552        0.044446
    1276        0.000100        0.008553        0.044521
    1277        0.000100        0.008534        0.044461
    1278        0.000100        0.008547        0.044521
    1279        0.000100        0.008537        0.044437
    1280        0.000100        0.008557        0.044517
    1281        0.000100        0.008548        0.044467
    1282        0.000100        0.008557        0.044549
    1283        0.000100        0.008537        0.044502
    1284        0.000100        0.008534        0.044545
    1285        0.000100        0.008516        0.044488
    1286        0.000100        0.008523        0.044512
    1287        0.000100        0.008523        0.044454
    1288        0.000100        0.008548        0.044504
    1289        0.000100        0.008550        0.044494
    1290        0.000100        0.008551        0.044572
    1291        0.000100        0.008521        0.044544
    1292        0.000100        0.008513        0.044575
    1293        0.000100        0.008491        0.044455
    1294        0.000100        0.008514        0.044480
    1295        0.000100        0.008507        0.044389
    1296        0.000100        0.008540        0.044519
    1297        0.000100        0.008511        0.044439
    1298        0.000100        0.008531        0.044570
    1299        0.000100        0.008487        0.044430
    1300        0.000100        0.008507        0.044485
    1301        0.000100        0.008481        0.044382
    1302        0.000100        0.008507        0.044410
    1303        0.000100        0.008506        0.044433
    1304        0.000100        0.008512        0.044410
    1305        0.000100        0.008531        0.044557
    1306        0.000100        0.008476        0.044351
    1307        0.000100        0.008524        0.044533
    1308        0.000100        0.008445        0.044287
    1309        0.000100        0.008496        0.044317
    1310        0.000100        0.008480        0.044355
    1311        0.000100        0.008494        0.044243
    1312        0.000100        0.008548        0.044606
    1313        0.000100        0.008497        0.044470
    1314        0.000100        0.008548        0.044674
    1315        0.000100        0.008480        0.044437
    1316        0.000100        0.008495        0.044278
    1317        0.000100        0.008473        0.044183
    1318        0.000100        0.008473        0.044142
    1319        0.000100        0.008487        0.044355
    1320        0.000100        0.008475        0.044461
    1321        0.000100        0.008512        0.044633
    1322        0.000100        0.008511        0.044608
    1323        0.000100        0.008539        0.044537
    1324        0.000100        0.008528        0.044427
    1325        0.000100        0.008504        0.044276
    1326        0.000100        0.008489        0.044256
    1327        0.000100        0.008459        0.044221
    1328        0.000100        0.008466        0.044334
    1329        0.000100        0.008467        0.044414
    1330        0.000100        0.008488        0.044488
    1331        0.000100        0.008502        0.044493
    1332        0.000100        0.008497        0.044395
    1333        0.000100        0.008494        0.044345
    1334        0.000100        0.008478        0.044300
    1335        0.000100        0.008471        0.044318
    1336        0.000100        0.008455        0.044320
    1337        0.000100        0.008438        0.044268
    1338        0.000100        0.008425        0.044204
    1339        0.000100        0.008420        0.044149
    1340        0.000100        0.008420        0.044113
    1341        0.000100        0.008420        0.044092
    1342        0.000100        0.008412        0.044049
    1343        0.000100        0.008399        0.043996
    1344        0.000100        0.008380        0.043917
    1345        0.000100        0.008364        0.043831
    1346        0.000100        0.008361        0.043777
    1347        0.000100        0.008375        0.043759
    1348        0.000100        0.008396        0.043766
    1349        0.000100        0.008413        0.043776
    1350        0.000100        0.008416        0.043773
    1351        0.000100        0.008410        0.043759
    1352        0.000100        0.008402        0.043727
    1353        0.000100        0.008405        0.043703
    1354        0.000100        0.008418        0.043689
    1355        0.000100        0.008439        0.043689
    1356        0.000100        0.008456        0.043692
    1357        0.000100        0.008468        0.043711
    1358        0.000100        0.008464        0.043706
    1359        0.000100        0.008465        0.043726
    1360        0.000100        0.008457        0.043699
    1361        0.000100        0.008467        0.043713
    1362        0.000100        0.008472        0.043694
    1363        0.000100        0.008491        0.043718
    1364        0.000100        0.008499        0.043711
    1365        0.000100        0.008505        0.043733
    1366        0.000100        0.008495        0.043732
    1367        0.000100        0.008485        0.043742
    1368        0.000100        0.008475        0.043741
    1369        0.000100        0.008480        0.043765
    1370        0.000100        0.008492        0.043778
    1371        0.000100        0.008513        0.043810
    1372        0.000100        0.008524        0.043831
    1373        0.000100        0.008518        0.043866
    1374        0.000100        0.008500        0.043900
    1375        0.000100        0.008490        0.043948
    1376        0.000100        0.008488        0.043986
    1377        0.000100        0.008503        0.044047
    1378        0.000100        0.008514        0.044078
    1379        0.000100        0.008527        0.044144
    1380        0.000100        0.008523        0.044185
    1381        0.000100        0.008520        0.044274
    1382        0.000100        0.008507        0.044308
    1383        0.000100        0.008508        0.044370
    1384        0.000100        0.008505        0.044357
    1385        0.000100        0.008518        0.044390
    1386        0.000100        0.008519        0.044333
    1387        0.000100        0.008527        0.044349
    1388        0.000100        0.008513        0.044307
    1389        0.000100        0.008505        0.044334
    1390        0.000100        0.008483        0.044278
    1391        0.000100        0.008481        0.044275
    1392        0.000100        0.008481        0.044203
    1393        0.000100        0.008499        0.044189
    1394        0.000100        0.008505        0.044146
    1395        0.000100        0.008509        0.044189
    1396        0.000100        0.008490        0.044175
    1397        0.000100        0.008485        0.044232
    1398        0.000100        0.008469        0.044170
    1399        0.000100        0.008483        0.044197
    1400        0.000100        0.008479        0.044107
    1401        0.000100        0.008503        0.044170
    1402        0.000100        0.008491        0.044110
    1403        0.000100        0.008502        0.044205
    1404        0.000100        0.008473        0.044126
    1405        0.000100        0.008484        0.044207
    1406        0.000100        0.008463        0.044112
    1407        0.000100        0.008488        0.044159
    1408        0.000100        0.008481        0.044080
    1409        0.000100        0.008511        0.044149
    1410        0.000100        0.008495        0.044117
    1411        0.000100        0.008501        0.044176
    1412        0.000100        0.008472        0.044143
    1413        0.000100        0.008470        0.044114
    1414        0.000100        0.008466        0.044083
    1415        0.000100        0.008477        0.044015
    1416        0.000100        0.008504        0.044086
    1417        0.000100        0.008490        0.044034
    1418        0.000100        0.008535        0.044250
    1419        0.000100        0.008469        0.044121
    1420        0.000100        0.008518        0.044168
    1421        0.000100        0.008459        0.044060
    1422        0.000100        0.008472        0.043836
    1423        0.000100        0.008502        0.044076
    1424        0.000100        0.008461        0.043895
    1425        0.000100        0.008533        0.044233
    1426        0.000100        0.008494        0.044303
    1427        0.000100        0.008549        0.044343
    1428        0.000100        0.008524        0.044256
    1429        0.000100        0.008516        0.043969
    1430        0.000100        0.008497        0.043873
    1431        0.000100        0.008459        0.043747
    1432        0.000100        0.008462        0.043837
    1433        0.000100        0.008451        0.043933
    1434        0.000100        0.008485        0.044099
    1435        0.000100        0.008516        0.044331
    1436        0.000100        0.008568        0.044484
    1437        0.000100        0.008596        0.044511
    1438        0.000100        0.008556        0.044177
    1439        0.000100        0.008507        0.043868
    1440        0.000100        0.008464        0.043672
    1441        0.000100        0.008449        0.043671
    1442        0.000100        0.008460        0.043842
    1443        0.000100        0.008490        0.044076
