       0        0.000100     5325.440409       72.506371
       1        0.000100     4370.566562       65.634705
       2        0.000100     3120.498871       55.363689
       3        0.000100     1794.187684       41.785645
       4        0.000100      797.265185       27.463890
       5        0.000100      270.929942       15.207924
       6        0.000100       84.929185        7.525212
       7        0.000100       40.437403        5.023460
       8        0.000100       30.047688        4.356431
       9        0.000100       24.892791        3.968267
      10        0.000100       20.680452        3.614717
      11        0.000100       16.938892        3.267028
      12        0.000100       13.659521        2.925828
      13        0.000100       10.912484        2.602418
      14        0.000100        8.638974        2.306022
      15        0.000100        6.808066        2.043456
      16        0.000100        5.378868        1.817279
      17        0.000100        4.275552        1.624197
      18        0.000100        3.438464        1.460763
      19        0.000100        2.802045        1.319484
      20        0.000100        2.323160        1.201371
      21        0.000100        1.942538        1.094279
      22        0.000100        1.648303        1.004616
      23        0.000100        1.422197        0.933782
      24        0.000100        1.227809        0.864113
      25        0.000100        1.072852        0.805585
      26        0.000100        0.946230        0.756425
      27        0.000100        0.840037        0.712837
      28        0.000100        0.750395        0.673401
      29        0.000100        0.670888        0.635942
      30        0.000100        0.602821        0.602665
      31        0.000100        0.543920        0.569410
      32        0.000100        0.487639        0.541966
      33        0.000100        0.436576        0.509363
      34        0.000100        0.392136        0.483822
      35        0.000100        0.353667        0.459766
      36        0.000100        0.310210        0.426785
      37        0.000100        0.276227        0.400330
      38        0.000100        0.244200        0.375635
      39        0.000100        0.217428        0.351342
      40        0.000100        0.191992        0.329557
      41        0.000100        0.168844        0.308044
      42        0.000100        0.151169        0.292450
      43        0.000100        0.131970        0.271574
      44        0.000100        0.115783        0.252100
      45        0.000100        0.102522        0.236478
      46        0.000100        0.090519        0.220882
      47        0.000100        0.080206        0.206642
      48        0.000100        0.071381        0.193091
      49        0.000100        0.063784        0.181901
      50        0.000100        0.056966        0.171788
      51        0.000100        0.050913        0.160445
      52        0.000100        0.046574        0.152804
      53        0.000100        0.041976        0.144759
      54        0.000100        0.038723        0.138436
      55        0.000100        0.036099        0.135243
      56        0.000100        0.032653        0.127484
      57        0.000100        0.032189        0.128772
      58        0.000100        0.027614        0.115972
      59        0.000100        0.026128        0.113065
      60        0.000100        0.025212        0.110699
      61        0.000100        0.023199        0.106576
      62        0.000100        0.021745        0.104186
      63        0.000100        0.020733        0.100687
      64        0.000100        0.018734        0.095590
      65        0.000100        0.017911        0.093402
      66        0.000100        0.016245        0.088149
      67        0.000100        0.016030        0.087906
      68        0.000100        0.015515        0.086343
      69        0.000100        0.014330        0.082143
      70        0.000100        0.013627        0.079550
      71        0.000100        0.013262        0.079195
      72        0.000100        0.012442        0.075431
      73        0.000100        0.012226        0.074629
      74        0.000100        0.011756        0.072807
      75        0.000100        0.011416        0.071756
      76        0.000100        0.011057        0.070102
      77        0.000100        0.013240        0.082916
      78        0.000100        0.010630        0.067937
      79        0.000100        0.010670        0.069475
      80        0.000100        0.010334        0.067543
      81        0.000100        0.009651        0.064470
      82        0.000100        0.009586        0.063489
      83        0.000100        0.009917        0.065652
      84        0.000100        0.009692        0.066007
      85        0.000100        0.009470        0.064935
      86        0.000100        0.008790        0.060613
      87        0.000100        0.010068        0.068256
      88        0.000100        0.009573        0.065264
      89        0.000100        0.008823        0.061523
      90        0.000100        0.008478        0.059678
      91        0.000100        0.008161        0.057974
      92        0.000100        0.008048        0.057436
      93        0.000100        0.008477        0.060751
      94        0.000100        0.007815        0.056092
      95        0.000100        0.007668        0.055710
      96        0.000100        0.008706        0.063243
      97        0.000100        0.007550        0.055034
      98        0.000100        0.007518        0.055514
      99        0.000100        0.007546        0.054717
     100        0.000100        0.007784        0.058082
     101        0.000100        0.007238        0.053462
     102        0.000100        0.006980        0.052325
     103        0.000100        0.006916        0.051376
     104        0.000100        0.006940        0.051370
     105        0.000100        0.006941        0.052280
     106        0.000100        0.007167        0.053091
     107        0.000100        0.007770        0.059185
     108        0.000100        0.006646        0.050032
     109        0.000100        0.006473        0.049398
     110        0.000100        0.006564        0.049928
     111        0.000100        0.006810        0.052313
     112        0.000100        0.006804        0.053003
     113        0.000100        0.006627        0.050807
     114        0.000100        0.006637        0.051276
     115        0.000100        0.006112        0.047072
     116        0.000100        0.007133        0.053419
     117        0.000100        0.006610        0.051935
     118        0.000100        0.006113        0.046813
     119        0.000100        0.006098        0.046945
     120        0.000100        0.005935        0.045882
     121        0.000100        0.006232        0.048175
     122        0.000100        0.005937        0.046071
     123        0.000100        0.005877        0.045570
     124        0.000100        0.005817        0.045259
     125        0.000100        0.006172        0.048753
     126        0.000100        0.006261        0.049613
     127        0.000100        0.005731        0.044069
     128        0.000100        0.006078        0.047704
     129        0.000100        0.005701        0.044041
     130        0.000100        0.006262        0.049782
     131        0.000100        0.005864        0.046769
     132        0.000100        0.005945        0.046174
     133        0.000100        0.005552        0.043302
     134        0.000100        0.005502        0.042637
     135        0.000100        0.005562        0.043267
     136        0.000100        0.005710        0.044373
     137        0.000100        0.005433        0.042809
     138        0.000100        0.005393        0.041904
     139        0.000100        0.005614        0.044244
     140        0.000100        0.005683        0.044875
     141        0.000100        0.005543        0.042871
     142        0.000100        0.005790        0.045639
     143        0.000100        0.005414        0.042305
     144        0.000100        0.005826        0.046696
     145        0.000100        0.005392        0.042450
     146        0.000100        0.005269        0.041362
     147        0.000100        0.005243        0.041412
     148        0.000100        0.005188        0.040969
     149        0.000100        0.005458        0.043359
     150        0.000100        0.005326        0.041484
     151        0.000100        0.005489        0.043426
     152        0.000100        0.005175        0.040548
     153        0.000100        0.005212        0.042149
     154        0.000100        0.005053        0.040263
     155        0.000100        0.005401        0.043586
     156        0.000100        0.004972        0.039827
     157        0.000100        0.005117        0.040687
     158        0.000100        0.004974        0.039922
     159        0.000100        0.004927        0.039322
     160        0.000100        0.005024        0.039818
     161        0.000100        0.005383        0.044117
     162        0.000100        0.004970        0.039853
     163        0.000100        0.005131        0.040837
     164        0.000100        0.004895        0.038963
     165        0.000100        0.005056        0.040437
     166        0.000100        0.004860        0.039153
     167        0.000100        0.004841        0.039092
     168        0.000100        0.005073        0.040595
     169        0.000100        0.005156        0.041557
     170        0.000100        0.004811        0.038670
     171        0.000100        0.004993        0.040735
     172        0.000100        0.004929        0.040413
     173        0.000100        0.004913        0.038974
     174        0.000100        0.004854        0.039034
     175        0.000100        0.004935        0.040549
     176        0.000100        0.004716        0.037965
     177        0.000100        0.004684        0.038041
     178        0.000100        0.004870        0.039394
     179        0.000100        0.004632        0.037405
     180        0.000100        0.004680        0.037361
     181        0.000100        0.004654        0.037842
     182        0.000100        0.004580        0.037450
     183        0.000100        0.004524        0.036621
     184        0.000100        0.005034        0.042540
     185        0.000100        0.004569        0.037293
     186        0.000100        0.004554        0.036866
     187        0.000100        0.004831        0.039472
     188        0.000100        0.004483        0.036392
     189        0.000100        0.004570        0.037514
     190        0.000100        0.004489        0.036851
     191        0.000100        0.004642        0.038175
     192        0.000100        0.004451        0.036601
     193        0.000100        0.004401        0.036144
     194        0.000100        0.004522        0.037245
     195        0.000100        0.004368        0.036019
     196        0.000100        0.004634        0.038486
     197        0.000100        0.004468        0.036652
     198        0.000100        0.004603        0.038212
     199        0.000100        0.004759        0.039235
     200        0.000100        0.004812        0.039697
     201        0.000100        0.004240        0.034967
     202        0.000100        0.004345        0.035578
     203        0.000100        0.004289        0.035086
     204        0.000100        0.004289        0.035234
     205        0.000100        0.004555        0.038828
     206        0.000100        0.004284        0.035021
     207        0.000100        0.004275        0.035234
     208        0.000100        0.004398        0.036445
     209        0.000100        0.004396        0.036547
     210        0.000100        0.004538        0.038230
     211        0.000100        0.004309        0.035891
     212        0.000100        0.004224        0.034970
     213        0.000100        0.004524        0.038918
     214        0.000100        0.004290        0.035595
     215        0.000100        0.004348        0.036285
     216        0.000100        0.004421        0.036672
     217        0.000100        0.004263        0.035993
     218        0.000100        0.004223        0.034948
     219        0.000100        0.004468        0.036897
     220        0.000100        0.004225        0.035136
     221        0.000100        0.004089        0.034176
     222        0.000100        0.004385        0.037376
     223        0.000100        0.004978        0.042771
     224        0.000100        0.004156        0.034446
     225        0.000100        0.004283        0.035206
     226        0.000100        0.004110        0.033939
     227        0.000100        0.004023        0.033156
     228        0.000100        0.004067        0.033585
     229        0.000100        0.004103        0.034295
     230        0.000100        0.004897        0.042839
     231        0.000100        0.004084        0.034254
     232        0.000100        0.004177        0.034647
     233        0.000100        0.004258        0.035658
     234        0.000100        0.004104        0.034375
     235        0.000100        0.004062        0.033873
     236        0.000100        0.004140        0.035490
     237        0.000100        0.004002        0.033152
     238        0.000100        0.004692        0.040760
     239        0.000100        0.003981        0.033236
     240        0.000100        0.004030        0.033988
     241        0.000100        0.003924        0.033087
     242        0.000100        0.004056        0.034051
     243        0.000100        0.004072        0.034187
     244        0.000100        0.004025        0.033361
     245        0.000100        0.004662        0.041737
     246        0.000100        0.004057        0.034756
     247        0.000100        0.003994        0.033227
     248        0.000100        0.003938        0.032708
     249        0.000100        0.003985        0.033871
     250        0.000100        0.003897        0.032636
     251        0.000100        0.003965        0.033085
     252        0.000100        0.003978        0.033652
     253        0.000100        0.004355        0.036922
     254        0.000100        0.003785        0.031991
     255        0.000100        0.003910        0.032706
     256        0.000100        0.003932        0.032973
     257        0.000100        0.003862        0.032544
     258        0.000100        0.003870        0.032296
     259        0.000100        0.003850        0.032096
     260        0.000100        0.003911        0.032586
     261        0.000100        0.004008        0.034110
     262        0.000100        0.003815        0.032447
     263        0.000100        0.003814        0.032254
     264        0.000100        0.003797        0.031415
     265        0.000100        0.003855        0.032044
     266        0.000100        0.003944        0.033646
     267        0.000100        0.003759        0.031765
     268        0.000100        0.003867        0.032322
     269        0.000100        0.003944        0.033082
     270        0.000100        0.003731        0.031591
     271        0.000100        0.004587        0.041781
     272        0.000100        0.003839        0.032265
     273        0.000100        0.003850        0.033169
     274        0.000100        0.003799        0.031915
     275        0.000100        0.003790        0.032049
     276        0.000100        0.003755        0.031469
     277        0.000100        0.003906        0.033423
     278        0.000100        0.003826        0.032741
     279        0.000100        0.003663        0.030452
     280        0.000100        0.003760        0.031663
     281        0.000100        0.003733        0.031161
     282        0.000100        0.003659        0.030800
     283        0.000100        0.003777        0.031192
     284        0.000100        0.003896        0.032254
     285        0.000100        0.004345        0.038135
     286        0.000100        0.003713        0.031791
     287        0.000100        0.003933        0.034888
     288        0.000100        0.003785        0.031326
     289        0.000100        0.003744        0.031670
     290        0.000100        0.003709        0.031015
     291        0.000100        0.003668        0.030939
     292        0.000100        0.003708        0.031878
     293        0.000100        0.003759        0.031664
     294        0.000100        0.003749        0.031546
     295        0.000100        0.003614        0.030826
     296        0.000100        0.003787        0.031480
     297        0.000100        0.003690        0.031317
     298        0.000100        0.003623        0.030862
     299        0.000100        0.003658        0.030299
     300        0.000100        0.003942        0.034538
     301        0.000100        0.003619        0.030858
     302        0.000100        0.003690        0.031533
     303        0.000100        0.003823        0.032273
     304        0.000100        0.003657        0.030270
     305        0.000100        0.003718        0.031688
     306        0.000100        0.003704        0.031662
     307        0.000100        0.003583        0.030903
     308        0.000100        0.003712        0.030666
     309        0.000100        0.003654        0.030543
     310        0.000100        0.003896        0.033893
     311        0.000100        0.003568        0.030057
     312        0.000100        0.003609        0.029854
     313        0.000100        0.003831        0.034099
     314        0.000100        0.003647        0.030498
     315        0.000100        0.003992        0.035412
     316        0.000100        0.003630        0.029993
     317        0.000100        0.004120        0.036441
     318        0.000100        0.003661        0.031563
     319        0.000100        0.003606        0.029994
     320        0.000100        0.003591        0.030012
     321        0.000100        0.003561        0.029874
     322        0.000100        0.003707        0.031178
     323        0.000100        0.003578        0.029488
     324        0.000100        0.003825        0.032733
     325        0.000100        0.003528        0.029428
     326        0.000100        0.003696        0.030985
     327        0.000100        0.003897        0.034806
     328        0.000100        0.004593        0.041342
     329        0.000100        0.003685        0.031756
     330        0.000100        0.003641        0.030194
     331        0.000100        0.003932        0.034132
     332        0.000100        0.003522        0.029342
     333        0.000100        0.003640        0.029867
     334        0.000100        0.003649        0.031132
     335        0.000100        0.003650        0.030798
     336        0.000100        0.003770        0.032032
     337        0.000100        0.003845        0.033985
     338        0.000100        0.003618        0.029837
     339        0.000100        0.003512        0.029122
     340        0.000100        0.003560        0.029668
     341        0.000100        0.003785        0.033453
     342        0.000100        0.003562        0.029755
     343        0.000100        0.003948        0.034132
     344        0.000100        0.003732        0.031531
     345        0.000100        0.003607        0.030873
     346        0.000100        0.003496        0.028947
     347        0.000100        0.003507        0.029326
     348        0.000100        0.003945        0.034118
     349        0.000100        0.003599        0.031130
     350        0.000100        0.003558        0.030182
     351        0.000100        0.003701        0.031051
     352        0.000100        0.003504        0.029744
     353        0.000100        0.003552        0.029867
     354        0.000100        0.003452        0.029011
     355        0.000100        0.003450        0.028612
     356        0.000100        0.004199        0.036711
     357        0.000100        0.003641        0.030187
     358        0.000100        0.003849        0.033356
     359        0.000100        0.003560        0.030456
     360        0.000100        0.003498        0.029315
     361        0.000100        0.003580        0.030462
     362        0.000100        0.003524        0.030251
     363        0.000100        0.003953        0.036329
     364        0.000100        0.003471        0.028733
     365        0.000100        0.003742        0.032654
     366        0.000100        0.003469        0.028931
     367        0.000100        0.003434        0.028563
     368        0.000100        0.003591        0.030052
     369        0.000100        0.003502        0.028821
     370        0.000100        0.003517        0.029524
     371        0.000100        0.003559        0.029583
     372        0.000100        0.003720        0.031958
     373        0.000100        0.003431        0.028306
     374        0.000100        0.003502        0.029439
     375        0.000100        0.003564        0.030489
     376        0.000100        0.003484        0.029466
     377        0.000100        0.003565        0.029673
     378        0.000100        0.003527        0.029452
     379        0.000100        0.003527        0.029171
     380        0.000100        0.003475        0.029297
     381        0.000100        0.003550        0.030779
     382        0.000100        0.003651        0.031325
     383        0.000100        0.003556        0.030391
     384        0.000100        0.003476        0.029219
     385        0.000100        0.003409        0.027825
     386        0.000100        0.003423        0.028259
     387        0.000100        0.003473        0.028896
     388        0.000100        0.003515        0.029603
     389        0.000100        0.003706        0.032087
     390        0.000100        0.003475        0.029091
     391        0.000100        0.003468        0.029473
     392        0.000100        0.003823        0.034588
     393        0.000100        0.003549        0.028859
     394        0.000100        0.003411        0.028048
     395        0.000100        0.003525        0.030037
     396        0.000100        0.003649        0.031933
     397        0.000100        0.003417        0.028433
     398        0.000100        0.003450        0.029164
     399        0.000100        0.003997        0.036912
     400        0.000100        0.003672        0.031895
     401        0.000100        0.003435        0.028645
     402        0.000100        0.003411        0.028251
     403        0.000100        0.003372        0.027867
     404        0.000100        0.003466        0.028424
     405        0.000100        0.003435        0.028408
     406        0.000100        0.003507        0.029444
     407        0.000100        0.003585        0.029796
     408        0.000100        0.003667        0.031559
     409        0.000100        0.003355        0.027310
     410        0.000100        0.003415        0.027987
     411        0.000100        0.003716        0.032417
     412        0.000100        0.003453        0.028522
     413        0.000100        0.003267        0.027383
     414        0.000100        0.003592        0.030660
     415        0.000100        0.003417        0.028831
     416        0.000100        0.003390        0.027670
     417        0.000100        0.003315        0.027573
     418        0.000100        0.003532        0.029869
     419        0.000100        0.003458        0.029101
     420        0.000100        0.003504        0.029469
     421        0.000100        0.003587        0.030461
     422        0.000100        0.003532        0.029422
     423        0.000100        0.003433        0.028779
     424        0.000100        0.003427        0.028206
     425        0.000100        0.003502        0.030156
     426        0.000100        0.003402        0.028078
     427        0.000100        0.003821        0.032866
     428        0.000100        0.003446        0.028196
     429        0.000100        0.003392        0.027613
     430        0.000100        0.003511        0.030266
     431        0.000100        0.003469        0.029644
     432        0.000100        0.003690        0.031581
     433        0.000100        0.003311        0.026767
     434        0.000100        0.003499        0.028580
     435        0.000100        0.003512        0.029114
     436        0.000100        0.003896        0.035889
     437        0.000100        0.003962        0.034801
     438        0.000100        0.003299        0.026821
     439        0.000100        0.003334        0.026909
     440        0.000100        0.003385        0.027865
     441        0.000100        0.003395        0.027173
     442        0.000100        0.003445        0.028179
     443        0.000100        0.003493        0.029033
     444        0.000100        0.003392        0.027294
     445        0.000100        0.003363        0.027292
     446        0.000100        0.003316        0.027207
     447        0.000100        0.003985        0.035143
     448        0.000100        0.003445        0.028220
     449        0.000100        0.003362        0.027515
     450        0.000100        0.003408        0.027939
     451        0.000100        0.003379        0.027604
     452        0.000100        0.003937        0.035237
     453        0.000100        0.003311        0.026916
     454        0.000100        0.003357        0.027184
     455        0.000100        0.003257        0.027043
     456        0.000100        0.003514        0.029577
     457        0.000100        0.003265        0.026596
     458        0.000100        0.003351        0.027757
     459        0.000100        0.003296        0.026834
     460        0.000100        0.003618        0.031300
     461        0.000100        0.003676        0.032193
     462        0.000100        0.003412        0.028140
     463        0.000100        0.003704        0.032253
     464        0.000100        0.003374        0.028512
     465        0.000100        0.003332        0.027186
     466        0.000100        0.003450        0.029482
     467        0.000100        0.003385        0.027055
     468        0.000100        0.003306        0.026987
     469        0.000100        0.003318        0.026942
     470        0.000100        0.003356        0.027595
     471        0.000100        0.003392        0.028543
     472        0.000100        0.003273        0.027007
     473        0.000100        0.003316        0.027322
     474        0.000100        0.003266        0.026631
     475        0.000100        0.003272        0.026474
     476        0.000100        0.003550        0.031378
     477        0.000100        0.003552        0.030402
     478        0.000100        0.003261        0.026379
     479        0.000100        0.003519        0.030097
     480        0.000100        0.003503        0.030250
     481        0.000100        0.003505        0.029848
     482        0.000100        0.003281        0.026204
     483        0.000100        0.003412        0.027528
     484        0.000100        0.003487        0.028667
     485        0.000100        0.003357        0.026663
     486        0.000100        0.003784        0.033000
     487        0.000100        0.003251        0.025972
     488        0.000100        0.003747        0.032253
     489        0.000100        0.003315        0.026819
     490        0.000100        0.003282        0.026615
     491        0.000100        0.003446        0.028327
     492        0.000100        0.003279        0.027023
     493        0.000100        0.003401        0.028311
     494        0.000100        0.003431        0.029181
     495        0.000100        0.003282        0.026685
     496        0.000100        0.003246        0.026160
     497        0.000100        0.003422        0.029052
     498        0.000100        0.003281        0.026797
     499        0.000100        0.003404        0.028194
     500        0.000100        0.003339        0.026888
     501        0.000100        0.003798        0.032393
     502        0.000100        0.003377        0.027439
     503        0.000100        0.003524        0.030352
     504        0.000100        0.003489        0.029105
     505        0.000100        0.003523        0.028711
     506        0.000100        0.003385        0.027936
     507        0.000100        0.003447        0.028515
     508        0.000100        0.003266        0.026311
     509        0.000100        0.003536        0.029568
     510        0.000100        0.003243        0.026503
     511        0.000100        0.003294        0.026122
     512        0.000100        0.003305        0.026872
     513        0.000100        0.003478        0.029147
     514        0.000100        0.003276        0.026214
     515        0.000100        0.003553        0.029206
     516        0.000100        0.003274        0.026463
     517        0.000100        0.003365        0.027517
     518        0.000100        0.003753        0.034072
     519        0.000100        0.003250        0.026125
     520        0.000100        0.003318        0.026326
     521        0.000100        0.003514        0.029568
     522        0.000100        0.003388        0.027276
     523        0.000100        0.003356        0.027393
     524        0.000100        0.003251        0.026191
     525        0.000100        0.003313        0.026434
     526        0.000100        0.003363        0.027562
     527        0.000100        0.003276        0.026283
     528        0.000100        0.003286        0.026216
     529        0.000100        0.003264        0.026257
     530        0.000100        0.003339        0.027463
     531        0.000100        0.003334        0.026465
     532        0.000100        0.003671        0.031727
     533        0.000100        0.003275        0.026084
     534        0.000100        0.003292        0.026607
     535        0.000100        0.003240        0.025705
     536        0.000100        0.003282        0.026260
     537        0.000100        0.003288        0.026313
     538        0.000100        0.003251        0.026099
     539        0.000100        0.003306        0.026104
     540        0.000100        0.003321        0.026549
     541        0.000100        0.003341        0.026674
     542        0.000100        0.003308        0.027410
     543        0.000100        0.003293        0.026403
     544        0.000100        0.003249        0.025953
     545        0.000100        0.003448        0.028793
     546        0.000100        0.003307        0.027273
     547        0.000100        0.003297        0.026753
     548        0.000100        0.003250        0.025801
     549        0.000100        0.003252        0.026118
     550        0.000100        0.003268        0.025876
     551        0.000100        0.003286        0.026535
     552        0.000100        0.003347        0.027123
     553        0.000100        0.003300        0.026704
     554        0.000100        0.003367        0.026285
     555        0.000100        0.003338        0.026475
     556        0.000100        0.003821        0.033325
     557        0.000100        0.003405        0.027729
     558        0.000100        0.003363        0.026523
     559        0.000100        0.003289        0.026520
     560        0.000100        0.003442        0.028540
     561        0.000100        0.003226        0.025521
     562        0.000100        0.003343        0.027166
     563        0.000100        0.003369        0.028032
     564        0.000100        0.003472        0.029349
     565        0.000100        0.003404        0.027257
     566        0.000100        0.003312        0.026264
     567        0.000100        0.003305        0.026727
     568        0.000100        0.003610        0.030611
     569        0.000100        0.003380        0.028979
     570        0.000100        0.003241        0.025267
     571        0.000100        0.004029        0.036402
     572        0.000100        0.003608        0.031017
     573        0.000100        0.003231        0.026059
     574        0.000100        0.003274        0.025726
     575        0.000100        0.003337        0.026891
     576        0.000100        0.003381        0.026554
     577        0.000100        0.003222        0.025668
     578        0.000100        0.003287        0.026335
     579        0.000100        0.003251        0.026608
     580        0.000100        0.003400        0.028948
     581        0.000100        0.003319        0.026959
     582        0.000100        0.003379        0.027975
     583        0.000100        0.003413        0.028603
     584        0.000100        0.003324        0.027024
     585        0.000100        0.003234        0.026242
     586        0.000100        0.003281        0.025808
     587        0.000100        0.003467        0.028941
     588        0.000100        0.003302        0.027029
     589        0.000100        0.003588        0.030148
     590        0.000100        0.003227        0.025300
     591        0.000100        0.003376        0.027264
     592        0.000100        0.003364        0.027984
     593        0.000100        0.003356        0.027086
     594        0.000100        0.003535        0.030414
     595        0.000100        0.004088        0.036530
     596        0.000100        0.003358        0.027457
     597        0.000100        0.003408        0.027948
     598        0.000100        0.003241        0.025502
     599        0.000100        0.003215        0.025589
     600        0.000100        0.004091        0.037574
     601        0.000100        0.003152        0.025206
     602        0.000100        0.003237        0.025510
     603        0.000100        0.003245        0.025485
     604        0.000100        0.003277        0.025734
     605        0.000100        0.003305        0.026742
     606        0.000100        0.003230        0.025306
     607        0.000100        0.003235        0.025333
     608        0.000100        0.003186        0.025446
     609        0.000100        0.003160        0.024853
     610        0.000100        0.003273        0.025721
     611        0.000100        0.003164        0.024914
     612        0.000100        0.003219        0.025896
     613        0.000100        0.003197        0.024838
     614        0.000100        0.003179        0.025465
     615        0.000100        0.003492        0.029488
     616        0.000100        0.003282        0.027003
     617        0.000100        0.003299        0.026910
     618        0.000100        0.003390        0.028050
     619        0.000100        0.003235        0.025625
     620        0.000100        0.003290        0.026778
     621        0.000100        0.003803        0.033783
     622        0.000100        0.003579        0.030287
     623        0.000100        0.003246        0.025767
     624        0.000100        0.003191        0.025203
     625        0.000100        0.003226        0.025510
     626        0.000100        0.003560        0.031385
     627        0.000100        0.003244        0.026339
     628        0.000100        0.003300        0.026927
     629        0.000100        0.003274        0.026813
     630        0.000100        0.003254        0.025557
     631        0.000100        0.003194        0.025519
     632        0.000100        0.003187        0.024986
     633        0.000100        0.003171        0.025320
     634        0.000100        0.003146        0.024745
     635        0.000100        0.003209        0.025185
     636        0.000100        0.003206        0.025764
     637        0.000100        0.003547        0.029915
     638        0.000100        0.003242        0.025380
     639        0.000100        0.003361        0.028011
     640        0.000100        0.003301        0.026431
     641        0.000100        0.003227        0.025737
     642        0.000100        0.003235        0.025370
     643        0.000100        0.003439        0.029554
     644        0.000100        0.003180        0.024827
     645        0.000100        0.003374        0.027721
     646        0.000100        0.003251        0.026532
     647        0.000100        0.003190        0.025099
     648        0.000100        0.003212        0.025696
     649        0.000100        0.003121        0.024627
     650        0.000100        0.003369        0.028534
     651        0.000100        0.003200        0.025024
     652        0.000100        0.003215        0.025762
     653        0.000100        0.003304        0.027196
     654        0.000100        0.003229        0.025884
     655        0.000100        0.003446        0.028433
     656        0.000100        0.003484        0.029611
     657        0.000100        0.003254        0.026980
     658        0.000100        0.003434        0.028713
     659        0.000100        0.003597        0.031477
     660        0.000100        0.003158        0.025843
     661        0.000100        0.003204        0.025259
     662        0.000100        0.003157        0.024760
     663        0.000100        0.003389        0.027547
     664        0.000100        0.003203        0.025141
     665        0.000100        0.003226        0.026524
     666        0.000100        0.003335        0.027518
     667        0.000100        0.003180        0.024418
     668        0.000100        0.003261        0.027191
     669        0.000100        0.003153        0.025546
     670        0.000100        0.003195        0.025055
     671        0.000100        0.003216        0.025821
     672        0.000100        0.003285        0.027198
     673        0.000100        0.003127        0.025129
     674        0.000100        0.003165        0.025201
     675        0.000100        0.003448        0.030144
     676        0.000100        0.003158        0.025730
     677        0.000100        0.003156        0.025619
     678        0.000100        0.003164        0.024461
     679        0.000100        0.003150        0.024689
     680        0.000100        0.003242        0.025561
     681        0.000100        0.003585        0.031636
     682        0.000100        0.003145        0.024719
     683        0.000100        0.003357        0.029105
     684        0.000100        0.003148        0.025048
     685        0.000100        0.003094        0.024120
     686        0.000100        0.003168        0.024778
     687        0.000100        0.003214        0.026158
     688        0.000100        0.003112        0.025242
     689        0.000100        0.003099        0.024776
     690        0.000100        0.003167        0.024772
     691        0.000100        0.003322        0.028502
     692        0.000100        0.003171        0.025446
     693        0.000100        0.003146        0.024945
     694        0.000100        0.003131        0.024897
     695        0.000100        0.003114        0.024613
     696        0.000100        0.003251        0.026593
     697        0.000100        0.003120        0.024728
     698        0.000100        0.003227        0.026176
     699        0.000100        0.003295        0.027208
     700        0.000100        0.003084        0.024515
     701        0.000100        0.003234        0.025873
     702        0.000100        0.003324        0.028709
     703        0.000100        0.003228        0.026550
     704        0.000100        0.003199        0.026008
     705        0.000100        0.003194        0.026083
     706        0.000100        0.003144        0.025459
     707        0.000100        0.003282        0.025726
     708        0.000100        0.003259        0.026543
     709        0.000100        0.003491        0.029861
     710        0.000100        0.003249        0.025598
     711        0.000100        0.003181        0.025162
     712        0.000100        0.003207        0.025542
     713        0.000100        0.003182        0.025394
     714        0.000100        0.003133        0.024290
     715        0.000100        0.003147        0.025614
     716        0.000100        0.003586        0.032204
     717        0.000100        0.003117        0.024992
     718        0.000100        0.003231        0.026260
     719        0.000100        0.003260        0.027558
     720        0.000100        0.003206        0.026352
     721        0.000100        0.003084        0.024669
     722        0.000100        0.003089        0.024613
     723        0.000100        0.003075        0.024410
     724        0.000100        0.003128        0.026119
     725        0.000100        0.003239        0.025577
     726        0.000100        0.003145        0.025380
     727        0.000100        0.003149        0.025201
     728        0.000100        0.003103        0.025155
     729        0.000100        0.003233        0.027400
     730        0.000100        0.003083        0.024927
     731        0.000100        0.003099        0.025384
     732        0.000100        0.003030        0.024192
     733        0.000100        0.003115        0.025250
     734        0.000100        0.003118        0.025397
     735        0.000100        0.003093        0.024944
     736        0.000100        0.003129        0.025511
     737        0.000100        0.003284        0.028607
     738        0.000100        0.003994        0.036487
     739        0.000100        0.003121        0.025033
     740        0.000100        0.003251        0.027425
     741        0.000100        0.003095        0.024181
     742        0.000100        0.003271        0.026908
     743        0.000100        0.003237        0.027140
     744        0.000100        0.003122        0.025279
     745        0.000100        0.003239        0.026349
     746        0.000100        0.003119        0.024818
     747        0.000100        0.003059        0.024580
     748        0.000100        0.003090        0.024994
     749        0.000100        0.003391        0.029456
     750        0.000100        0.003119        0.025013
     751        0.000100        0.003136        0.025459
     752        0.000100        0.003049        0.024009
     753        0.000100        0.003003        0.023998
     754        0.000100        0.003113        0.024729
     755        0.000100        0.003074        0.024428
     756        0.000100        0.002996        0.024106
     757        0.000100        0.003099        0.024773
     758        0.000100        0.003064        0.024676
     759        0.000100        0.003053        0.024315
     760        0.000100        0.003099        0.024734
     761        0.000100        0.003117        0.025345
     762        0.000100        0.002994        0.024181
     763        0.000100        0.003038        0.024089
     764        0.000100        0.003041        0.024251
     765        0.000100        0.003125        0.025022
     766        0.000100        0.003067        0.024482
     767        0.000100        0.003145        0.026195
     768        0.000100        0.003077        0.024700
     769        0.000100        0.003210        0.026313
     770        0.000100        0.003277        0.027868
     771        0.000100        0.003159        0.026065
     772        0.000100        0.003034        0.024172
     773        0.000100        0.003055        0.024126
     774        0.000100        0.002997        0.024338
     775        0.000100        0.002992        0.023666
     776        0.000100        0.003064        0.024096
     777        0.000100        0.003089        0.025725
     778        0.000100        0.003109        0.025644
     779        0.000100        0.003058        0.024671
     780        0.000100        0.003123        0.026419
     781        0.000100        0.003140        0.025592
     782        0.000100        0.003120        0.024985
     783        0.000100        0.003707        0.034192
     784        0.000100        0.003066        0.024768
     785        0.000100        0.003070        0.024291
     786        0.000100        0.003112        0.025739
     787        0.000100        0.003082        0.024084
     788        0.000100        0.003034        0.024006
     789        0.000100        0.003059        0.024459
     790        0.000100        0.003149        0.026974
     791        0.000100        0.002994        0.024073
     792        0.000100        0.003031        0.024127
     793        0.000100        0.003194        0.026925
     794        0.000100        0.003012        0.025135
     795        0.000100        0.002973        0.023784
     796        0.000100        0.003011        0.024627
     797        0.000100        0.003046        0.024358
     798        0.000100        0.003123        0.025267
     799        0.000100        0.002986        0.024622
     800        0.000100        0.003114        0.026662
     801        0.000100        0.003346        0.029351
     802        0.000100        0.003106        0.024893
     803        0.000100        0.003030        0.024070
     804        0.000100        0.003097        0.026070
     805        0.000100        0.003147        0.026545
     806        0.000100        0.003057        0.024931
     807        0.000100        0.003004        0.023948
     808        0.000100        0.002981        0.024010
     809        0.000100        0.003006        0.023850
     810        0.000100        0.003100        0.024941
     811        0.000100        0.003119        0.024615
     812        0.000100        0.003192        0.027547
     813        0.000100        0.003257        0.027449
     814        0.000100        0.003019        0.024511
     815        0.000100        0.002996        0.024115
     816        0.000100        0.003004        0.023781
     817        0.000100        0.003024        0.024606
     818        0.000100        0.003029        0.024533
     819        0.000100        0.003115        0.025133
     820        0.000100        0.003048        0.024215
     821        0.000100        0.003086        0.025657
     822        0.000100        0.003008        0.024266
     823        0.000100        0.002949        0.023532
     824        0.000100        0.002950        0.023722
     825        0.000100        0.003031        0.023868
     826        0.000100        0.003096        0.025272
     827        0.000100        0.002988        0.023616
     828        0.000100        0.002998        0.024008
     829        0.000100        0.003055        0.024301
     830        0.000100        0.002981        0.023673
     831        0.000100        0.003288        0.028256
     832        0.000100        0.002948        0.023999
     833        0.000100        0.003232        0.028003
     834        0.000100        0.003278        0.028643
     835        0.000100        0.003045        0.025689
     836        0.000100        0.003190        0.028115
     837        0.000100        0.003052        0.024473
     838        0.000100        0.002937        0.023647
     839        0.000100        0.002999        0.024087
     840        0.000100        0.003184        0.027409
     841        0.000100        0.003088        0.026123
     842        0.000100        0.003135        0.027010
     843        0.000100        0.002924        0.023820
     844        0.000100        0.002987        0.024738
     845        0.000100        0.003184        0.028081
     846        0.000100        0.003030        0.025272
     847        0.000100        0.002964        0.024499
     848        0.000100        0.002996        0.025038
     849        0.000100        0.002955        0.024268
     850        0.000100        0.002967        0.023854
     851        0.000100        0.002930        0.023669
     852        0.000100        0.002960        0.024281
     853        0.000100        0.003063        0.024923
     854        0.000100        0.002953        0.023556
     855        0.000100        0.002945        0.023915
     856        0.000100        0.003222        0.027636
     857        0.000100        0.002949        0.024501
     858        0.000100        0.003205        0.028865
     859        0.000100        0.003077        0.024589
     860        0.000100        0.002992        0.024537
     861        0.000100        0.002949        0.024166
     862        0.000100        0.002944        0.024334
     863        0.000100        0.002941        0.024437
     864        0.000100        0.002927        0.023599
     865        0.000100        0.002839        0.023340
     866        0.000100        0.002868        0.023225
     867        0.000100        0.002970        0.024378
     868        0.000100        0.003111        0.025814
     869        0.000100        0.003455        0.031225
     870        0.000100        0.003110        0.026995
     871        0.000100        0.003200        0.028136
     872        0.000100        0.003110        0.027895
     873        0.000100        0.002897        0.023741
     874        0.000100        0.003108        0.027586
     875        0.000100        0.003218        0.028323
     876        0.000100        0.002895        0.023956
     877        0.000100        0.003782        0.034614
     878        0.000100        0.003079        0.026390
     879        0.000100        0.002896        0.023793
     880        0.000100        0.002892        0.023695
     881        0.000100        0.002969        0.024888
     882        0.000100        0.003188        0.028569
     883        0.000100        0.002882        0.024052
     884        0.000100        0.002852        0.023311
     885        0.000100        0.002915        0.024466
     886        0.000100        0.002942        0.024423
     887        0.000100        0.002936        0.023637
     888        0.000100        0.002956        0.024544
     889        0.000100        0.003115        0.027227
     890        0.000100        0.002951        0.024511
     891        0.000100        0.003026        0.024919
     892        0.000100        0.002912        0.023857
     893        0.000100        0.002872        0.023578
     894        0.000100        0.002973        0.025343
     895        0.000100        0.002878        0.023557
     896        0.000100        0.002886        0.023723
     897        0.000100        0.002842        0.023057
     898        0.000100        0.002911        0.023855
     899        0.000100        0.002923        0.023780
     900        0.000100        0.003019        0.026432
     901        0.000100        0.002899        0.023146
     902        0.000100        0.002902        0.023804
     903        0.000100        0.003037        0.026810
     904        0.000100        0.002898        0.023679
     905        0.000100        0.003141        0.028281
     906        0.000100        0.002902        0.023615
     907        0.000100        0.002956        0.024545
     908        0.000100        0.002932        0.023698
     909        0.000100        0.002905        0.023188
     910        0.000100        0.002964        0.024612
     911        0.000100        0.002909        0.023561
     912        0.000100        0.002904        0.023379
     913        0.000100        0.003023        0.026294
     914        0.000100        0.003229        0.029567
     915        0.000100        0.003103        0.026929
     916        0.000100        0.002891        0.023858
     917        0.000100        0.003227        0.029845
     918        0.000100        0.003189        0.028307
     919        0.000100        0.002949        0.024001
     920        0.000100        0.002918        0.024350
     921        0.000100        0.003147        0.027030
     922        0.000100        0.002842        0.023492
     923        0.000100        0.003186        0.028526
     924        0.000100        0.002886        0.023843
     925        0.000100        0.002892        0.023439
     926        0.000100        0.002862        0.023646
     927        0.000100        0.002842        0.023440
     928        0.000100        0.002854        0.023485
     929        0.000100        0.003097        0.027881
     930        0.000100        0.003039        0.025666
     931        0.000100        0.003795        0.038231
     932        0.000100        0.003056        0.026442
     933        0.000100        0.002976        0.025072
     934        0.000100        0.002872        0.024152
     935        0.000100        0.002983        0.025164
     936        0.000100        0.002932        0.024987
     937        0.000100        0.003250        0.030374
     938        0.000100        0.002858        0.023818
     939        0.000100        0.002861        0.023626
     940        0.000100        0.002874        0.023861
     941        0.000100        0.003076        0.026260
     942        0.000100        0.002843        0.023636
     943        0.000100        0.002824        0.023455
     944        0.000100        0.003031        0.026984
     945        0.000100        0.002843        0.023496
     946        0.000100        0.002887        0.023842
     947        0.000100        0.002865        0.023760
     948        0.000100        0.002906        0.024632
     949        0.000100        0.002923        0.025291
     950        0.000100        0.002932        0.025553
     951        0.000100        0.002807        0.023375
     952        0.000100        0.002875        0.024731
     953        0.000100        0.002808        0.023143
     954        0.000100        0.002901        0.023708
     955        0.000100        0.002808        0.023319
     956        0.000100        0.002897        0.023723
     957        0.000100        0.002808        0.023332
     958        0.000100        0.002880        0.023772
     959        0.000100        0.003387        0.031879
     960        0.000100        0.003452        0.031793
     961        0.000100        0.002820        0.023174
     962        0.000100        0.002828        0.024408
     963        0.000100        0.002812        0.023510
     964        0.000100        0.002931        0.025149
     965        0.000100        0.002865        0.024403
     966        0.000100        0.002829        0.023162
     967        0.000100        0.002927        0.025458
     968        0.000100        0.002869        0.023663
     969        0.000100        0.002789        0.023082
     970        0.000100        0.003205        0.028716
     971        0.000100        0.002804        0.023695
     972        0.000100        0.002819        0.023863
     973        0.000100        0.002832        0.023726
     974        0.000100        0.002870        0.024328
     975        0.000100        0.002977        0.024362
     976        0.000100        0.003236        0.029184
     977        0.000100        0.002786        0.023121
     978        0.000100        0.002984        0.025387
     979        0.000100        0.002844        0.023974
     980        0.000100        0.002870        0.024149
     981        0.000100        0.002904        0.023949
     982        0.000100        0.002807        0.022745
     983        0.000100        0.002858        0.024396
     984        0.000100        0.002861        0.024045
     985        0.000100        0.002853        0.023605
     986        0.000100        0.002807        0.023322
     987        0.000100        0.003075        0.028308
     988        0.000100        0.002975        0.026251
     989        0.000100        0.002802        0.023387
     990        0.000100        0.002793        0.022818
     991        0.000100        0.002832        0.024160
     992        0.000100        0.002937        0.024849
     993        0.000100        0.002847        0.024663
     994        0.000100        0.003314        0.031471
     995        0.000100        0.002877        0.024764
     996        0.000100        0.002695        0.022491
     997        0.000100        0.002776        0.023500
     998        0.000100        0.002793        0.023495
     999        0.000100        0.002830        0.024353
    1000        0.000100        0.002856        0.024921
    1001        0.000100        0.003187        0.029530
    1002        0.000100        0.002770        0.023319
    1003        0.000100        0.002858        0.023956
    1004        0.000100        0.002764        0.023011
    1005        0.000100        0.002761        0.023260
    1006        0.000100        0.002908        0.025428
    1007        0.000100        0.002828        0.024469
    1008        0.000100        0.002742        0.023158
    1009        0.000100        0.002789        0.024599
    1010        0.000100        0.002837        0.023791
    1011        0.000100        0.002960        0.027561
    1012        0.000100        0.002835        0.024372
    1013        0.000100        0.002820        0.023877
    1014        0.000100        0.002837        0.023971
    1015        0.000100        0.003073        0.027189
    1016        0.000100        0.002801        0.024093
    1017        0.000100        0.002734        0.023172
    1018        0.000100        0.002707        0.022923
    1019        0.000100        0.002859        0.024926
    1020        0.000100        0.002751        0.023334
    1021        0.000100        0.002821        0.024208
    1022        0.000100        0.002752        0.023353
    1023        0.000100        0.002829        0.024639
    1024        0.000100        0.002754        0.023358
    1025        0.000100        0.002781        0.023508
    1026        0.000100        0.002858        0.025415
    1027        0.000100        0.002785        0.023112
    1028        0.000100        0.002707        0.022739
    1029        0.000100        0.002845        0.024834
    1030        0.000100        0.002707        0.023182
    1031        0.000100        0.002812        0.023774
    1032        0.000100        0.002851        0.024076
    1033        0.000100        0.002803        0.024578
    1034        0.000100        0.002740        0.023321
    1035        0.000100        0.002767        0.023126
    1036        0.000100        0.002767        0.023902
    1037        0.000100        0.002721        0.022872
    1038        0.000100        0.002982        0.026161
    1039        0.000100        0.002757        0.023283
    1040        0.000100        0.002867        0.025437
    1041        0.000100        0.002870        0.025276
    1042        0.000100        0.002941        0.024746
    1043        0.000100        0.002749        0.023354
    1044        0.000100        0.002819        0.024050
    1045        0.000100        0.002805        0.024230
    1046        0.000100        0.002702        0.022934
    1047        0.000100        0.002842        0.024356
    1048        0.000100        0.002976        0.027654
    1049        0.000100        0.002708        0.023010
    1050        0.000100        0.002821        0.025700
    1051        0.000100        0.003152        0.031065
    1052        0.000100        0.002955        0.026963
    1053        0.000100        0.002890        0.026185
    1054        0.000100        0.002748        0.023928
    1055        0.000100        0.002754        0.023643
    1056        0.000100        0.002742        0.023544
    1057        0.000100        0.002698        0.022970
    1058        0.000100        0.002745        0.023163
    1059        0.000100        0.002793        0.023506
    1060        0.000100        0.002774        0.024048
    1061        0.000100        0.002777        0.024235
    1062        0.000100        0.003200        0.031124
    1063        0.000100        0.002763        0.023716
    1064        0.000100        0.002814        0.025475
    1065        0.000100        0.002794        0.024026
    1066        0.000100        0.002806        0.025262
    1067        0.000100        0.002997        0.028056
    1068        0.000100        0.002716        0.023414
    1069        0.000100        0.002744        0.022801
    1070        0.000100        0.002724        0.022841
    1071        0.000100        0.002694        0.022461
    1072        0.000100        0.003368        0.032379
    1073        0.000100        0.002730        0.023393
    1074        0.000100        0.002724        0.023150
    1075        0.000100        0.002955        0.025815
    1076        0.000100        0.002759        0.023931
    1077        0.000100        0.002821        0.025671
    1078        0.000100        0.003037        0.027627
    1079        0.000100        0.002698        0.022988
    1080        0.000100        0.002814        0.024507
    1081        0.000100        0.002791        0.024441
    1082        0.000100        0.003101        0.029881
    1083        0.000100        0.002753        0.023476
    1084        0.000100        0.002763        0.023477
    1085        0.000100        0.002813        0.024962
    1086        0.000100        0.002683        0.022940
    1087        0.000100        0.002749        0.024237
    1088        0.000100        0.002790        0.024687
    1089        0.000100        0.002783        0.024793
    1090        0.000100        0.002673        0.022649
    1091        0.000100        0.002785        0.023533
    1092        0.000100        0.003136        0.030088
    1093        0.000100        0.002742        0.023559
    1094        0.000100        0.002671        0.022996
    1095        0.000100        0.002653        0.022702
    1096        0.000100        0.002777        0.025181
    1097        0.000100        0.002892        0.026801
    1098        0.000100        0.002723        0.023315
    1099        0.000100        0.002761        0.023240
    1100        0.000100        0.002822        0.025798
    1101        0.000100        0.002754        0.023571
    1102        0.000100        0.002681        0.022647
    1103        0.000100        0.002694        0.022625
    1104        0.000100        0.002777        0.024112
    1105        0.000100        0.003024        0.028113
    1106        0.000100        0.002688        0.023200
    1107        0.000100        0.002754        0.023143
    1108        0.000100        0.003560        0.035618
    1109        0.000100        0.002863        0.026246
    1110        0.000100        0.002675        0.022681
    1111        0.000100        0.002636        0.022698
    1112        0.000100        0.002763        0.024118
    1113        0.000100        0.002629        0.022094
    1114        0.000100        0.002743        0.023411
    1115        0.000100        0.002687        0.022911
    1116        0.000100        0.002692        0.023206
    1117        0.000100        0.002718        0.024000
    1118        0.000100        0.002729        0.023113
    1119        0.000100        0.002719        0.023829
    1120        0.000100        0.002727        0.023008
    1121        0.000100        0.002613        0.022107
    1122        0.000100        0.002644        0.022528
    1123        0.000100        0.002663        0.023217
    1124        0.000100        0.003048        0.028685
    1125        0.000100        0.002682        0.022621
    1126        0.000100        0.002720        0.022858
    1127        0.000100        0.002690        0.022805
    1128        0.000100        0.002771        0.023792
    1129        0.000100        0.002700        0.023174
    1130        0.000100        0.002706        0.023268
    1131        0.000100        0.002814        0.025580
    1132        0.000100        0.002795        0.024767
    1133        0.000100        0.002680        0.022781
    1134        0.000100        0.002722        0.023194
    1135        0.000100        0.002778        0.024623
    1136        0.000100        0.002768        0.024412
    1137        0.000100        0.002729        0.023456
    1138        0.000100        0.002680        0.022525
    1139        0.000100        0.002762        0.023551
    1140        0.000100        0.002694        0.022270
    1141        0.000100        0.002736        0.023491
    1142        0.000100        0.002750        0.024665
    1143        0.000100        0.002673        0.022498
    1144        0.000100        0.002667        0.022971
    1145        0.000100        0.002675        0.023117
    1146        0.000100        0.002925        0.027296
    1147        0.000100        0.002664        0.022557
    1148        0.000100        0.002661        0.022339
    1149        0.000100        0.002662        0.022421
    1150        0.000100        0.002727        0.023886
    1151        0.000100        0.002800        0.025463
    1152        0.000100        0.002675        0.023180
    1153        0.000100        0.002660        0.022365
    1154        0.000100        0.002889        0.026732
    1155        0.000100        0.002786        0.024165
    1156        0.000100        0.002711        0.023472
    1157        0.000100        0.002716        0.022987
    1158        0.000100        0.002683        0.022715
    1159        0.000100        0.002748        0.024839
    1160        0.000100        0.002645        0.022707
    1161        0.000100        0.002609        0.022659
    1162        0.000100        0.002795        0.024460
    1163        0.000100        0.002645        0.022440
    1164        0.000100        0.002721        0.024123
    1165        0.000100        0.002652        0.022400
    1166        0.000100        0.002700        0.023366
    1167        0.000100        0.002723        0.023269
    1168        0.000100        0.002774        0.024945
    1169        0.000100        0.002655        0.022576
    1170        0.000100        0.003081        0.029663
    1171        0.000100        0.002769        0.023730
    1172        0.000100        0.002685        0.023098
    1173        0.000100        0.002824        0.024652
    1174        0.000100        0.002707        0.023472
    1175        0.000100        0.002684        0.023790
    1176        0.000100        0.002683        0.022977
    1177        0.000100        0.003182        0.030670
    1178        0.000100        0.002693        0.023246
    1179        0.000100        0.002666        0.023781
    1180        0.000100        0.002783        0.024590
    1181        0.000100        0.002781        0.025670
    1182        0.000100        0.002631        0.022386
    1183        0.000100        0.003142        0.030684
    1184        0.000100        0.002783        0.024824
    1185        0.000100        0.002705        0.024047
    1186        0.000100        0.002697        0.023930
    1187        0.000100        0.002667        0.022469
    1188        0.000100        0.002676        0.022639
    1189        0.000100        0.002648        0.022963
    1190        0.000100        0.002623        0.022333
    1191        0.000100        0.002619        0.023313
    1192        0.000100        0.002661        0.023434
    1193        0.000100        0.002748        0.024476
    1194        0.000100        0.002736        0.024110
    1195        0.000100        0.002671        0.023357
    1196        0.000100        0.002790        0.025529
    1197        0.000100        0.002657        0.023389
    1198        0.000100        0.002758        0.024303
    1199        0.000100        0.002714        0.024033
    1200        0.000100        0.002628        0.022956
    1201        0.000100        0.002688        0.023532
    1202        0.000100        0.002774        0.025548
    1203        0.000100        0.002670        0.023139
    1204        0.000100        0.002715        0.023946
    1205        0.000100        0.002588        0.022224
    1206        0.000100        0.002723        0.024659
    1207        0.000100        0.002759        0.024910
    1208        0.000100        0.002669        0.023458
    1209        0.000100        0.002590        0.022391
    1210        0.000100        0.002862        0.027284
    1211        0.000100        0.002639        0.022646
    1212        0.000100        0.002923        0.027049
    1213        0.000100        0.002702        0.023358
    1214        0.000100        0.002890        0.026462
    1215        0.000100        0.002823        0.026353
    1216        0.000100        0.002648        0.022716
    1217        0.000100        0.002672        0.023441
    1218        0.000100        0.002642        0.022884
    1219        0.000100        0.002669        0.023570
    1220        0.000100        0.002666        0.022823
    1221        0.000100        0.002688        0.024200
    1222        0.000100        0.002656        0.022543
    1223        0.000100        0.002620        0.022301
    1224        0.000100        0.002802        0.025062
    1225        0.000100        0.002768        0.025740
    1226        0.000100        0.002674        0.023536
    1227        0.000100        0.002884        0.026364
    1228        0.000100        0.002792        0.026092
    1229        0.000100        0.002644        0.023449
    1230        0.000100        0.002578        0.022265
    1231        0.000100        0.002889        0.027526
    1232        0.000100        0.002605        0.022485
    1233        0.000100        0.002652        0.023398
    1234        0.000100        0.002823        0.026123
    1235        0.000100        0.002545        0.022039
    1236        0.000100        0.002678        0.024179
    1237        0.000100        0.002675        0.025179
    1238        0.000100        0.002640        0.022882
    1239        0.000100        0.002593        0.022170
    1240        0.000100        0.002650        0.023291
    1241        0.000100        0.002611        0.023224
    1242        0.000100        0.003048        0.030647
    1243        0.000100        0.002691        0.024523
    1244        0.000100        0.002683        0.023221
    1245        0.000100        0.002954        0.028157
    1246        0.000100        0.002633        0.022923
    1247        0.000100        0.002664        0.024552
    1248        0.000100        0.002578        0.022195
    1249        0.000100        0.002655        0.023782
    1250        0.000100        0.002616        0.022534
    1251        0.000100        0.002847        0.027526
    1252        0.000100        0.002650        0.023652
    1253        0.000100        0.002575        0.022371
    1254        0.000100        0.002726        0.024918
    1255        0.000100        0.002613        0.023078
    1256        0.000100        0.002623        0.022767
    1257        0.000100        0.002649        0.023585
    1258        0.000100        0.002580        0.022550
    1259        0.000100        0.002753        0.025116
    1260        0.000100        0.002839        0.026813
    1261        0.000100        0.003071        0.031362
    1262        0.000100        0.002625        0.022993
    1263        0.000100        0.002580        0.022935
    1264        0.000100        0.002621        0.023250
    1265        0.000100        0.002602        0.022496
    1266        0.000100        0.002661        0.022970
    1267        0.000100        0.002602        0.023195
    1268        0.000100        0.002618        0.023581
    1269        0.000100        0.002615        0.023314
    1270        0.000100        0.002628        0.023816
    1271        0.000100        0.002679        0.024032
    1272        0.000100        0.002626        0.022373
    1273        0.000100        0.002805        0.026141
    1274        0.000100        0.002648        0.024102
    1275        0.000100        0.002590        0.022791
    1276        0.000100        0.002822        0.026797
    1277        0.000100        0.002674        0.022562
    1278        0.000100        0.002611        0.022929
    1279        0.000100        0.002618        0.023225
    1280        0.000100        0.002550        0.022115
    1281        0.000100        0.002601        0.022778
    1282        0.000100        0.002605        0.023021
    1283        0.000100        0.002803        0.027016
    1284        0.000100        0.002594        0.022154
    1285        0.000100        0.002624        0.023612
    1286        0.000100        0.002663        0.024432
    1287        0.000100        0.002559        0.022045
    1288        0.000100        0.002598        0.022434
    1289        0.000100        0.002714        0.024585
    1290        0.000100        0.002560        0.022551
    1291        0.000100        0.002609        0.023175
    1292        0.000100        0.002744        0.024578
    1293        0.000100        0.002627        0.022680
    1294        0.000100        0.002668        0.024107
    1295        0.000100        0.002667        0.024138
    1296        0.000100        0.002933        0.028814
    1297        0.000100        0.002607        0.022430
    1298        0.000100        0.002747        0.025087
    1299        0.000100        0.002646        0.023980
    1300        0.000100        0.002616        0.022559
    1301        0.000100        0.002679        0.024090
    1302        0.000100        0.002588        0.022261
    1303        0.000100        0.002629        0.023010
    1304        0.000100        0.002686        0.024780
    1305        0.000100        0.002626        0.023096
    1306        0.000100        0.002646        0.023986
    1307        0.000100        0.002662        0.024461
    1308        0.000100        0.002653        0.022990
    1309        0.000100        0.002818        0.026060
    1310        0.000100        0.002569        0.022074
    1311        0.000100        0.002639        0.023155
    1312        0.000100        0.002669        0.023414
    1313        0.000100        0.002990        0.029245
    1314        0.000100        0.002682        0.023397
    1315        0.000100        0.002589        0.023141
    1316        0.000100        0.002717        0.024556
    1317        0.000100        0.002580        0.022153
    1318        0.000100        0.002668        0.023833
    1319        0.000100        0.002778        0.026503
    1320        0.000100        0.002684        0.025151
    1321        0.000100        0.002836        0.027127
    1322        0.000100        0.002584        0.021999
    1323        0.000100        0.002583        0.022689
    1324        0.000100        0.002621        0.022650
    1325        0.000100        0.002834        0.027511
    1326        0.000100        0.002553        0.022110
    1327        0.000100        0.002604        0.023117
    1328        0.000100        0.002611        0.023176
    1329        0.000100        0.002607        0.022605
    1330        0.000100        0.003211        0.033135
    1331        0.000100        0.002590        0.022700
    1332        0.000100        0.002628        0.023007
    1333        0.000100        0.002594        0.022371
    1334        0.000100        0.002776        0.025764
    1335        0.000100        0.002568        0.022233
    1336        0.000100        0.002752        0.026017
    1337        0.000100        0.002747        0.026098
    1338        0.000100        0.002577        0.022725
    1339        0.000100        0.002544        0.022490
    1340        0.000100        0.002579        0.022556
    1341        0.000100        0.002595        0.022643
    1342        0.000100        0.002542        0.021861
    1343        0.000100        0.002780        0.026855
    1344        0.000100        0.002601        0.022470
    1345        0.000100        0.002585        0.023171
    1346        0.000100        0.002613        0.023229
    1347        0.000100        0.002574        0.022263
    1348        0.000100        0.002616        0.022477
    1349        0.000100        0.002647        0.023103
    1350        0.000100        0.002516        0.021952
    1351        0.000100        0.002787        0.026185
    1352        0.000100        0.002584        0.022790
    1353        0.000100        0.002598        0.022213
    1354        0.000100        0.002596        0.023508
    1355        0.000100        0.002833        0.027097
    1356        0.000100        0.002561        0.022916
    1357        0.000100        0.002725        0.025581
    1358        0.000100        0.002545        0.022188
    1359        0.000100        0.002576        0.022320
    1360        0.000100        0.002571        0.022719
    1361        0.000100        0.002527        0.022233
    1362        0.000100        0.002542        0.022283
    1363        0.000100        0.002559        0.022439
    1364        0.000100        0.002632        0.024411
    1365        0.000100        0.002797        0.025965
    1366        0.000100        0.002567        0.022240
    1367        0.000100        0.002741        0.026184
    1368        0.000100        0.002564        0.023242
    1369        0.000100        0.002681        0.025433
    1370        0.000100        0.002741        0.024992
    1371        0.000100        0.002653        0.024652
    1372        0.000100        0.002570        0.022459
    1373        0.000100        0.002606        0.023829
    1374        0.000100        0.002545        0.022379
    1375        0.000100        0.002600        0.022625
    1376        0.000100        0.002909        0.028452
    1377        0.000100        0.002600        0.022609
    1378        0.000100        0.002637        0.023781
    1379        0.000100        0.002672        0.024490
    1380        0.000100        0.002577        0.023323
    1381        0.000100        0.002593        0.023704
    1382        0.000100        0.002572        0.022362
    1383        0.000100        0.002554        0.022391
    1384        0.000100        0.002547        0.022050
    1385        0.000100        0.002555        0.022383
    1386        0.000100        0.002749        0.026401
    1387        0.000100        0.002578        0.022275
    1388        0.000100        0.002650        0.024431
    1389        0.000100        0.002619        0.023802
    1390        0.000100        0.002516        0.022034
    1391        0.000100        0.002803        0.027354
    1392        0.000100        0.002496        0.022557
    1393        0.000100        0.002552        0.022818
    1394        0.000100        0.002695        0.025902
    1395        0.000100        0.002575        0.023265
    1396        0.000100        0.002526        0.022260
    1397        0.000100        0.002856        0.027849
    1398        0.000100        0.002566        0.022828
    1399        0.000100        0.002553        0.021999
    1400        0.000100        0.002566        0.022343
    1401        0.000100        0.002681        0.025360
    1402        0.000100        0.002762        0.025533
    1403        0.000100        0.002705        0.025795
    1404        0.000100        0.002576        0.022733
    1405        0.000100        0.002550        0.022344
    1406        0.000100        0.002509        0.022097
    1407        0.000100        0.002554        0.022331
    1408        0.000100        0.002603        0.023714
    1409        0.000100        0.002721        0.025114
    1410        0.000100        0.002663        0.025161
    1411        0.000100        0.002840        0.027576
    1412        0.000100        0.002599        0.023664
    1413        0.000100        0.002546        0.021767
    1414        0.000100        0.002547        0.022401
    1415        0.000100        0.002570        0.022474
    1416        0.000100        0.002516        0.022322
    1417        0.000100        0.002513        0.022264
    1418        0.000100        0.002510        0.022045
    1419        0.000100        0.002509        0.021813
    1420        0.000100        0.002654        0.024509
    1421        0.000100        0.002568        0.022745
    1422        0.000100        0.002498        0.021930
    1423        0.000100        0.002528        0.022590
    1424        0.000100        0.002517        0.022594
    1425        0.000100        0.002622        0.023625
    1426        0.000100        0.002667        0.024471
    1427        0.000100        0.002492        0.021863
    1428        0.000100        0.002533        0.022635
    1429        0.000100        0.002522        0.022377
    1430        0.000100        0.002521        0.022566
    1431        0.000100        0.002824        0.027463
    1432        0.000100        0.002538        0.022110
    1433        0.000100        0.002583        0.023148
    1434        0.000100        0.002555        0.022292
    1435        0.000100        0.002712        0.026400
    1436        0.000100        0.002557        0.022733
    1437        0.000100        0.002650        0.024735
    1438        0.000100        0.002522        0.022162
    1439        0.000100        0.002746        0.026779
    1440        0.000100        0.002589        0.023963
    1441        0.000100        0.002624        0.023329
    1442        0.000100        0.002524        0.022246
    1443        0.000100        0.002670        0.025518
    1444        0.000100        0.002548        0.022369
    1445        0.000100        0.002520        0.022171
    1446        0.000100        0.003120        0.032686
    1447        0.000100        0.002573        0.022673
    1448        0.000100        0.002719        0.025955
    1449        0.000100        0.002975        0.029047
    1450        0.000100        0.002633        0.024206
    1451        0.000100        0.002584        0.024119
    1452        0.000100        0.002558        0.022220
    1453        0.000100        0.002515        0.022226
    1454        0.000100        0.002809        0.026637
    1455        0.000100        0.002544        0.022751
    1456        0.000100        0.002555        0.022641
    1457        0.000100        0.002507        0.021624
    1458        0.000100        0.002666        0.025077
    1459        0.000100        0.002500        0.022023
    1460        0.000100        0.002684        0.024975
    1461        0.000100        0.002590        0.023111
    1462        0.000100        0.002584        0.024141
    1463        0.000100        0.002844        0.028626
    1464        0.000100        0.002525        0.022837
    1465        0.000100        0.002543        0.022461
    1466        0.000100        0.002529        0.022427
    1467        0.000100        0.002466        0.022066
    1468        0.000100        0.002521        0.022285
    1469        0.000100        0.002492        0.021981
    1470        0.000100        0.002553        0.022215
    1471        0.000100        0.002597        0.023863
    1472        0.000100        0.002569        0.022749
    1473        0.000100        0.002518        0.022135
    1474        0.000100        0.002693        0.025322
    1475        0.000100        0.002522        0.022016
    1476        0.000100        0.002686        0.024320
    1477        0.000100        0.002652        0.025056
    1478        0.000100        0.002528        0.022484
    1479        0.000100        0.002576        0.022684
    1480        0.000100        0.002515        0.022133
    1481        0.000100        0.002510        0.021873
    1482        0.000100        0.002749        0.027214
    1483        0.000100        0.002948        0.030364
    1484        0.000100        0.002481        0.021922
    1485        0.000100        0.002515        0.022482
    1486        0.000100        0.002502        0.021959
    1487        0.000100        0.002502        0.021860
    1488        0.000100        0.002513        0.022312
    1489        0.000100        0.002510        0.022159
    1490        0.000100        0.002528        0.022388
    1491        0.000100        0.002561        0.023022
    1492        0.000100        0.002846        0.027936
    1493        0.000100        0.002509        0.021900
    1494        0.000100        0.002766        0.027041
    1495        0.000100        0.002560        0.022589
    1496        0.000100        0.002572        0.023930
    1497        0.000100        0.002518        0.022143
    1498        0.000100        0.002499        0.022152
    1499        0.000100        0.002556        0.022601
    1500        0.000100        0.002506        0.022073
    1501        0.000100        0.002614        0.024749
    1502        0.000100        0.002607        0.024488
    1503        0.000100        0.002622        0.024340
    1504        0.000100        0.002490        0.021892
    1505        0.000100        0.002550        0.022885
    1506        0.000100        0.002502        0.021959
    1507        0.000100        0.002507        0.022704
    1508        0.000100        0.002669        0.025549
    1509        0.000100        0.002663        0.025880
    1510        0.000100        0.002654        0.024710
    1511        0.000100        0.002564        0.022433
    1512        0.000100        0.002521        0.022535
    1513        0.000100        0.002573        0.022838
    1514        0.000100        0.002657        0.025248
    1515        0.000100        0.003047        0.031877
    1516        0.000100        0.002612        0.024530
    1517        0.000100        0.002495        0.022200
    1518        0.000100        0.002486        0.022130
    1519        0.000100        0.002480        0.022109
    1520        0.000100        0.002478        0.021792
    1521        0.000100        0.002829        0.027784
    1522        0.000100        0.002729        0.024937
    1523        0.000100        0.002512        0.022340
    1524        0.000100        0.002593        0.023469
    1525        0.000100        0.002603        0.024108
    1526        0.000100        0.002701        0.025756
    1527        0.000100        0.002489        0.021803
    1528        0.000100        0.003230        0.033172
    1529        0.000100        0.002471        0.021791
    1530        0.000100        0.002493        0.022250
    1531        0.000100        0.002522        0.022693
    1532        0.000100        0.002576        0.022555
    1533        0.000100        0.002543        0.023494
    1534        0.000100        0.002499        0.022030
    1535        0.000100        0.002736        0.025525
    1536        0.000100        0.002541        0.022347
    1537        0.000100        0.002564        0.023085
    1538        0.000100        0.002515        0.022571
    1539        0.000100        0.002463        0.021553
    1540        0.000100        0.002540        0.022945
    1541        0.000100        0.002528        0.022202
    1542        0.000100        0.002495        0.021991
    1543        0.000100        0.002481        0.022414
    1544        0.000100        0.002542        0.023121
    1545        0.000100        0.002496        0.022924
    1546        0.000100        0.002469        0.021519
    1547        0.000100        0.002622        0.024350
    1548        0.000100        0.002559        0.023202
    1549        0.000100        0.002457        0.022110
    1550        0.000100        0.002553        0.022844
    1551        0.000100        0.002534        0.023042
    1552        0.000100        0.002506        0.022597
    1553        0.000100        0.002460        0.022024
    1554        0.000100        0.002486        0.022264
    1555        0.000100        0.002511        0.022821
    1556        0.000100        0.002549        0.024195
    1557        0.000100        0.002493        0.021974
    1558        0.000100        0.002583        0.023448
    1559        0.000100        0.002538        0.023698
    1560        0.000100        0.002504        0.022667
    1561        0.000100        0.002677        0.024885
    1562        0.000100        0.002461        0.022448
    1563        0.000100        0.002504        0.022107
    1564        0.000100        0.002576        0.024310
    1565        0.000100        0.002488        0.022105
    1566        0.000100        0.002476        0.021784
    1567        0.000100        0.002540        0.022335
    1568        0.000100        0.002465        0.022133
    1569        0.000100        0.002478        0.021967
    1570        0.000100        0.002473        0.022457
    1571        0.000100        0.002472        0.022383
    1572        0.000100        0.002464        0.021617
    1573        0.000100        0.002531        0.023548
    1574        0.000100        0.002532        0.022741
    1575        0.000100        0.002513        0.023565
    1576        0.000100        0.002569        0.023507
    1577        0.000100        0.002466        0.021771
    1578        0.000100        0.002605        0.024355
    1579        0.000100        0.002512        0.022662
    1580        0.000100        0.002693        0.025381
    1581        0.000100        0.002488        0.022002
    1582        0.000100        0.002431        0.021652
    1583        0.000100        0.002452        0.021667
    1584        0.000100        0.002468        0.022012
    1585        0.000100        0.002442        0.021766
    1586        0.000100        0.002520        0.022644
    1587        0.000100        0.002499        0.022789
    1588        0.000100        0.002748        0.027547
    1589        0.000100        0.002591        0.023030
    1590        0.000100        0.002457        0.022173
    1591        0.000100        0.002492        0.021951
    1592        0.000100        0.002479        0.022199
    1593        0.000100        0.002487        0.022931
    1594        0.000100        0.002490        0.022370
    1595        0.000100        0.002450        0.022319
    1596        0.000100        0.002576        0.025075
    1597        0.000100        0.002455        0.021493
    1598        0.000100        0.002581        0.024304
    1599        0.000100        0.002423        0.021343
    1600        0.000100        0.002625        0.025153
    1601        0.000100        0.002526        0.022723
    1602        0.000100        0.002501        0.023006
    1603        0.000100        0.002582        0.024904
    1604        0.000100        0.002515        0.023061
    1605        0.000100        0.002519        0.022633
    1606        0.000100        0.002473        0.022154
    1607        0.000100        0.002423        0.021687
    1608        0.000100        0.002503        0.022118
    1609        0.000100        0.002485        0.022250
    1610        0.000100        0.002454        0.021387
    1611        0.000100        0.002490        0.022551
    1612        0.000100        0.002475        0.022160
    1613        0.000100        0.002423        0.021632
    1614        0.000100        0.002431        0.021637
    1615        0.000100        0.002391        0.021559
    1616        0.000100        0.002681        0.027394
    1617        0.000100        0.002487        0.022080
    1618        0.000100        0.002510        0.022946
    1619        0.000100        0.002583        0.024124
    1620        0.000100        0.002450        0.022548
    1621        0.000100        0.002613        0.025797
    1622        0.000100        0.002455        0.022522
    1623        0.000100        0.002450        0.021962
    1624        0.000100        0.002516        0.022878
    1625        0.000100        0.002451        0.022013
    1626        0.000100        0.002547        0.023570
    1627        0.000100        0.002703        0.027027
    1628        0.000100        0.002829        0.028466
    1629        0.000100        0.002432        0.021874
    1630        0.000100        0.002489        0.022488
    1631        0.000100        0.002443        0.021498
    1632        0.000100        0.002526        0.022624
    1633        0.000100        0.002485        0.022429
    1634        0.000100        0.002473        0.022147
    1635        0.000100        0.002462        0.022461
    1636        0.000100        0.002456        0.021698
    1637        0.000100        0.002469        0.022067
    1638        0.000100        0.002711        0.026504
    1639        0.000100        0.002592        0.023904
    1640        0.000100        0.002492        0.022820
    1641        0.000100        0.002617        0.024618
    1642        0.000100        0.002501        0.022545
    1643        0.000100        0.002494        0.022760
    1644        0.000100        0.002472        0.022353
    1645        0.000100        0.002662        0.025289
    1646        0.000100        0.002458        0.021997
    1647        0.000100        0.002493        0.022132
    1648        0.000100        0.002453        0.021735
    1649        0.000100        0.002519        0.022713
    1650        0.000100        0.002611        0.024058
    1651        0.000100        0.002463        0.022146
    1652        0.000100        0.002543        0.023827
    1653        0.000100        0.002428        0.021282
    1654        0.000100        0.002532        0.023635
    1655        0.000100        0.002526        0.023432
    1656        0.000100        0.002539        0.023343
    1657        0.000100        0.002572        0.023700
    1658        0.000100        0.002439        0.021675
    1659        0.000100        0.002518        0.023665
    1660        0.000100        0.002489        0.021670
    1661        0.000100        0.002498        0.022577
    1662        0.000100        0.002483        0.022392
    1663        0.000100        0.002463        0.022089
    1664        0.000100        0.002465        0.021902
    1665        0.000100        0.002403        0.021613
    1666        0.000100        0.002482        0.022294
    1667        0.000100        0.002590        0.024763
    1668        0.000100        0.002831        0.029429
    1669        0.000100        0.002448        0.022133
    1670        0.000100        0.002489        0.022228
    1671        0.000100        0.002458        0.021704
    1672        0.000100        0.002507        0.023252
    1673        0.000100        0.002751        0.028105
    1674        0.000100        0.002525        0.023546
    1675        0.000100        0.002446        0.021658
    1676        0.000100        0.002503        0.022956
    1677        0.000100        0.002485        0.022294
    1678        0.000100        0.002638        0.025385
    1679        0.000100        0.002662        0.025936
    1680        0.000100        0.002420        0.021451
    1681        0.000100        0.002503        0.022663
    1682        0.000100        0.002473        0.022492
    1683        0.000100        0.002701        0.025663
    1684        0.000100        0.002505        0.022443
    1685        0.000100        0.002448        0.021816
    1686        0.000100        0.002450        0.021929
    1687        0.000100        0.002543        0.022325
    1688        0.000100        0.002535        0.024397
    1689        0.000100        0.002874        0.029315
    1690        0.000100        0.002620        0.024596
    1691        0.000100        0.002510        0.022308
    1692        0.000100        0.002498        0.022834
    1693        0.000100        0.002488        0.022500
    1694        0.000100        0.002597        0.025065
    1695        0.000100        0.002459        0.021532
    1696        0.000100        0.002443        0.021975
    1697        0.000100        0.002501        0.023301
    1698        0.000100        0.002489        0.022445
    1699        0.000100        0.002422        0.021946
    1700        0.000100        0.002402        0.021596
    1701        0.000100        0.002748        0.028036
    1702        0.000100        0.002557        0.023793
    1703        0.000100        0.002478        0.022499
    1704        0.000100        0.002593        0.024199
    1705        0.000100        0.002506        0.022769
    1706        0.000100        0.002505        0.023052
    1707        0.000100        0.002458        0.021440
    1708        0.000100        0.002613        0.024488
    1709        0.000100        0.002443        0.021832
    1710        0.000100        0.002505        0.021934
    1711        0.000100        0.002692        0.026951
    1712        0.000100        0.002740        0.027444
    1713        0.000100        0.002455        0.022346
    1714        0.000100        0.002434        0.021876
    1715        0.000100        0.002591        0.024925
    1716        0.000100        0.002463        0.021775
    1717        0.000100        0.002389        0.021637
    1718        0.000100        0.002485        0.022161
    1719        0.000100        0.002466        0.022403
    1720        0.000100        0.002454        0.021993
    1721        0.000100        0.002418        0.021671
    1722        0.000100        0.002406        0.021799
    1723        0.000100        0.002529        0.023142
    1724        0.000100        0.002532        0.023972
    1725        0.000100        0.002449        0.021999
    1726        0.000100        0.002439        0.021723
    1727        0.000100        0.002429        0.021762
    1728        0.000100        0.002441        0.022047
    1729        0.000100        0.002421        0.021791
    1730        0.000100        0.002500        0.022350
    1731        0.000100        0.002508        0.023873
    1732        0.000100        0.002417        0.021512
    1733        0.000100        0.002476        0.022509
    1734        0.000100        0.002499        0.022024
    1735        0.000100        0.002423        0.021615
    1736        0.000100        0.002418        0.022215
    1737        0.000100        0.002409        0.021634
    1738        0.000100        0.002402        0.021272
    1739        0.000100        0.002454        0.022158
    1740        0.000100        0.002390        0.021582
    1741        0.000100        0.002405        0.021387
    1742        0.000100        0.002471        0.022383
    1743        0.000100        0.002406        0.021677
    1744        0.000100        0.002444        0.022064
    1745        0.000100        0.002430        0.022044
    1746        0.000100        0.002498        0.022626
    1747        0.000100        0.002467        0.022925
    1748        0.000100        0.002442        0.022041
    1749        0.000100        0.002490        0.023306
    1750        0.000100        0.002424        0.021498
    1751        0.000100        0.002409        0.021518
    1752        0.000100        0.002515        0.022022
    1753        0.000100        0.002418        0.021677
