       0        0.000100     5090.634303       70.841125
       1        0.000100     3550.820948       59.071907
       2        0.000100     1947.984129       43.567677
       3        0.000100      766.506369       26.940018
       4        0.000100      207.501399       13.157174
       5        0.000100       54.372564        5.936756
       6        0.000100       28.516025        4.278437
       7        0.000100       22.492905        3.828735
       8        0.000100       18.497977        3.475502
       9        0.000100       15.002615        3.125475
      10        0.000100       11.989217        2.784871
      11        0.000100        9.483381        2.467509
      12        0.000100        7.443492        2.180929
      13        0.000100        5.827970        1.927895
      14        0.000100        4.580174        1.708524
      15        0.000100        3.621727        1.521157
      16        0.000100        2.892958        1.362202
      17        0.000100        2.341677        1.226037
      18        0.000100        1.917443        1.107355
      19        0.000100        1.591047        1.005447
      20        0.000100        1.338435        0.917612
      21        0.000100        1.142008        0.842702
      22        0.000100        0.985238        0.777424
      23        0.000100        0.859938        0.722467
      24        0.000100        0.756224        0.675047
      25        0.000100        0.668990        0.631745
      26        0.000100        0.597604        0.593986
      27        0.000100        0.533462        0.558523
      28        0.000100        0.476667        0.525844
      29        0.000100        0.427761        0.496490
      30        0.000100        0.383336        0.468117
      31        0.000100        0.343703        0.441686
      32        0.000100        0.308154        0.416753
      33        0.000100        0.275714        0.393416
      34        0.000100        0.248337        0.372016
      35        0.000100        0.225072        0.355327
      36        0.000100        0.201263        0.334654
      37        0.000100        0.181006        0.314516
      38        0.000100        0.164537        0.297874
      39        0.000100        0.154310        0.290772
      40        0.000100        0.144359        0.281359
      41        0.000100        0.124153        0.254666
      42        0.000100        0.114012        0.242148
      43        0.000100        0.105133        0.233562
      44        0.000100        0.096747        0.223609
      45        0.000100        0.088475        0.210351
      46        0.000100        0.078613        0.198035
      47        0.000100        0.071919        0.188748
      48        0.000100        0.065296        0.179627
      49        0.000100        0.061178        0.175545
      50        0.000100        0.054319        0.162905
      51        0.000100        0.048845        0.154232
      52        0.000100        0.044283        0.147407
      53        0.000100        0.040440        0.141215
      54        0.000100        0.035756        0.132287
      55        0.000100        0.033808        0.129260
      56        0.000100        0.029582        0.122173
      57        0.000100        0.026633        0.115836
      58        0.000100        0.023642        0.109031
      59        0.000100        0.022225        0.106080
      60        0.000100        0.021413        0.104596
      61        0.000100        0.018715        0.098348
      62        0.000100        0.017214        0.093939
      63        0.000100        0.015071        0.086582
      64        0.000100        0.015219        0.088129
      65        0.000100        0.015578        0.091753
      66        0.000100        0.012507        0.078984
      67        0.000100        0.013820        0.084737
      68        0.000100        0.013113        0.084553
      69        0.000100        0.011397        0.076241
      70        0.000100        0.009939        0.068613
      71        0.000100        0.010115        0.070827
      72        0.000100        0.009429        0.067172
      73        0.000100        0.010319        0.072931
      74        0.000100        0.008817        0.063732
      75        0.000100        0.008369        0.062333
      76        0.000100        0.008314        0.062443
      77        0.000100        0.008068        0.061394
      78        0.000100        0.009285        0.068986
      79        0.000100        0.007723        0.058570
      80        0.000100        0.007326        0.057162
      81        0.000100        0.007235        0.056747
      82        0.000100        0.007989        0.063226
      83        0.000100        0.006841        0.055648
      84        0.000100        0.008043        0.062999
      85        0.000100        0.006746        0.054845
      86        0.000100        0.006539        0.053655
      87        0.000100        0.006388        0.052350
      88        0.000100        0.006499        0.053715
      89        0.000100        0.013763        0.096212
      90        0.000100        0.007290        0.059675
      91        0.000100        0.006953        0.057122
      92        0.000100        0.005856        0.049708
      93        0.000100        0.005869        0.049526
      94        0.000100        0.005861        0.050672
      95        0.000100        0.005982        0.052254
      96        0.000100        0.006136        0.052118
      97        0.000100        0.006280        0.054446
      98        0.000100        0.006200        0.052168
      99        0.000100        0.005604        0.049282
     100        0.000100        0.005414        0.047394
     101        0.000100        0.006543        0.055967
     102        0.000100        0.005134        0.045860
     103        0.000100        0.005892        0.049927
     104        0.000100        0.005104        0.045380
     105        0.000100        0.005343        0.046591
     106        0.000100        0.005164        0.046479
     107        0.000100        0.005563        0.049632
     108        0.000100        0.007364        0.064390
     109        0.000100        0.004926        0.044033
     110        0.000100        0.005249        0.047210
     111        0.000100        0.004957        0.044529
     112        0.000100        0.006385        0.058123
     113        0.000100        0.006646        0.058719
     114        0.000100        0.004837        0.043510
     115        0.000100        0.004711        0.042586
     116        0.000100        0.004667        0.042283
     117        0.000100        0.004791        0.043898
     118        0.000100        0.004772        0.043848
     119        0.000100        0.004754        0.042180
     120        0.000100        0.007943        0.067918
     121        0.000100        0.004915        0.045703
     122        0.000100        0.005844        0.053455
     123        0.000100        0.004758        0.042500
     124        0.000100        0.004751        0.043626
     125        0.000100        0.008625        0.073382
     126        0.000100        0.006431        0.058261
     127        0.000100        0.006361        0.057842
     128        0.000100        0.004906        0.044717
     129        0.000100        0.005625        0.050967
     130        0.000100        0.007121        0.063355
     131        0.000100        0.004341        0.039597
     132        0.000100        0.004899        0.045051
     133        0.000100        0.004376        0.040077
     134        0.000100        0.004308        0.039537
     135        0.000100        0.005277        0.048652
     136        0.000100        0.004238        0.038688
     137        0.000100        0.004250        0.039027
     138        0.000100        0.004270        0.039346
     139        0.000100        0.005288        0.046452
     140        0.000100        0.005716        0.051374
     141        0.000100        0.005215        0.045810
     142        0.000100        0.004189        0.038458
     143        0.000100        0.005107        0.046677
     144        0.000100        0.004353        0.040060
     145        0.000100        0.004255        0.038083
     146        0.000100        0.008335        0.071358
     147        0.000100        0.004326        0.039116
     148        0.000100        0.004612        0.042838
     149        0.000100        0.004463        0.040758
     150        0.000100        0.004152        0.037585
     151        0.000100        0.004320        0.039429
     152        0.000100        0.005190        0.047914
     153        0.000100        0.005384        0.050555
     154        0.000100        0.007136        0.061785
     155        0.000100        0.004059        0.037272
     156        0.000100        0.004435        0.040039
     157        0.000100        0.004504        0.040592
     158        0.000100        0.004090        0.036803
     159        0.000100        0.004130        0.036930
     160        0.000100        0.004278        0.038295
     161        0.000100        0.004563        0.041870
     162        0.000100        0.004781        0.042765
     163        0.000100        0.004276        0.038728
     164        0.000100        0.005798        0.053549
     165        0.000100        0.004007        0.035889
     166        0.000100        0.005909        0.053994
     167        0.000100        0.004096        0.036926
     168        0.000100        0.005058        0.046145
     169        0.000100        0.004033        0.036152
     170        0.000100        0.003987        0.035724
     171        0.000100        0.004960        0.045759
     172        0.000100        0.004794        0.043238
     173        0.000100        0.004722        0.042872
     174        0.000100        0.008143        0.071382
     175        0.000100        0.004615        0.042586
     176        0.000100        0.004143        0.036669
     177        0.000100        0.003928        0.035441
     178        0.000100        0.004966        0.046096
     179        0.000100        0.004035        0.036553
     180        0.000100        0.004479        0.040920
     181        0.000100        0.007261        0.064484
     182        0.000100        0.003975        0.035305
     183        0.000100        0.004298        0.038937
     184        0.000100        0.004040        0.035790
     185        0.000100        0.004080        0.036844
     186        0.000100        0.005522        0.051893
     187        0.000100        0.004914        0.044900
     188        0.000100        0.004049        0.036161
     189        0.000100        0.004130        0.037605
     190        0.000100        0.004117        0.036477
     191        0.000100        0.003967        0.035246
     192        0.000100        0.004047        0.035131
     193        0.000100        0.003848        0.033861
     194        0.000100        0.005760        0.053405
     195        0.000100        0.004946        0.043971
     196        0.000100        0.003992        0.035271
     197        0.000100        0.004069        0.037061
     198        0.000100        0.003891        0.034158
     199        0.000100        0.004257        0.038631
     200        0.000100        0.004052        0.035546
     201        0.000100        0.003842        0.033690
     202        0.000100        0.004418        0.041107
     203        0.000100        0.005160        0.047275
     204        0.000100        0.004150        0.038517
     205        0.000100        0.004103        0.036365
     206        0.000100        0.003838        0.033796
     207        0.000100        0.005728        0.053670
     208        0.000100        0.003970        0.035449
     209        0.000100        0.004152        0.037915
     210        0.000100        0.003887        0.034432
     211        0.000100        0.003749        0.033220
     212        0.000100        0.003846        0.033430
     213        0.000100        0.004802        0.043843
     214        0.000100        0.004073        0.035186
     215        0.000100        0.003832        0.033699
     216        0.000100        0.004613        0.041777
     217        0.000100        0.003897        0.034943
     218        0.000100        0.004146        0.035633
     219        0.000100        0.008812        0.075126
     220        0.000100        0.003998        0.035495
     221        0.000100        0.006549        0.059149
     222        0.000100        0.004019        0.035383
     223        0.000100        0.003716        0.032768
     224        0.000100        0.003686        0.032906
     225        0.000100        0.004234        0.037905
     226        0.000100        0.008421        0.072567
     227        0.000100        0.003761        0.032969
     228        0.000100        0.004198        0.039355
     229        0.000100        0.004655        0.041574
     230        0.000100        0.003934        0.034764
     231        0.000100        0.004208        0.039069
     232        0.000100        0.004111        0.037478
     233        0.000100        0.004425        0.040869
     234        0.000100        0.004033        0.036119
     235        0.000100        0.003822        0.034261
     236        0.000100        0.003687        0.032455
     237        0.000100        0.003855        0.035261
     238        0.000100        0.004679        0.043432
     239        0.000100        0.004411        0.040130
     240        0.000100        0.004085        0.037013
     241        0.000100        0.003699        0.033190
     242        0.000100        0.003711        0.033027
     243        0.000100        0.003951        0.035751
     244        0.000100        0.003571        0.032403
     245        0.000100        0.003715        0.033146
     246        0.000100        0.004379        0.041345
     247        0.000100        0.003612        0.031898
     248        0.000100        0.003775        0.034621
     249        0.000100        0.003942        0.037176
     250        0.000100        0.004150        0.038705
     251        0.000100        0.006014        0.055715
     252        0.000100        0.003567        0.032001
     253        0.000100        0.004584        0.043340
     254        0.000100        0.003544        0.031645
     255        0.000100        0.004036        0.036706
     256        0.000100        0.004480        0.042608
     257        0.000100        0.003574        0.032296
     258        0.000100        0.003536        0.031962
     259        0.000100        0.003664        0.032313
     260        0.000100        0.003631        0.032507
     261        0.000100        0.006280        0.059601
     262        0.000100        0.003672        0.033993
     263        0.000100        0.005710        0.053612
     264        0.000100        0.003452        0.031469
     265        0.000100        0.003773        0.034069
     266        0.000100        0.007040        0.064774
     267        0.000100        0.003993        0.037296
     268        0.000100        0.004241        0.039870
     269        0.000100        0.005817        0.056158
     270        0.000100        0.003931        0.036498
     271        0.000100        0.003788        0.033701
     272        0.000100        0.007628        0.068082
     273        0.000100        0.003768        0.034908
     274        0.000100        0.003787        0.035454
     275        0.000100        0.003537        0.031591
     276        0.000100        0.003815        0.035328
     277        0.000100        0.003593        0.032555
     278        0.000100        0.004229        0.041318
     279        0.000100        0.003901        0.036910
     280        0.000100        0.004303        0.040117
     281        0.000100        0.003837        0.036582
     282        0.000100        0.003605        0.032987
     283        0.000100        0.003475        0.031591
     284        0.000100        0.003835        0.035152
     285        0.000100        0.003390        0.031013
     286        0.000100        0.006170        0.059530
     287        0.000100        0.003455        0.031012
     288        0.000100        0.003862        0.037437
     289        0.000100        0.003368        0.031192
     290        0.000100        0.003789        0.035352
     291        0.000100        0.004638        0.044359
     292        0.000100        0.003739        0.035449
     293        0.000100        0.003486        0.031209
     294        0.000100        0.004162        0.040384
     295        0.000100        0.003661        0.035286
     296        0.000100        0.004599        0.044592
     297        0.000100        0.003337        0.029770
     298        0.000100        0.003417        0.031548
     299        0.000100        0.004501        0.044646
     300        0.000100        0.003509        0.032920
     301        0.000100        0.006053        0.057863
     302        0.000100        0.004154        0.041090
     303        0.000100        0.003449        0.032054
     304        0.000100        0.003321        0.031009
     305        0.000100        0.004399        0.043003
     306        0.000100        0.003563        0.033967
     307        0.000100        0.003938        0.037391
     308        0.000100        0.003912        0.038321
     309        0.000100        0.003390        0.031017
     310        0.000100        0.003622        0.033544
     311        0.000100        0.003446        0.031683
     312        0.000100        0.003644        0.035009
     313        0.000100        0.005427        0.053301
     314        0.000100        0.003359        0.030363
     315        0.000100        0.003387        0.030783
     316        0.000100        0.003710        0.034821
     317        0.000100        0.004404        0.042465
     318        0.000100        0.003516        0.031789
     319        0.000100        0.004589        0.044191
     320        0.000100        0.005721        0.055999
     321        0.000100        0.005710        0.055116
     322        0.000100        0.003855        0.036998
     323        0.000100        0.003466        0.033658
     324        0.000100        0.003477        0.033572
     325        0.000100        0.003235        0.029417
     326        0.000100        0.003474        0.032895
     327        0.000100        0.003246        0.029733
     328        0.000100        0.003288        0.030845
     329        0.000100        0.004140        0.041613
     330        0.000100        0.003368        0.030437
     331        0.000100        0.004564        0.044514
     332        0.000100        0.004615        0.045150
     333        0.000100        0.003467        0.034130
     334        0.000100        0.003171        0.028880
     335        0.000100        0.003473        0.033312
     336        0.000100        0.003321        0.031560
     337        0.000100        0.003292        0.030351
     338        0.000100        0.003816        0.037804
     339        0.000100        0.005490        0.053804
     340        0.000100        0.003300        0.030514
     341        0.000100        0.003902        0.038363
     342        0.000100        0.003281        0.031181
     343        0.000100        0.003122        0.029293
     344        0.000100        0.003928        0.038724
     345        0.000100        0.003556        0.034147
     346        0.000100        0.004186        0.041938
     347        0.000100        0.005178        0.051697
     348        0.000100        0.003524        0.033743
     349        0.000100        0.003804        0.038261
     350        0.000100        0.003265        0.030000
     351        0.000100        0.004731        0.048184
     352        0.000100        0.003562        0.035371
     353        0.000100        0.009607        0.082385
     354        0.000100        0.004348        0.043836
     355        0.000100        0.003406        0.033772
     356        0.000100        0.003272        0.030350
     357        0.000100        0.003497        0.033900
     358        0.000100        0.003463        0.033151
     359        0.000100        0.003659        0.036170
     360        0.000100        0.003253        0.029697
     361        0.000100        0.004849        0.049062
     362        0.000100        0.003833        0.038064
     363        0.000100        0.003508        0.033763
     364        0.000100        0.006871        0.066001
     365        0.000100        0.003450        0.033753
     366        0.000100        0.003564        0.034448
     367        0.000100        0.003230        0.029650
     368        0.000100        0.003242        0.029941
     369        0.000100        0.003307        0.031617
     370        0.000100        0.003114        0.029303
     371        0.000100        0.003091        0.028437
     372        0.000100        0.003762        0.037299
     373        0.000100        0.003620        0.034367
     374        0.000100        0.003077        0.028362
     375        0.000100        0.003162        0.028822
     376        0.000100        0.004760        0.047754
     377        0.000100        0.004248        0.043315
     378        0.000100        0.003271        0.030893
     379        0.000100        0.003889        0.039553
     380        0.000100        0.003078        0.028105
     381        0.000100        0.003300        0.031128
     382        0.000100        0.003205        0.030505
     383        0.000100        0.004119        0.041547
     384        0.000100        0.003105        0.029535
     385        0.000100        0.003987        0.039042
     386        0.000100        0.003071        0.028087
     387        0.000100        0.004396        0.042928
     388        0.000100        0.003726        0.035985
     389        0.000100        0.003197        0.030183
     390        0.000100        0.003246        0.029774
     391        0.000100        0.015077        0.110475
     392        0.000100        0.004054        0.040192
     393        0.000100        0.003251        0.030903
     394        0.000100        0.004079        0.040910
     395        0.000100        0.003628        0.036316
     396        0.000100        0.005693        0.056122
     397        0.000100        0.003604        0.034818
     398        0.000100        0.003001        0.027913
     399        0.000100        0.003059        0.028543
     400        0.000100        0.003248        0.030443
     401        0.000100        0.003538        0.035739
     402        0.000100        0.004005        0.039874
     403        0.000100        0.003117        0.029029
     404        0.000100        0.003410        0.033442
     405        0.000100        0.003084        0.029205
     406        0.000100        0.004085        0.041378
     407        0.000100        0.003081        0.028916
     408        0.000100        0.004759        0.047386
     409        0.000100        0.003317        0.033626
     410        0.000100        0.002984        0.027790
     411        0.000100        0.003051        0.029604
     412        0.000100        0.003407        0.033430
     413        0.000100        0.003574        0.035586
     414        0.000100        0.002997        0.028866
     415        0.000100        0.003339        0.032912
     416        0.000100        0.005927        0.058013
     417        0.000100        0.003108        0.028554
     418        0.000100        0.003593        0.033472
     419        0.000100        0.006091        0.059596
     420        0.000100        0.003099        0.029244
     421        0.000100        0.003107        0.028582
     422        0.000100        0.006440        0.063183
     423        0.000100        0.005691        0.057451
     424        0.000100        0.003037        0.028394
     425        0.000100        0.004110        0.041550
     426        0.000100        0.003788        0.037462
     427        0.000100        0.005227        0.053734
     428        0.000100        0.003053        0.028139
     429        0.000100        0.002995        0.027418
     430        0.000100        0.003126        0.029183
     431        0.000100        0.003005        0.028539
     432        0.000100        0.003382        0.033948
     433        0.000100        0.003877        0.038276
     434        0.000100        0.003216        0.030320
     435        0.000100        0.003043        0.028225
     436        0.000100        0.003182        0.029411
     437        0.000100        0.003699        0.037973
     438        0.000100        0.004112        0.042580
     439        0.000100        0.003061        0.028963
     440        0.000100        0.004421        0.044534
     441        0.000100        0.003232        0.030440
     442        0.000100        0.004551        0.046781
     443        0.000100        0.003224        0.031404
     444        0.000100        0.004855        0.049616
     445        0.000100        0.003077        0.029295
     446        0.000100        0.003145        0.028928
     447        0.000100        0.003805        0.037970
     448        0.000100        0.003960        0.039277
     449        0.000100        0.003162        0.030329
     450        0.000100        0.002952        0.027428
     451        0.000100        0.003091        0.029332
     452        0.000100        0.002924        0.027284
     453        0.000100        0.003117        0.028742
     454        0.000100        0.003042        0.027737
     455        0.000100        0.003336        0.032907
     456        0.000100        0.003984        0.041195
     457        0.000100        0.003017        0.028839
     458        0.000100        0.003911        0.038671
     459        0.000100        0.005799        0.056998
     460        0.000100        0.003069        0.029360
     461        0.000100        0.002971        0.027799
     462        0.000100        0.003942        0.040019
     463        0.000100        0.007002        0.067519
     464        0.000100        0.003447        0.033811
     465        0.000100        0.003012        0.029233
     466        0.000100        0.004073        0.041936
     467        0.000100        0.003232        0.031957
     468        0.000100        0.002984        0.028809
     469        0.000100        0.002966        0.027352
     470        0.000100        0.002990        0.027734
     471        0.000100        0.002993        0.027324
     472        0.000100        0.003717        0.037613
     473        0.000100        0.002980        0.027043
     474        0.000100        0.003022        0.029602
     475        0.000100        0.003450        0.035082
     476        0.000100        0.005298        0.054988
     477        0.000100        0.003863        0.039118
     478        0.000100        0.003398        0.032845
     479        0.000100        0.004041        0.039791
     480        0.000100        0.005064        0.050000
     481        0.000100        0.003076        0.028433
     482        0.000100        0.003423        0.034042
     483        0.000100        0.002997        0.028638
     484        0.000100        0.003731        0.037907
     485        0.000100        0.003125        0.027707
     486        0.000100        0.003054        0.028948
     487        0.000100        0.003081        0.030302
     488        0.000100        0.002947        0.028273
     489        0.000100        0.002921        0.028481
     490        0.000100        0.003099        0.029320
     491        0.000100        0.003444        0.035204
     492        0.000100        0.003235        0.031995
     493        0.000100        0.003761        0.036722
     494        0.000100        0.003957        0.039693
     495        0.000100        0.002991        0.028369
     496        0.000100        0.005314        0.054691
     497        0.000100        0.002968        0.027394
     498        0.000100        0.003004        0.029740
     499        0.000100        0.003401        0.032652
     500        0.000100        0.003293        0.030913
     501        0.000100        0.003840        0.037937
     502        0.000100        0.004127        0.043857
     503        0.000100        0.002911        0.027283
     504        0.000100        0.005807        0.057624
     505        0.000100        0.003934        0.040670
     506        0.000100        0.002970        0.027267
     507        0.000100        0.003143        0.029216
     508        0.000100        0.002922        0.027030
     509        0.000100        0.003227        0.030781
     510        0.000100        0.002936        0.027948
     511        0.000100        0.003146        0.030236
     512        0.000100        0.002918        0.027376
     513        0.000100        0.002950        0.027440
     514        0.000100        0.004055        0.041438
     515        0.000100        0.003188        0.031518
     516        0.000100        0.003649        0.036165
     517        0.000100        0.003066        0.028151
     518        0.000100        0.003288        0.032058
     519        0.000100        0.003547        0.034988
     520        0.000100        0.003038        0.029508
     521        0.000100        0.003136        0.029808
     522        0.000100        0.002872        0.026703
     523        0.000100        0.003053        0.029889
     524        0.000100        0.002918        0.026931
     525        0.000100        0.003147        0.030650
     526        0.000100        0.003138        0.029308
     527        0.000100        0.002949        0.027268
     528        0.000100        0.002966        0.027811
     529        0.000100        0.002945        0.027270
     530        0.000100        0.002981        0.027497
     531        0.000100        0.002940        0.026890
     532        0.000100        0.002907        0.027131
     533        0.000100        0.003024        0.028471
     534        0.000100        0.002931        0.027058
     535        0.000100        0.005514        0.055431
     536        0.000100        0.003022        0.028116
     537        0.000100        0.002909        0.027220
     538        0.000100        0.003389        0.033246
     539        0.000100        0.005248        0.052238
     540        0.000100        0.003025        0.029673
     541        0.000100        0.003186        0.031266
     542        0.000100        0.002964        0.028325
     543        0.000100        0.002962        0.028156
     544        0.000100        0.003250        0.031594
     545        0.000100        0.003252        0.030387
     546        0.000100        0.003192        0.030565
     547        0.000100        0.004427        0.046211
     548        0.000100        0.002927        0.027069
     549        0.000100        0.002924        0.027518
     550        0.000100        0.003127        0.030496
     551        0.000100        0.002919        0.026836
     552        0.000100        0.004704        0.048423
     553        0.000100        0.003232        0.031498
     554        0.000100        0.002785        0.025881
     555        0.000100        0.003083        0.030297
     556        0.000100        0.003153        0.029905
     557        0.000100        0.002930        0.026707
     558        0.000100        0.003261        0.031384
     559        0.000100        0.003437        0.034290
     560        0.000100        0.003017        0.028371
     561        0.000100        0.003004        0.028406
     562        0.000100        0.003055        0.029577
     563        0.000100        0.003052        0.028066
     564        0.000100        0.003393        0.033663
     565        0.000100        0.003066        0.029065
     566        0.000100        0.003050        0.029903
     567        0.000100        0.005104        0.053083
     568        0.000100        0.005882        0.058688
     569        0.000100        0.002913        0.026486
     570        0.000100        0.003365        0.032870
     571        0.000100        0.002992        0.026681
     572        0.000100        0.002870        0.026583
     573        0.000100        0.002840        0.025916
     574        0.000100        0.006946        0.065991
     575        0.000100        0.003152        0.030735
     576        0.000100        0.002902        0.026753
     577        0.000100        0.003230        0.030919
     578        0.000100        0.004126        0.040491
     579        0.000100        0.003119        0.029479
     580        0.000100        0.002844        0.027602
     581        0.000100        0.002936        0.026978
     582        0.000100        0.003745        0.037375
     583        0.000100        0.003855        0.039434
     584        0.000100        0.003030        0.027427
     585        0.000100        0.004385        0.045480
     586        0.000100        0.003700        0.037725
     587        0.000100        0.002915        0.027449
     588        0.000100        0.004456        0.040183
     589        0.000100        0.002894        0.026766
     590        0.000100        0.004792        0.049494
     591        0.000100        0.003078        0.029289
     592        0.000100        0.003025        0.029199
     593        0.000100        0.003110        0.028462
     594        0.000100        0.002904        0.026163
     595        0.000100        0.003083        0.029759
     596        0.000100        0.003082        0.029849
     597        0.000100        0.003167        0.029677
     598        0.000100        0.004943        0.050450
     599        0.000100        0.002960        0.027419
     600        0.000100        0.002883        0.026373
     601        0.000100        0.003102        0.031018
     602        0.000100        0.004315        0.043820
     603        0.000100        0.003178        0.030568
     604        0.000100        0.003289        0.031212
     605        0.000100        0.002917        0.027375
     606        0.000100        0.002937        0.026616
     607        0.000100        0.003156        0.029681
     608        0.000100        0.003244        0.032346
     609        0.000100        0.003006        0.028971
     610        0.000100        0.003017        0.027902
     611        0.000100        0.003233        0.031037
     612        0.000100        0.002870        0.027884
     613        0.000100        0.002908        0.027351
     614        0.000100        0.002925        0.027758
     615        0.000100        0.002933        0.027882
     616        0.000100        0.005376        0.053873
     617        0.000100        0.004134        0.042528
     618        0.000100        0.003320        0.032252
     619        0.000100        0.003026        0.026559
     620        0.000100        0.002950        0.026801
     621        0.000100        0.002890        0.025878
     622        0.000100        0.003027        0.027451
     623        0.000100        0.002973        0.026601
     624        0.000100        0.002869        0.026509
     625        0.000100        0.003114        0.029366
     626        0.000100        0.003612        0.035522
     627        0.000100        0.003796        0.037890
     628        0.000100        0.003240        0.032759
     629        0.000100        0.006120        0.061551
     630        0.000100        0.005449        0.055372
     631        0.000100        0.002886        0.026778
     632        0.000100        0.002895        0.026260
     633        0.000100        0.003031        0.028386
     634        0.000100        0.002859        0.025717
     635        0.000100        0.002896        0.026727
     636        0.000100        0.002975        0.026933
     637        0.000100        0.005261        0.054166
     638        0.000100        0.003106        0.029036
     639        0.000100        0.002907        0.026758
     640        0.000100        0.002925        0.026349
     641        0.000100        0.003395        0.033194
     642        0.000100        0.002998        0.026778
     643        0.000100        0.003977        0.039835
     644        0.000100        0.002886        0.026459
     645        0.000100        0.002839        0.025575
     646        0.000100        0.002914        0.026543
     647        0.000100        0.003026        0.027954
     648        0.000100        0.005715        0.058481
     649        0.000100        0.003060        0.028083
     650        0.000100        0.002900        0.025668
     651        0.000100        0.003336        0.032343
     652        0.000100        0.003048        0.028149
     653        0.000100        0.003421        0.032715
     654        0.000100        0.003263        0.030943
     655        0.000100        0.003115        0.029472
     656        0.000100        0.004697        0.047635
     657        0.000100        0.003293        0.031873
     658        0.000100        0.002999        0.026202
     659        0.000100        0.002839        0.025685
     660        0.000100        0.015005        0.110263
     661        0.000100        0.003075        0.027310
     662        0.000100        0.003017        0.027538
     663        0.000100        0.003073        0.028521
     664        0.000100        0.003866        0.038552
     665        0.000100        0.004101        0.042395
     666        0.000100        0.002969        0.026380
     667        0.000100        0.003194        0.030208
     668        0.000100        0.002961        0.026347
     669        0.000100        0.005132        0.052846
     670        0.000100        0.002960        0.026840
     671        0.000100        0.003076        0.028185
     672        0.000100        0.003398        0.034142
     673        0.000100        0.002957        0.025634
     674        0.000100        0.003202        0.030099
     675        0.000100        0.004552        0.046539
     676        0.000100        0.003010        0.026255
     677        0.000100        0.003809        0.038095
     678        0.000100        0.002947        0.027109
     679        0.000100        0.003363        0.031487
     680        0.000100        0.003160        0.030743
     681        0.000100        0.003636        0.035787
     682        0.000100        0.003178        0.029167
     683        0.000100        0.002883        0.025459
     684        0.000100        0.003085        0.028157
     685        0.000100        0.003127        0.027432
     686        0.000100        0.003185        0.029885
     687        0.000100        0.003095        0.026747
     688        0.000100        0.003908        0.040387
     689        0.000100        0.007696        0.072448
     690        0.000100        0.003183        0.030890
     691        0.000100        0.003905        0.039231
     692        0.000100        0.003002        0.026246
     693        0.000100        0.003076        0.026893
     694        0.000100        0.003229        0.029847
     695        0.000100        0.003008        0.026673
     696        0.000100        0.003186        0.029895
     697        0.000100        0.003134        0.028531
     698        0.000100        0.003061        0.026598
     699        0.000100        0.003491        0.033010
     700        0.000100        0.003071        0.028591
     701        0.000100        0.005036        0.050613
     702        0.000100        0.003058        0.027393
     703        0.000100        0.004874        0.049915
     704        0.000100        0.003106        0.028894
     705        0.000100        0.002969        0.025340
     706        0.000100        0.003053        0.027148
     707        0.000100        0.003525        0.034459
     708        0.000100        0.003555        0.034342
     709        0.000100        0.002903        0.025860
     710        0.000100        0.003125        0.028714
     711        0.000100        0.003096        0.028280
     712        0.000100        0.002983        0.026687
     713        0.000100        0.006190        0.061104
     714        0.000100        0.003061        0.028691
     715        0.000100        0.003246        0.030284
     716        0.000100        0.003236        0.030409
     717        0.000100        0.002878        0.025141
     718        0.000100        0.003251        0.030109
     719        0.000100        0.003007        0.025539
     720        0.000100        0.002894        0.025292
     721        0.000100        0.003583        0.035906
     722        0.000100        0.004416        0.044738
     723        0.000100        0.002968        0.026065
     724        0.000100        0.004627        0.045240
     725        0.000100        0.003052        0.027427
     726        0.000100        0.003832        0.037128
     727        0.000100        0.003030        0.027088
     728        0.000100        0.002993        0.026424
     729        0.000100        0.003293        0.030536
     730        0.000100        0.003128        0.027822
     731        0.000100        0.002932        0.025118
     732        0.000100        0.004017        0.039760
     733        0.000100        0.003314        0.029713
     734        0.000100        0.003016        0.025687
     735        0.000100        0.004664        0.046981
     736        0.000100        0.003090        0.026089
     737        0.000100        0.003234        0.030542
     738        0.000100        0.004280        0.044310
     739        0.000100        0.003228        0.031353
     740        0.000100        0.003094        0.028572
     741        0.000100        0.002910        0.024956
     742        0.000100        0.003448        0.032423
     743        0.000100        0.002880        0.024988
     744        0.000100        0.003944        0.039135
     745        0.000100        0.002985        0.025408
     746        0.000100        0.002942        0.024998
     747        0.000100        0.002937        0.025905
     748        0.000100        0.003245        0.031952
     749        0.000100        0.003510        0.033003
     750        0.000100        0.003121        0.026850
     751        0.000100        0.003027        0.026466
     752        0.000100        0.003117        0.028425
     753        0.000100        0.002955        0.025622
     754        0.000100        0.003041        0.026074
     755        0.000100        0.002983        0.025721
     756        0.000100        0.003071        0.026227
     757        0.000100        0.002998        0.026145
     758        0.000100        0.004357        0.043723
     759        0.000100        0.003040        0.028392
     760        0.000100        0.002971        0.025878
     761        0.000100        0.005388        0.053184
     762        0.000100        0.003213        0.029173
     763        0.000100        0.002995        0.025984
     764        0.000100        0.002867        0.024434
     765        0.000100        0.003101        0.027898
     766        0.000100        0.003595        0.035705
     767        0.000100        0.003035        0.025754
     768        0.000100        0.002990        0.025177
     769        0.000100        0.003124        0.028734
     770        0.000100        0.002994        0.026607
     771        0.000100        0.002908        0.024978
     772        0.000100        0.002943        0.025301
     773        0.000100        0.003328        0.032679
     774        0.000100        0.003430        0.031546
     775        0.000100        0.002933        0.026115
     776        0.000100        0.003203        0.030929
     777        0.000100        0.004899        0.048452
     778        0.000100        0.002924        0.025353
     779        0.000100        0.002975        0.026244
     780        0.000100        0.002966        0.026051
     781        0.000100        0.003277        0.030700
     782        0.000100        0.003006        0.027054
     783        0.000100        0.003232        0.030001
     784        0.000100        0.003025        0.027305
     785        0.000100        0.003009        0.027005
     786        0.000100        0.002941        0.025424
     787        0.000100        0.004162        0.043223
     788        0.000100        0.004519        0.045724
     789        0.000100        0.003135        0.027563
     790        0.000100        0.003066        0.027319
     791        0.000100        0.003083        0.027469
     792        0.000100        0.003310        0.030695
     793        0.000100        0.002968        0.025809
     794        0.000100        0.004111        0.041450
     795        0.000100        0.003058        0.027439
     796        0.000100        0.002974        0.025382
     797        0.000100        0.003003        0.025759
     798        0.000100        0.003129        0.026732
     799        0.000100        0.002932        0.024939
     800        0.000100        0.002892        0.025914
     801        0.000100        0.003854        0.037823
     802        0.000100        0.004739        0.048253
     803        0.000100        0.003624        0.034425
     804        0.000100        0.003150        0.028806
     805        0.000100        0.003741        0.037323
     806        0.000100        0.003439        0.031725
     807        0.000100        0.003479        0.032965
     808        0.000100        0.003494        0.034137
     809        0.000100        0.003040        0.025355
     810        0.000100        0.003162        0.028377
     811        0.000100        0.002980        0.026055
     812        0.000100        0.002975        0.025921
     813        0.000100        0.003891        0.039341
     814        0.000100        0.003010        0.024874
     815        0.000100        0.003838        0.038450
     816        0.000100        0.003200        0.028068
     817        0.000100        0.003648        0.035806
     818        0.000100        0.003118        0.027852
     819        0.000100        0.003233        0.030388
     820        0.000100        0.003525        0.034051
     821        0.000100        0.003442        0.033215
     822        0.000100        0.003483        0.034235
     823        0.000100        0.003311        0.030315
     824        0.000100        0.005219        0.052471
     825        0.000100        0.003129        0.026262
     826        0.000100        0.003455        0.033768
     827        0.000100        0.002983        0.025695
     828        0.000100        0.002924        0.024813
     829        0.000100        0.003229        0.029001
     830        0.000100        0.002974        0.025302
     831        0.000100        0.004078        0.040230
     832        0.000100        0.003218        0.029734
     833        0.000100        0.002902        0.024821
     834        0.000100        0.003105        0.027347
     835        0.000100        0.003061        0.026497
     836        0.000100        0.003530        0.032628
     837        0.000100        0.003073        0.027617
     838        0.000100        0.003056        0.026397
     839        0.000100        0.012944        0.101602
     840        0.000100        0.002963        0.024582
     841        0.000100        0.003040        0.025694
     842        0.000100        0.004455        0.044902
     843        0.000100        0.004589        0.047363
     844        0.000100        0.003034        0.026363
     845        0.000100        0.003043        0.027461
     846        0.000100        0.003042        0.026612
     847        0.000100        0.003143        0.028566
     848        0.000100        0.003822        0.038357
     849        0.000100        0.003954        0.038011
     850        0.000100        0.002885        0.024949
     851        0.000100        0.003707        0.037443
     852        0.000100        0.003216        0.029829
     853        0.000100        0.003036        0.026138
     854        0.000100        0.004139        0.042637
     855        0.000100        0.004137        0.040806
     856        0.000100        0.002910        0.024764
     857        0.000100        0.003011        0.026262
     858        0.000100        0.003378        0.032567
     859        0.000100        0.003992        0.037754
     860        0.000100        0.002995        0.026066
     861        0.000100        0.002954        0.024517
     862        0.000100        0.003016        0.024504
     863        0.000100        0.003046        0.026157
     864        0.000100        0.004008        0.040238
     865        0.000100        0.003120        0.027187
     866        0.000100        0.002989        0.025445
     867        0.000100        0.003078        0.026045
     868        0.000100        0.003203        0.028003
     869        0.000100        0.003589        0.032367
     870        0.000100        0.003025        0.025195
     871        0.000100        0.002975        0.026059
     872        0.000100        0.002959        0.025105
     873        0.000100        0.004090        0.041400
     874        0.000100        0.003332        0.032037
     875        0.000100        0.003092        0.027656
     876        0.000100        0.005334        0.053211
     877        0.000100        0.002933        0.025002
     878        0.000100        0.002974        0.025973
     879        0.000100        0.004140        0.039306
     880        0.000100        0.005370        0.054585
     881        0.000100        0.002979        0.024692
     882        0.000100        0.003923        0.039738
     883        0.000100        0.003010        0.025124
     884        0.000100        0.003129        0.027809
     885        0.000100        0.003441        0.032366
     886        0.000100        0.003147        0.027780
     887        0.000100        0.002964        0.025391
     888        0.000100        0.004071        0.040337
     889        0.000100        0.003213        0.028835
     890        0.000100        0.003437        0.032032
     891        0.000100        0.003362        0.030383
     892        0.000100        0.003137        0.027470
     893        0.000100        0.002928        0.025143
     894        0.000100        0.002962        0.024885
     895        0.000100        0.003014        0.025585
     896        0.000100        0.003763        0.036534
     897        0.000100        0.003451        0.031466
     898        0.000100        0.004050        0.039279
     899        0.000100        0.003354        0.030613
     900        0.000100        0.003017        0.025434
     901        0.000100        0.005465        0.054476
     902        0.000100        0.002944        0.024277
     903        0.000100        0.003039        0.025989
     904        0.000100        0.004354        0.042299
     905        0.000100        0.003598        0.033118
     906        0.000100        0.004344        0.044826
     907        0.000100        0.003138        0.027514
     908        0.000100        0.003169        0.028057
     909        0.000100        0.003823        0.037660
     910        0.000100        0.003084        0.025993
     911        0.000100        0.004249        0.043864
     912        0.000100        0.004701        0.046254
     913        0.000100        0.003027        0.026670
     914        0.000100        0.002948        0.025343
     915        0.000100        0.002935        0.024024
     916        0.000100        0.003385        0.030961
     917        0.000100        0.003359        0.031402
     918        0.000100        0.002979        0.024196
     919        0.000100        0.003229        0.029507
     920        0.000100        0.003496        0.032254
     921        0.000100        0.003038        0.025387
     922        0.000100        0.003130        0.025560
     923        0.000100        0.003338        0.031583
     924        0.000100        0.003141        0.026943
     925        0.000100        0.002995        0.024968
     926        0.000100        0.003819        0.038011
     927        0.000100        0.002925        0.023945
     928        0.000100        0.002975        0.025068
     929        0.000100        0.003121        0.024833
     930        0.000100        0.003166        0.028633
     931        0.000100        0.003002        0.025068
     932        0.000100        0.003575        0.034929
     933        0.000100        0.003055        0.025678
     934        0.000100        0.003825        0.037448
     935        0.000100        0.004351        0.042921
     936        0.000100        0.003038        0.025401
     937        0.000100        0.003070        0.027318
     938        0.000100        0.003719        0.034303
     939        0.000100        0.004697        0.048084
     940        0.000100        0.003244        0.027127
     941        0.000100        0.003306        0.030466
     942        0.000100        0.004129        0.041379
     943        0.000100        0.003074        0.025852
     944        0.000100        0.003057        0.026431
     945        0.000100        0.002977        0.025672
     946        0.000100        0.003034        0.024922
     947        0.000100        0.003189        0.026026
     948        0.000100        0.002919        0.025103
     949        0.000100        0.002971        0.024819
     950        0.000100        0.004357        0.043854
     951        0.000100        0.004238        0.041213
     952        0.000100        0.003259        0.026779
     953        0.000100        0.003674        0.035041
     954        0.000100        0.002981        0.025862
     955        0.000100        0.003274        0.030206
     956        0.000100        0.003386        0.032090
     957        0.000100        0.003805        0.037213
     958        0.000100        0.003079        0.026905
     959        0.000100        0.003383        0.030766
     960        0.000100        0.003212        0.025511
     961        0.000100        0.003289        0.030962
     962        0.000100        0.002870        0.024344
     963        0.000100        0.003296        0.030417
     964        0.000100        0.003225        0.027279
     965        0.000100        0.004289        0.042934
     966        0.000100        0.003132        0.027409
     967        0.000100        0.003132        0.027034
     968        0.000100        0.003271        0.031188
     969        0.000100        0.003304        0.029329
     970        0.000100        0.004101        0.039513
     971        0.000100        0.003590        0.034497
     972        0.000100        0.003810        0.038179
     973        0.000100        0.003105        0.025687
     974        0.000100        0.017132        0.119740
     975        0.000100        0.003517        0.032819
     976        0.000100        0.003377        0.030762
     977        0.000100        0.003278        0.030878
     978        0.000100        0.003173        0.029422
     979        0.000100        0.002962        0.024633
     980        0.000100        0.003005        0.024836
     981        0.000100        0.002954        0.025786
     982        0.000100        0.003033        0.025837
     983        0.000100        0.002972        0.025859
     984        0.000100        0.003848        0.035274
     985        0.000100        0.002940        0.024501
     986        0.000100        0.010491        0.089083
     987        0.000100        0.007003        0.067361
     988        0.000100        0.002924        0.024472
     989        0.000100        0.002980        0.024932
     990        0.000100        0.004429        0.045525
     991        0.000100        0.002914        0.025411
     992        0.000100        0.003546        0.032237
     993        0.000100        0.004248        0.041031
     994        0.000100        0.003360        0.030159
     995        0.000100        0.002906        0.024184
     996        0.000100        0.003130        0.025071
     997        0.000100        0.003375        0.031087
     998        0.000100        0.003110        0.027618
     999        0.000100        0.003206        0.028595
    1000        0.000100        0.003430        0.032075
    1001        0.000100        0.006280        0.061276
    1002        0.000100        0.003103        0.028156
    1003        0.000100        0.003054        0.024680
    1004        0.000100        0.002983        0.024652
    1005        0.000100        0.004218        0.042023
    1006        0.000100        0.002928        0.024148
    1007        0.000100        0.003439        0.033187
    1008        0.000100        0.003554        0.032775
    1009        0.000100        0.002979        0.026013
    1010        0.000100        0.003032        0.024984
    1011        0.000100        0.003104        0.027752
    1012        0.000100        0.003108        0.026943
    1013        0.000100        0.003662        0.035556
    1014        0.000100        0.008040        0.074515
    1015        0.000100        0.002929        0.023956
    1016        0.000100        0.004288        0.041970
    1017        0.000100        0.003201        0.028740
    1018        0.000100        0.002912        0.024181
    1019        0.000100        0.003042        0.027343
    1020        0.000100        0.002939        0.024236
    1021        0.000100        0.003160        0.026378
    1022        0.000100        0.002912        0.024007
    1023        0.000100        0.002921        0.024086
    1024        0.000100        0.004109        0.040406
    1025        0.000100        0.003141        0.029163
    1026        0.000100        0.002962        0.025077
    1027        0.000100        0.003305        0.030432
    1028        0.000100        0.003551        0.031916
    1029        0.000100        0.003047        0.025413
    1030        0.000100        0.003726        0.035664
    1031        0.000100        0.004993        0.050201
    1032        0.000100        0.003010        0.026052
    1033        0.000100        0.003809        0.037218
    1034        0.000100        0.003308        0.030791
    1035        0.000100        0.002857        0.023672
    1036        0.000100        0.003015        0.025581
    1037        0.000100        0.002891        0.024368
    1038        0.000100        0.003300        0.029088
    1039        0.000100        0.002882        0.024921
    1040        0.000100        0.002989        0.025243
    1041        0.000100        0.005461        0.054534
    1042        0.000100        0.002934        0.024491
    1043        0.000100        0.003132        0.027602
    1044        0.000100        0.003365        0.030159
    1045        0.000100        0.002943        0.024322
    1046        0.000100        0.003650        0.034856
    1047        0.000100        0.003363        0.030872
    1048        0.000100        0.002939        0.024346
    1049        0.000100        0.002967        0.024360
    1050        0.000100        0.002963        0.025991
    1051        0.000100        0.002830        0.023773
    1052        0.000100        0.002841        0.023859
    1053        0.000100        0.002923        0.024055
    1054        0.000100        0.002977        0.024457
    1055        0.000100        0.002859        0.023915
    1056        0.000100        0.004026        0.040249
    1057        0.000100        0.003076        0.026963
    1058        0.000100        0.002977        0.024481
    1059        0.000100        0.003031        0.025925
    1060        0.000100        0.004063        0.041178
    1061        0.000100        0.004143        0.040759
    1062        0.000100        0.003157        0.028294
    1063        0.000100        0.003893        0.037501
    1064        0.000100        0.004039        0.041582
    1065        0.000100        0.003182        0.028310
    1066        0.000100        0.002980        0.026269
    1067        0.000100        0.003450        0.033689
    1068        0.000100        0.003005        0.025399
    1069        0.000100        0.002938        0.024064
    1070        0.000100        0.003666        0.037108
    1071        0.000100        0.002974        0.025097
    1072        0.000100        0.003145        0.028139
    1073        0.000100        0.002931        0.024479
    1074        0.000100        0.002899        0.024123
    1075        0.000100        0.004648        0.047425
    1076        0.000100        0.003000        0.025760
    1077        0.000100        0.002964        0.025009
    1078        0.000100        0.003076        0.027832
    1079        0.000100        0.003147        0.029226
    1080        0.000100        0.004794        0.048792
    1081        0.000100        0.003016        0.026061
    1082        0.000100        0.003719        0.036499
    1083        0.000100        0.003085        0.027721
    1084        0.000100        0.003521        0.034768
    1085        0.000100        0.003009        0.024461
    1086        0.000100        0.003109        0.026131
    1087        0.000100        0.002916        0.023799
    1088        0.000100        0.004075        0.038324
    1089        0.000100        0.003286        0.029493
    1090        0.000100        0.003196        0.027702
    1091        0.000100        0.003478        0.032872
    1092        0.000100        0.003178        0.028304
    1093        0.000100        0.003090        0.026304
    1094        0.000100        0.002934        0.024123
    1095        0.000100        0.003235        0.029214
    1096        0.000100        0.003465        0.033678
    1097        0.000100        0.003518        0.032909
    1098        0.000100        0.004483        0.045179
    1099        0.000100        0.005732        0.057376
    1100        0.000100        0.003539        0.033795
    1101        0.000100        0.002960        0.025081
    1102        0.000100        0.004321        0.042607
    1103        0.000100        0.003296        0.028871
    1104        0.000100        0.002905        0.023973
    1105        0.000100        0.003024        0.025113
    1106        0.000100        0.003555        0.032432
    1107        0.000100        0.003525        0.034323
    1108        0.000100        0.003448        0.028114
    1109        0.000100        0.004884        0.046866
    1110        0.000100        0.002949        0.023700
    1111        0.000100        0.003399        0.030311
    1112        0.000100        0.002974        0.024869
    1113        0.000100        0.003002        0.025109
    1114        0.000100        0.002969        0.023931
    1115        0.000100        0.003042        0.025878
    1116        0.000100        0.003140        0.026750
    1117        0.000100        0.003317        0.030766
    1118        0.000100        0.003409        0.032488
    1119        0.000100        0.003161        0.026936
    1120        0.000100        0.003117        0.025688
    1121        0.000100        0.003070        0.027813
    1122        0.000100        0.004141        0.041435
    1123        0.000100        0.003686        0.034293
    1124        0.000100        0.003214        0.028255
    1125        0.000100        0.002950        0.023631
    1126        0.000100        0.002984        0.024851
    1127        0.000100        0.004427        0.045059
    1128        0.000100        0.002991        0.025065
    1129        0.000100        0.002927        0.025248
    1130        0.000100        0.004369        0.042743
    1131        0.000100        0.003326        0.031217
    1132        0.000100        0.004152        0.042534
    1133        0.000100        0.003619        0.035356
    1134        0.000100        0.003199        0.027960
    1135        0.000100        0.002950        0.024241
    1136        0.000100        0.003007        0.026264
    1137        0.000100        0.002866        0.024098
    1138        0.000100        0.003041        0.025237
    1139        0.000100        0.002907        0.024624
    1140        0.000100        0.003151        0.028000
    1141        0.000100        0.003206        0.027719
    1142        0.000100        0.002951        0.025163
    1143        0.000100        0.006875        0.067031
    1144        0.000100        0.002949        0.025026
    1145        0.000100        0.002995        0.026272
    1146        0.000100        0.006278        0.061979
    1147        0.000100        0.002976        0.024261
    1148        0.000100        0.003759        0.036374
    1149        0.000100        0.002970        0.023950
    1150        0.000100        0.002955        0.024861
    1151        0.000100        0.003903        0.038416
    1152        0.000100        0.002911        0.023699
    1153        0.000100        0.002893        0.023977
    1154        0.000100        0.002925        0.023824
    1155        0.000100        0.002874        0.024602
    1156        0.000100        0.003582        0.034115
    1157        0.000100        0.004901        0.049650
    1158        0.000100        0.003183        0.028824
    1159        0.000100        0.002894        0.023828
    1160        0.000100        0.005397        0.055474
    1161        0.000100        0.003075        0.028781
    1162        0.000100        0.002941        0.024700
    1163        0.000100        0.002976        0.025569
    1164        0.000100        0.003014        0.025396
    1165        0.000100        0.002954        0.024255
    1166        0.000100        0.003131        0.028816
    1167        0.000100        0.002866        0.023799
    1168        0.000100        0.002846        0.023620
    1169        0.000100        0.002931        0.024624
    1170        0.000100        0.002905        0.024523
    1171        0.000100        0.002900        0.023968
    1172        0.000100        0.003824        0.038593
    1173        0.000100        0.003716        0.036555
    1174        0.000100        0.003105        0.026121
    1175        0.000100        0.003486        0.034213
    1176        0.000100        0.003050        0.027041
    1177        0.000100        0.003010        0.025787
    1178        0.000100        0.003432        0.034726
    1179        0.000100        0.002817        0.024006
    1180        0.000100        0.002990        0.026067
    1181        0.000100        0.003118        0.029803
    1182        0.000100        0.003105        0.028123
    1183        0.000100        0.003159        0.028273
    1184        0.000100        0.003010        0.026309
    1185        0.000100        0.002814        0.023631
    1186        0.000100        0.003857        0.038535
    1187        0.000100        0.003399        0.031739
    1188        0.000100        0.003494        0.033884
    1189        0.000100        0.003070        0.027637
    1190        0.000100        0.002948        0.025934
    1191        0.000100        0.002897        0.024919
    1192        0.000100        0.004439        0.046460
    1193        0.000100        0.002906        0.025133
    1194        0.000100        0.003137        0.028027
    1195        0.000100        0.003495        0.033888
    1196        0.000100        0.003185        0.028363
    1197        0.000100        0.002828        0.024426
    1198        0.000100        0.007044        0.068063
    1199        0.000100        0.003416        0.033377
    1200        0.000100        0.002904        0.025552
    1201        0.000100        0.002947        0.025070
    1202        0.000100        0.003393        0.032364
    1203        0.000100        0.002911        0.024626
    1204        0.000100        0.003707        0.036906
    1205        0.000100        0.002784        0.022952
    1206        0.000100        0.003721        0.036296
    1207        0.000100        0.002857        0.024144
    1208        0.000100        0.002908        0.024545
    1209        0.000100        0.003102        0.028049
    1210        0.000100        0.002932        0.026110
    1211        0.000100        0.004398        0.045518
    1212        0.000100        0.002949        0.024368
    1213        0.000100        0.003709        0.037132
    1214        0.000100        0.002912        0.023869
    1215        0.000100        0.004218        0.042631
    1216        0.000100        0.002958        0.026651
    1217        0.000100        0.003102        0.028397
    1218        0.000100        0.002869        0.024285
    1219        0.000100        0.003213        0.030923
    1220        0.000100        0.003159        0.030783
    1221        0.000100        0.003043        0.028458
    1222        0.000100        0.003836        0.039267
    1223        0.000100        0.002851        0.024405
    1224        0.000100        0.002909        0.024891
    1225        0.000100        0.002919        0.025220
    1226        0.000100        0.002788        0.023735
    1227        0.000100        0.003401        0.033751
    1228        0.000100        0.002820        0.023852
    1229        0.000100        0.003237        0.029625
    1230        0.000100        0.002855        0.024914
    1231        0.000100        0.003643        0.037009
    1232        0.000100        0.002892        0.023984
    1233        0.000100        0.003848        0.036688
    1234        0.000100        0.002966        0.026061
    1235        0.000100        0.004933        0.051145
    1236        0.000100        0.002743        0.024230
    1237        0.000100        0.002953        0.026736
    1238        0.000100        0.002921        0.024775
    1239        0.000100        0.005274        0.054872
    1240        0.000100        0.003128        0.030172
    1241        0.000100        0.002802        0.023578
    1242        0.000100        0.002864        0.024800
    1243        0.000100        0.003160        0.029327
    1244        0.000100        0.003200        0.028413
    1245        0.000100        0.003075        0.027763
    1246        0.000100        0.002819        0.023377
    1247        0.000100        0.002827        0.023444
    1248        0.000100        0.002835        0.023448
    1249        0.000100        0.002947        0.025750
    1250        0.000100        0.003263        0.029493
    1251        0.000100        0.003150        0.028520
    1252        0.000100        0.003069        0.029361
    1253        0.000100        0.002897        0.025130
    1254        0.000100        0.003999        0.040568
    1255        0.000100        0.003154        0.028994
    1256        0.000100        0.002923        0.025236
    1257        0.000100        0.002987        0.025560
    1258        0.000100        0.003026        0.027616
    1259        0.000100        0.002992        0.026611
    1260        0.000100        0.003565        0.034051
    1261        0.000100        0.003278        0.031581
    1262        0.000100        0.003809        0.038887
    1263        0.000100        0.002930        0.025298
    1264        0.000100        0.002881        0.024949
    1265        0.000100        0.002903        0.025201
    1266        0.000100        0.002845        0.023244
    1267        0.000100        0.002927        0.025556
    1268        0.000100        0.003143        0.028249
    1269        0.000100        0.003014        0.027011
    1270        0.000100        0.005395        0.055212
    1271        0.000100        0.002971        0.026476
    1272        0.000100        0.002845        0.024304
    1273        0.000100        0.003127        0.027264
    1274        0.000100        0.004137        0.042507
    1275        0.000100        0.003318        0.029420
    1276        0.000100        0.004607        0.047331
    1277        0.000100        0.002986        0.026122
    1278        0.000100        0.003099        0.026952
    1279        0.000100        0.003906        0.040687
    1280        0.000100        0.002856        0.023860
    1281        0.000100        0.003103        0.028527
    1282        0.000100        0.002855        0.023861
    1283        0.000100        0.002921        0.024525
    1284        0.000100        0.004595        0.047460
    1285        0.000100        0.005437        0.055553
    1286        0.000100        0.002900        0.023969
    1287        0.000100        0.003415        0.033323
    1288        0.000100        0.002911        0.024665
    1289        0.000100        0.003110        0.027262
    1290        0.000100        0.008649        0.079238
    1291        0.000100        0.002854        0.024034
    1292        0.000100        0.002926        0.023536
    1293        0.000100        0.002949        0.025289
    1294        0.000100        0.003586        0.036320
    1295        0.000100        0.002805        0.024079
    1296        0.000100        0.003445        0.032321
    1297        0.000100        0.003064        0.027514
