       0        0.000100     3577.623031       59.381855
       1        0.000100      909.841508       29.623127
       2        0.000100       64.374642        6.533497
       3        0.000100       56.276753        5.957882
       4        0.000100       52.856965        5.764991
       5        0.000100       48.887457        5.545605
       6        0.000100       38.730591        4.937335
       7        0.000100       31.584341        4.451315
       8        0.000100       25.801340        4.006898
       9        0.000100       20.619010        3.557466
      10        0.000100       16.579616        3.177110
      11        0.000100       13.776170        2.884398
      12        0.000100       11.914687        2.673893
      13        0.000100       10.510936        2.502442
      14        0.000100        9.473997        2.368778
      15        0.000100        8.685898        2.262447
      16        0.000100        8.046824        2.172745
      17        0.000100        7.500671        2.092076
      18        0.000100        7.021588        2.019911
      19        0.000100        6.529451        1.941039
      20        0.000100        6.160323        1.883976
      21        0.000100        5.851278        1.835068
      22        0.000100        5.579863        1.792829
      23        0.000100        5.352882        1.756664
      24        0.000100        5.152194        1.724578
      25        0.000100        4.974708        1.696423
      26        0.000100        4.815606        1.669877
      27        0.000100        4.669360        1.644344
      28        0.000100        4.539813        1.622342
      29        0.000100        4.417473        1.600725
      30        0.000100        4.300857        1.580044
      31        0.000100        4.189931        1.559824
      32        0.000100        4.085079        1.540750
      33        0.000100        3.986519        1.522831
      34        0.000100        3.891868        1.505409
      35        0.000100        3.797509        1.487635
      36        0.000100        3.710238        1.470883
      37        0.000100        3.622284        1.454158
      38        0.000100        3.542784        1.438660
      39        0.000100        3.456044        1.421095
      40        0.000100        3.381581        1.405667
      41        0.000100        3.305183        1.390299
      42        0.000100        3.240319        1.376985
      43        0.000100        3.172996        1.362017
      44        0.000100        3.106981        1.347707
      45        0.000100        3.047937        1.335237
      46        0.000100        2.982511        1.321251
      47        0.000100        2.919097        1.307876
      48        0.000100        2.868721        1.296078
      49        0.000100        2.812604        1.283597
