       0        0.000100     1060.320586       27.022881
       1        0.000100      588.426233       19.804323
       2        0.000100      343.061271       14.953780
       3        0.000100      185.479466       10.710325
       4        0.000100      125.254879        8.555262
       5        0.000100      101.672688        7.626057
       6        0.000100       89.731785        7.126625
       7        0.000100       81.585626        6.763196
       8        0.000100       74.583404        6.442713
       9        0.000100       69.380717        6.201013
      10        0.000100       64.813490        5.974413
      11        0.000100       60.631615        5.769893
      12        0.000100       56.843368        5.588250
      13        0.000100       53.831688        5.442040
      14        0.000100       51.399434        5.320116
      15        0.000100       49.371806        5.219186
      16        0.000100       47.675640        5.134840
      17        0.000100       46.148999        5.054206
      18        0.000100       44.917547        4.993826
      19        0.000100       43.848781        4.941408
      20        0.000100       42.903658        4.894592
      21        0.000100       42.056142        4.853427
      22        0.000100       41.287867        4.816422
      23        0.000100       40.586344        4.781853
      24        0.000100       39.943423        4.749267
      25        0.000100       39.353849        4.718814
      26        0.000100       38.813215        4.690834
      27        0.000100       38.311601        4.665007
      28        0.000100       37.815629        4.640069
      29        0.000100       37.383777        4.616777
      30        0.000100       36.987909        4.594202
      31        0.000100       36.622844        4.573024
      32        0.000100       36.284999        4.553473
      33        0.000100       35.969706        4.534592
      34        0.000100       35.674575        4.516840
      35        0.000100       35.398354        4.499964
      36        0.000100       35.124268        4.482262
      37        0.000100       34.823619        4.461243
      38        0.000100       34.582139        4.445712
      39        0.000100       34.360485        4.431886
      40        0.000100       34.151479        4.418814
      41        0.000100       33.953406        4.406734
      42        0.000100       33.765299        4.395712
      43        0.000100       33.586497        4.384803
      44        0.000100       33.415624        4.374267
      45        0.000100       33.252863        4.364182
      46        0.000100       33.097526        4.354592
      47        0.000100       32.948251        4.345130
      48        0.000100       32.804796        4.335930
      49        0.000100       32.667869        4.327104
      50        0.000100       32.536947        4.318659
      51        0.000100       32.412071        4.310420
      52        0.000100       32.292000        4.302427
      53        0.000100       32.176819        4.294603
      54        0.000100       32.066091        4.287137
      55        0.000100       31.959200        4.280067
      56        0.000100       31.855912        4.273302
      57        0.000100       31.755648        4.266624
      58        0.000100       31.660691        4.260242
      59        0.000100       31.569767        4.254073
      60        0.000100       31.482451        4.248101
      61        0.000100       31.397999        4.242278
      62        0.000100       31.316552        4.236716
      63        0.000100       31.237437        4.231309
      64        0.000100       31.160978        4.226079
      65        0.000100       31.086987        4.220961
      66        0.000100       31.015998        4.216068
      67        0.000100       30.947175        4.211249
      68        0.000100       30.881143        4.206662
      69        0.000100       30.817062        4.202200
      70        0.000100       30.755605        4.197861
      71        0.000100       30.695606        4.193502
      72        0.000100       30.637845        4.189345
      73        0.000100       30.581315        4.185208
      74        0.000100       30.527609        4.181384
      75        0.000100       30.474923        4.177645
      76        0.000100       30.425063        4.174080
      77        0.000100       30.375734        4.170470
      78        0.000100       30.329089        4.167074
      79        0.000100       30.282737        4.163603
      80        0.000100       30.239035        4.160319
      81        0.000100       30.195434        4.156999
      82        0.000100       30.154696        4.153857
      83        0.000100       30.113729        4.150635
      84        0.000100       30.075448        4.147656
      85        0.000100       30.036429        4.144549
      86        0.000100       30.000277        4.141702
      87        0.000100       29.963094        4.138748
      88        0.000100       29.929118        4.136045
      89        0.000100       29.893938        4.133250
      90        0.000100       29.862232        4.130831
      91        0.000100       29.828556        4.128299
      92        0.000100       29.794656        4.125785
      93        0.000100       29.763847        4.123507
      94        0.000100       29.736936        4.121539
      95        0.000100       29.706989        4.119310
      96        0.000100       29.681598        4.117405
      97        0.000100       29.652720        4.115185
      98        0.000100       29.629281        4.113375
      99        0.000100       29.601800        4.111254
     100        0.000100       29.580062        4.109566
     101        0.000100       29.552675        4.107448
     102        0.000100       29.532197        4.105790
     103        0.000100       29.505447        4.103661
     104        0.000100       29.486848        4.102139
     105        0.000100       29.460060        4.100009
     106        0.000100       29.442737        4.098535
     107        0.000100       29.417286        4.096380
     108        0.000100       29.403846        4.095175
     109        0.000100       29.379165        4.093101
     110        0.000100       29.365776        4.091813
     111        0.000100       29.338777        4.089514
     112        0.000100       29.327153        4.088317
     113        0.000100       29.304635        4.086317
     114        0.000100       29.294256        4.085165
     115        0.000100       29.271021        4.083198
     116        0.000100       29.261676        4.082203
     117        0.000100       29.239275        4.080302
     118        0.000100       29.230278        4.079315
     119        0.000100       29.208172        4.077445
     120        0.000100       29.201170        4.076618
     121        0.000100       29.179982        4.074871
     122        0.000100       29.171943        4.074046
     123        0.000100       29.150153        4.072245
     124        0.000100       29.145198        4.071572
     125        0.000100       29.125056        4.069870
     126        0.000100       29.118662        4.069090
     127        0.000100       29.095534        4.067125
     128        0.000100       29.092695        4.066592
     129        0.000100       29.074291        4.064936
     130        0.000100       29.069638        4.064271
     131        0.000100       29.047902        4.062342
     132        0.000100       29.045872        4.061855
     133        0.000100       29.026404        4.060054
     134        0.000100       29.023549        4.059551
     135        0.000100       29.003764        4.057733
     136        0.000100       28.999934        4.057095
     137        0.000100       28.989264        4.056011
     138        0.000100       28.968940        4.054125
     139        0.000100       28.967587        4.053788
     140        0.000100       28.952826        4.052383
     141        0.000100       28.938861        4.050991
     142        0.000100       28.944299        4.051189
     143        0.000100       28.925235        4.049476
     144        0.000100       28.919765        4.048840
     145        0.000100       28.903721        4.047396
     146        0.000100       28.887772        4.045959
     147        0.000100       28.893648        4.046316
     148        0.000100       28.876163        4.044721
     149        0.000100       28.873669        4.044447
     150        0.000100       28.856085        4.042963
     151        0.000100       28.843925        4.041848
     152        0.000100       28.850445        4.042293
     153        0.000100       28.832695        4.040688
     154        0.000100       28.829744        4.040339
     155        0.000100       28.816043        4.039059
     156        0.000100       28.797706        4.037363
     157        0.000100       28.804826        4.037832
     158        0.000100       28.788274        4.036239
     159        0.000100       28.789248        4.036107
     160        0.000100       28.773633        4.034556
     161        0.000100       28.770841        4.034117
     162        0.000100       28.754493        4.032509
     163        0.000100       28.760170        4.032800
     164        0.000100       28.745109        4.031258
     165        0.000100       28.746154        4.031096
     166        0.000100       28.735543        4.029912
     167        0.000100       28.727729        4.029001
     168        0.000100       28.729011        4.028920
     169        0.000100       28.718595        4.027782
     170        0.000100       28.699784        4.025863
     171        0.000100       28.700523        4.025695
     172        0.000100       28.698828        4.025269
     173        0.000100       28.683464        4.023650
     174        0.000100       28.689780        4.023898
     175        0.000100       28.675154        4.022338
     176        0.000100       28.678861        4.022290
     177        0.000100       28.668804        4.021066
     178        0.000100       28.670746        4.020857
     179        0.000100       28.655772        4.019168
     180        0.000100       28.661493        4.019331
     181        0.000100       28.650600        4.018014
     182        0.000100       28.656308        4.018112
     183        0.000100       28.647848        4.016983
     184        0.000100       28.650556        4.016838
     185        0.000100       28.634843        4.015117
     186        0.000100       28.642498        4.015317
     187        0.000100       28.632031        4.014113
     188        0.000100       28.640934        4.014556
     189        0.000100       28.628122        4.013183
     190        0.000100       28.640540        4.013852
     191        0.000100       28.625510        4.012363
     192        0.000100       28.634278        4.012741
     193        0.000100       28.623899        4.011564
     194        0.000100       28.630034        4.011737
     195        0.000100       28.623948        4.010874
     196        0.000100       28.635149        4.011445
     197        0.000100       28.625518        4.010326
     198        0.000100       28.636698        4.010880
     199        0.000100       28.629299        4.009967
     200        0.000100       28.639247        4.010412
     201        0.000100       28.628719        4.009242
     202        0.000100       28.638405        4.009661
     203        0.000100       28.632901        4.008827
     204        0.000100       28.647623        4.009625
     205        0.000100       28.641255        4.008705
     206        0.000100       28.652602        4.009292
     207        0.000100       28.649110        4.008561
     208        0.000100       28.660167        4.009105
     209        0.000100       28.654145        4.008196
     210        0.000100       28.665654        4.008781
     211        0.000100       28.659813        4.007909
     212        0.000100       28.673709        4.008686
     213        0.000100       28.668750        4.007798
     214        0.000100       28.685697        4.008787
     215        0.000100       28.678834        4.007882
     216        0.000100       28.690210        4.008463
     217        0.000100       28.685620        4.007679
     218        0.000100       28.699796        4.008449
     219        0.000100       28.699121        4.007926
     220        0.000100       28.710257        4.008528
     221        0.000100       28.707636        4.007864
     222        0.000100       28.720323        4.008511
     223        0.000100       28.721733        4.008088
     224        0.000100       28.732862        4.008784
     225        0.000100       28.729586        4.008069
     226        0.000100       28.742866        4.008884
     227        0.000100       28.737148        4.007967
     228        0.000100       28.757177        4.009216
     229        0.000100       28.755201        4.008632
     230        0.000100       28.767382        4.009374
     231        0.000100       28.765709        4.008773
     232        0.000100       28.777102        4.009398
     233        0.000100       28.776148        4.008834
     234        0.000100       28.789065        4.009530
     235        0.000100       28.785522        4.008885
     236        0.000100       28.799766        4.009681
     237        0.000100       28.800584        4.009259
     238        0.000100       28.814666        4.009971
     239        0.000100       28.816851        4.009771
     240        0.000100       28.825215        4.010211
     241        0.000100       28.824847        4.009661
     242        0.000100       28.838025        4.010369
     243        0.000100       28.836757        4.009766
     244        0.000100       28.849941        4.010581
     245        0.000100       28.849101        4.010049
     246        0.000100       28.869474        4.011274
     247        0.000100       28.869889        4.010805
     248        0.000100       28.879702        4.011354
     249        0.000100       28.881527        4.011007
     250        0.000100       28.895369        4.011794
     251        0.000100       28.897181        4.011328
     252        0.000100       28.910356        4.012149
     253        0.000100       28.910988        4.011691
     254        0.000100       28.917572        4.011977
     255        0.000100       28.921535        4.011584
     256        0.000100       28.940068        4.012916
     257        0.000100       28.938721        4.012252
     258        0.000100       28.952738        4.013198
     259        0.000100       28.953760        4.012579
     260        0.000100       28.970066        4.013741
     261        0.000100       28.970456        4.013172
     262        0.000100       28.985848        4.014217
     263        0.000100       28.991599        4.013882
     264        0.000100       29.009644        4.015197
     265        0.000100       29.005436        4.014248
     266        0.000100       29.024533        4.015588
     267        0.000100       29.025364        4.014924
     268        0.000100       29.047773        4.016520
     269        0.000100       29.040663        4.015344
     270        0.000100       29.062419        4.016891
     271        0.000100       29.053529        4.015439
     272        0.000100       29.081195        4.017365
     273        0.000100       29.077558        4.016551
     274        0.000100       29.100277        4.017993
     275        0.000100       29.094684        4.016857
     276        0.000100       29.122323        4.018738
     277        0.000100       29.116303        4.017786
     278        0.000100       29.147903        4.019796
     279        0.000100       29.141588        4.018594
     280        0.000100       29.172530        4.020547
     281        0.000100       29.164809        4.019594
     282        0.000100       29.195192        4.021320
     283        0.000100       29.189997        4.020355
     284        0.000100       29.221345        4.022149
     285        0.000100       29.215259        4.021449
     286        0.000100       29.244927        4.022881
     287        0.000100       29.239079        4.021938
     288        0.000100       29.265144        4.023281
     289        0.000100       29.258796        4.022615
     290        0.000100       29.293944        4.024406
     291        0.000100       29.286937        4.023523
     292        0.000100       29.319496        4.025177
     293        0.000100       29.308046        4.024234
     294        0.000100       29.348644        4.026428
     295        0.000100       29.340316        4.025442
     296        0.000100       29.382080        4.027949
     297        0.000100       29.371748        4.026842
     298        0.000100       29.413850        4.029311
     299        0.000100       29.390871        4.026723
     300        0.000100       29.445406        4.031048
     301        0.000100       29.439830        4.030161
     302        0.000100       29.486765        4.033014
     303        0.000100       29.466021        4.030306
     304        0.000100       29.499206        4.032033
     305        0.000100       29.468712        4.029675
     306        0.000100       29.518862        4.032866
     307        0.000100       29.535715        4.034749
     308        0.000100       29.569226        4.035861
     309        0.000100       29.532367        4.032503
     310        0.000100       29.561385        4.033362
     311        0.000100       29.558112        4.033794
     312        0.000100       29.613596        4.037018
     313        0.000100       29.617432        4.037789
     314        0.000100       29.660106        4.039173
     315        0.000100       29.622816        4.035849
     316        0.000100       29.651442        4.036520
     317        0.000100       29.654244        4.038061
     318        0.000100       29.739253        4.043230
     319        0.000100       29.717943        4.042090
     320        0.000100       29.748203        4.041859
     321        0.000100       29.703886        4.038403
     322        0.000100       29.765264        4.041564
     323        0.000100       29.751973        4.041920
     324        0.000100       29.832754        4.046495
     325        0.000100       29.804939        4.044778
     326        0.000100       29.837013        4.044608
     327        0.000100       29.792298        4.041941
     328        0.000100       29.865901        4.045435
     329        0.000100       29.858665        4.046289
     330        0.000100       29.943778        4.051014
     331        0.000100       29.906479        4.048686
     332        0.000100       29.948828        4.048483
     333        0.000100       29.906677        4.046534
     334        0.000100       29.987440        4.050419
     335        0.000100       29.996064        4.053086
     336        0.000100       30.071491        4.055322
     337        0.000100       30.015615        4.052129
     338        0.000100       30.062817        4.051986
     339        0.000100       30.024923        4.050651
     340        0.000100       30.119271        4.055419
     341        0.000100       30.111807        4.057050
     342        0.000100       30.174125        4.057721
     343        0.000100       30.119548        4.054522
     344        0.000100       30.171921        4.054851
     345        0.000100       30.144125        4.055125
     346        0.000100       30.260385        4.060757
     347        0.000100       30.228785        4.060456
     348        0.000100       30.290387        4.060682
     349        0.000100       30.217675        4.056491
     350        0.000100       30.303350        4.058658
     351        0.000100       30.285801        4.060835
     352        0.000100       30.398469        4.065191
     353        0.000100       30.338645        4.062758
     354        0.000100       30.408639        4.063237
     355        0.000100       30.341882        4.060534
     356        0.000100       30.450583        4.064227
     357        0.000100       30.442015        4.067001
     358        0.000100       30.528633        4.068866
     359        0.000100       30.444920        4.064850
     360        0.000100       30.526243        4.065239
     361        0.000100       30.477213        4.064658
     362        0.000100       30.598189        4.069319
     363        0.000100       30.568016        4.070513
     364        0.000100       30.653862        4.071171
     365        0.000100       30.569242        4.067658
     366        0.000100       30.661905        4.068599
     367        0.000100       30.619797        4.069111
     368        0.000100       30.777226        4.075639
     369        0.000100       30.710351        4.074812
     370        0.000100       30.787446        4.073906
     371        0.000100       30.702573        4.070481
     372        0.000100       30.830501        4.073964
     373        0.000100       30.787320        4.075361
     374        0.000100       30.923597        4.079454
     375        0.000100       30.830954        4.076320
     376        0.000100       30.933788        4.076971
     377        0.000100       30.853187        4.074798
     378        0.000100       30.996105        4.078551
     379        0.000100       30.965644        4.081923
     380        0.000100       31.059022        4.082029
     381        0.000100       30.953597        4.077832
     382        0.000100       31.081571        4.079327
     383        0.000100       31.024075        4.080029
     384        0.000100       31.196384        4.086248
     385        0.000100       31.096597        4.084043
     386        0.000100       31.208109        4.083869
     387        0.000100       31.108197        4.081120
     388        0.000100       31.253425        4.083735
     389        0.000100       31.201258        4.085735
     390        0.000100       31.351202        4.089176
     391        0.000100       31.230239        4.085425
     392        0.000100       31.358042        4.086115
     393        0.000100       31.266267        4.084410
     394        0.000100       31.459504        4.090817
     395        0.000100       31.369781        4.090627
     396        0.000100       31.483782        4.089958
     397        0.000100       31.369426        4.086964
     398        0.000100       31.527859        4.089174
     399        0.000100       31.457317        4.090921
     400        0.000100       31.629100        4.094830
     401        0.000100       31.508627        4.092126
     402        0.000100       31.648650        4.092856
     403        0.000100       31.531214        4.090281
     404        0.000100       31.720904        4.094791
     405        0.000100       31.648578        4.097124
     406        0.000100       31.786039        4.097463
     407        0.000100       31.647958        4.093890
     408        0.000100       31.807135        4.094890
     409        0.000100       31.731991        4.096889
     410        0.000100       31.945248        4.103229
     411        0.000100       31.798922        4.099802
     412        0.000100       31.938779        4.098909
     413        0.000100       31.819263        4.097474
     414        0.000100       32.022736        4.101712
     415        0.000100       31.940888        4.104434
     416        0.000100       32.092426        4.104704
     417        0.000100       31.946378        4.101423
     418        0.000050       32.124035        4.103010
     419        0.000050       31.846430        4.071978
     420        0.000050       31.917806        4.073546
     421        0.000050       31.942485        4.074723
     422        0.000050       31.995444        4.075821
     423        0.000050       32.012612        4.076672
     424        0.000050       32.068123        4.077714
     425        0.000050       32.073798        4.077896
     426        0.000050       32.140869        4.079304
     427        0.000050       32.135291        4.079318
     428        0.000050       32.209171        4.080761
     429        0.000050       32.198580        4.080688
     430        0.000050       32.272984        4.082119
     431        0.000050       32.254220        4.081786
     432        0.000050       32.332922        4.083278
     433        0.000050       32.314616        4.083054
     434        0.000050       32.389322        4.084437
     435        0.000050       32.366892        4.084023
     436        0.000050       32.447233        4.085543
     437        0.000050       32.424332        4.085196
     438        0.000050       32.500342        4.086505
     439        0.000050       32.475346        4.086056
     440        0.000050       32.558552        4.087569
     441        0.000050       32.530782        4.087118
     442        0.000050       32.610138        4.088390
     443        0.000050       32.582777        4.087965
     444        0.000050       32.668169        4.089471
     445        0.000050       32.637054        4.088961
     446        0.000050       32.718263        4.090194
     447        0.000050       32.689309        4.089784
     448        0.000050       32.775447        4.091284
     449        0.000050       32.741723        4.090671
     450        0.000050       32.825841        4.091942
     451        0.000050       32.795684        4.091561
     452        0.000050       32.881731        4.092939
     453        0.000050       32.845722        4.092304
     454        0.000050       32.933749        4.093607
     455        0.000050       32.900529        4.093215
     456        0.000050       32.989054        4.094589
     457        0.000050       32.950132        4.093875
     458        0.000050       33.042334        4.095274
     459        0.000050       33.006626        4.094843
     460        0.000050       33.096434        4.096214
     461        0.000050       33.054504        4.095406
     462        0.000050       33.150922        4.096906
     463        0.000050       33.111660        4.096401
     464        0.000050       33.204487        4.097746
     465        0.000050       33.160432        4.096978
     466        0.000050       33.260267        4.098511
     467        0.000050       33.217393        4.097975
     468        0.000050       33.310443        4.099120
     469        0.000050       33.267482        4.098558
     470        0.000050       33.369368        4.100110
     471        0.000050       33.321756        4.099322
     472        0.000050       33.421108        4.100741
     473        0.000050       33.372766        4.099910
     474        0.000050       33.476196        4.101445
     475        0.000050       33.427838        4.100822
     476        0.000050       33.529989        4.102279
     477        0.000050       33.480065        4.101476
     478        0.000050       33.582834        4.102759
     479        0.000050       33.535692        4.102407
     480        0.000050       33.639684        4.103902
     481        0.000050       33.586412        4.102863
     482        0.000050       33.691612        4.104415
     483        0.000050       33.640645        4.103721
     484        0.000050       33.749940        4.105490
     485        0.000050       33.695055        4.104457
     486        0.000050       33.798476        4.105714
     487        0.000050       33.751295        4.105466
     488        0.000050       33.856978        4.106841
     489        0.000050       33.800933        4.105787
     490        0.000050       33.907696        4.107213
     491        0.000050       33.859619        4.106990
     492        0.000050       33.965479        4.108286
     493        0.000050       33.909378        4.107343
     494        0.000050       34.017867        4.108711
     495        0.000050       33.967921        4.108539
     496        0.000050       34.075930        4.109795
     497        0.000050       34.017956        4.108867
     498        0.000050       34.126674        4.110110
     499        0.000050       34.075381        4.109977
     500        0.000050       34.187940        4.111404
     501        0.000050       34.126979        4.110453
     502        0.000050       34.235241        4.111456
     503        0.000050       34.182310        4.111306
     504        0.000050       34.300282        4.113000
     505        0.000050       34.235857        4.112026
     506        0.000050       34.343853        4.112793
     507        0.000050       34.289189        4.112576
     508        0.000050       34.412779        4.114569
     509        0.000050       34.345289        4.113592
     510        0.000050       34.453749        4.114207
     511        0.000050       34.397606        4.113930
     512        0.000050       34.525718        4.116138
     513        0.000050       34.455994        4.115188
     514        0.000050       34.565400        4.115668
     515        0.000050       34.507169        4.115394
     516        0.000050       34.639242        4.117660
     517        0.000050       34.567926        4.116760
     518        0.000050       34.677875        4.117185
     519        0.000050       34.618635        4.116908
     520        0.000050       34.753523        4.119181
     521        0.000050       34.680553        4.118304
     522        0.000050       34.791944        4.118725
     523        0.000050       34.731773        4.118454
     524        0.000050       34.868949        4.120703
     525        0.000050       34.794218        4.119836
     526        0.000050       34.907940        4.120258
     527        0.000050       34.846328        4.119990
     528        0.000050       34.986253        4.122213
     529        0.000050       34.909583        4.121361
     530        0.000050       35.025788        4.121774
     531        0.000050       34.963048        4.121535
     532        0.000050       35.105643        4.123718
     533        0.000050       35.027374        4.122901
     534        0.000050       35.145836        4.123288
     535        0.000050       35.082439        4.123106
     536        0.000050       35.227128        4.125224
     537        0.000050       35.148536        4.124479
     538        0.000050       35.269397        4.124849
     539        0.000050       35.205386        4.124722
     540        0.000050       35.351334        4.126715
     541        0.000050       35.273194        4.126088
     542        0.000050       35.397344        4.126450
     543        0.000050       35.332655        4.126383
     544        0.000050       35.479674        4.128239
     545        0.000050       35.402593        4.127731
     546        0.000050       35.531294        4.128135
     547        0.000050       35.464137        4.128010
     548        0.000050       35.613513        4.129742
     549        0.000050       35.538125        4.129410
     550        0.000050       35.672801        4.129963
     551        0.000050       35.599416        4.129507
     552        0.000050       35.751869        4.131152
     553        0.000050       35.680018        4.131050
     554        0.000050       35.822320        4.132004
     555        0.000050       35.742803        4.131132
     556        0.000050       35.895054        4.132581
     557        0.000050       35.827292        4.132617
     558        0.000050       35.980041        4.134085
     559        0.000050       35.899697        4.133233
     560        0.000050       36.052364        4.134431
     561        0.000050       35.982446        4.134079
     562        0.000050       36.141919        4.135755
     563        0.000050       36.067531        4.135272
     564        0.000050       36.218610        4.136080
     565        0.000050       36.152189        4.135818
     566        0.000050       36.320937        4.137526
     567        0.000050       36.251206        4.137330
     568        0.000050       36.404772        4.137898
     569        0.000050       36.338305        4.137535
     570        0.000050       36.509459        4.139065
     571        0.000050       36.446674        4.139218
     572        0.000050       36.600770        4.139808
     573        0.000050       36.528624        4.139111
     574        0.000050       36.700227        4.140428
     575        0.000050       36.640406        4.140811
     576        0.000050       36.803611        4.141987
     577        0.000050       36.719237        4.140611
     578        0.000050       36.890374        4.141612
     579        0.000050       36.838390        4.142677
     580        0.000050       37.001065        4.143718
     581        0.000050       36.919664        4.142628
     582        0.000050       37.081231        4.142885
     583        0.000050       37.024030        4.143628
     584        0.000050       37.201462        4.145572
     585        0.000050       37.124165        4.144992
     586        0.000050       37.282946        4.145303
     587        0.000050       37.220304        4.145295
     588        0.000050       37.393946        4.146644
     589        0.000050       37.322511        4.146713
     590        0.000050       37.495703        4.147725
     591        0.000050       37.417965        4.147164
     592        0.000050       37.592889        4.148314
     593        0.000050       37.520156        4.148049
     594        0.000050       37.699108        4.149567
     595        0.000050       37.619936        4.149117
     596        0.000050       37.785437        4.149502
     597        0.000050       37.728647        4.150476
     598        0.000050       37.898725        4.151054
     599        0.000050       37.824723        4.151186
     600        0.000050       37.987789        4.151170
     601        0.000050       37.916404        4.151325
     602        0.000050       38.114620        4.153496
     603        0.000050       38.030378        4.152966
     604        0.000050       38.194975        4.153458
     605        0.000050       38.115558        4.152779
     606        0.000050       38.307551        4.154530
     607        0.000050       38.236927        4.154976
     608        0.000050       38.403015        4.155328
     609        0.000050       38.312780        4.154250
     610        0.000050       38.506477        4.155765
     611        0.000050       38.434914        4.156273
     612        0.000050       38.613458        4.157327
     613        0.000050       38.519887        4.156303
     614        0.000050       38.702676        4.157029
     615        0.000050       38.642865        4.158379
     616        0.000050       38.814517        4.158661
     617        0.000050       38.728000        4.158456
     618        0.000050       38.908785        4.158862
     619        0.000025       38.833705        4.159339
     620        0.000025       38.465361        4.103925
     621        0.000025       38.539792        4.104259
     622        0.000025       38.591189        4.104500
     623        0.000025       38.634416        4.104691
     624        0.000025       38.676277        4.104903
     625        0.000025       38.715351        4.105037
     626        0.000025       38.758134        4.105350
     627        0.000025       38.796262        4.105455
     628        0.000025       38.840523        4.105773
     629        0.000025       38.874608        4.105842
     630        0.000025       38.920338        4.106188
     631        0.000025       38.953970        4.106268
     632        0.000025       38.998929        4.106618
     633        0.000025       39.029704        4.106685
     634        0.000025       39.073950        4.107037
     635        0.000025       39.105123        4.107137
     636        0.000025       39.147293        4.107490
     637        0.000025       39.175941        4.107545
     638        0.000025       39.218268        4.107898
     639        0.000025       39.248224        4.108015
     640        0.000025       39.288245        4.108366
     641        0.000025       39.315614        4.108424
     642        0.000025       39.356193        4.108774
     643        0.000025       39.385017        4.108899
     644        0.000025       39.423166        4.109243
     645        0.000025       39.449424        4.109301
     646        0.000025       39.488359        4.109654
     647        0.000025       39.516160        4.109770
     648        0.000025       39.552635        4.110123
     649        0.000025       39.577481        4.110153
     650        0.000025       39.615229        4.110517
     651        0.000025       39.641816        4.110619
     652        0.000025       39.676657        4.110963
     653        0.000025       39.700809        4.110994
     654        0.000025       39.737200        4.111358
     655        0.000025       39.762973        4.111459
     656        0.000025       39.796756        4.111807
     657        0.000025       39.819601        4.111818
     658        0.000025       39.855466        4.112206
     659        0.000025       39.879992        4.112298
     660        0.000025       39.912526        4.112648
     661        0.000025       39.934970        4.112697
     662        0.000025       39.969757        4.113087
     663        0.000025       39.993328        4.113203
     664        0.000025       40.025140        4.113554
     665        0.000025       40.046687        4.113585
     666        0.000025       40.081315        4.114003
     667        0.000025       40.103251        4.114078
     668        0.000025       40.134397        4.114425
     669        0.000025       40.156032        4.114482
     670        0.000025       40.189646        4.114895
     671        0.000025       40.210481        4.114966
     672        0.000025       40.241042        4.115318
     673        0.000025       40.262087        4.115352
     674        0.000025       40.295326        4.115802
     675        0.000025       40.314965        4.115832
     676        0.000025       40.344936        4.116197
     677        0.000025       40.365903        4.116240
     678        0.000025       40.398061        4.116672
     679        0.000025       40.417138        4.116704
     680        0.000025       40.446357        4.117061
     681        0.000025       40.466721        4.117100
     682        0.000025       40.498219        4.117551
     683        0.000025       40.516652        4.117567
     684        0.000025       40.545123        4.117927
     685        0.000025       40.565730        4.117997
     686        0.000025       40.596163        4.118426
     687        0.000025       40.613829        4.118431
     688        0.000025       40.641898        4.118793
     689        0.000025       40.662229        4.118858
     690        0.000025       40.691104        4.119275
     691        0.000025       40.708391        4.119290
     692        0.000025       40.736282        4.119656
     693        0.000025       40.755971        4.119725
     694        0.000025       40.783353        4.120133
     695        0.000025       40.800168        4.120134
     696        0.000025       40.827235        4.120485
     697        0.000025       40.846442        4.120572
     698        0.000025       40.872794        4.120963
     699        0.000025       40.889002        4.120956
     700        0.000025       40.915408        4.121308
     701        0.000025       40.934259        4.121408
     702        0.000025       40.959459        4.121790
     703        0.000025       40.975060        4.121778
     704        0.000025       41.001059        4.122147
     705        0.000025       41.019420        4.122244
     706        0.000025       41.043620        4.122603
     707        0.000025       41.058785        4.122593
     708        0.000025       41.084460        4.122974
     709        0.000025       41.102240        4.123074
     710        0.000025       41.125555        4.123416
     711        0.000025       41.140227        4.123400
     712        0.000025       41.165654        4.123787
     713        0.000025       41.182742        4.123894
     714        0.000025       41.205476        4.124214
     715        0.000025       41.219400        4.124187
     716        0.000025       41.245085        4.124591
     717        0.000025       41.260888        4.124688
     718        0.000025       41.283503        4.124998
     719        0.000025       41.296831        4.124981
     720        0.000025       41.322606        4.125396
     721        0.000025       41.337096        4.125481
     722        0.000025       41.359570        4.125792
     723        0.000025       41.372732        4.125796
     724        0.000025       41.398359        4.126211
     725        0.000025       41.411729        4.126280
     726        0.000025       41.433962        4.126582
     727        0.000025       41.446879        4.126602
     728        0.000025       41.472200        4.127007
     729        0.000025       41.484799        4.127068
     730        0.000025       41.506781        4.127359
     731        0.000025       41.519321        4.127398
     732        0.000025       41.544382        4.127799
     733        0.000025       41.556259        4.127852
     734        0.000025       41.578094        4.128146
     735        0.000025       41.590162        4.128183
     736        0.000025       41.615028        4.128588
     737        0.000025       41.626189        4.128633
     738        0.000025       41.647589        4.128935
     739        0.000025       41.660414        4.128970
     740        0.000025       41.683247        4.129366
     741        0.000025       41.695405        4.129415
     742        0.000025       41.715810        4.129726
     743        0.000025       41.728164        4.129703
     744        0.000025       41.750965        4.130115
     745        0.000025       41.763690        4.130228
     746        0.000025       41.782432        4.130497
     747        0.000025       41.794365        4.130412
     748        0.000025       41.817560        4.130863
     749        0.000025       41.829248        4.130957
     750        0.000025       41.847301        4.131164
     751        0.000025       41.859465        4.131159
     752        0.000025       41.882367        4.131569
     753        0.000025       41.893388        4.131709
     754        0.000025       41.912193        4.131945
     755        0.000025       41.923463        4.131915
     756        0.000025       41.946398        4.132324
     757        0.000025       41.957239        4.132464
     758        0.000025       41.975418        4.132661
     759        0.000025       41.986582        4.132675
     760        0.000025       42.009124        4.133067
     761        0.000025       42.019817        4.133227
     762        0.000025       42.038081        4.133463
     763        0.000025       42.048420        4.133468
     764        0.000025       42.070789        4.133835
     765        0.000025       42.081352        4.134008
     766        0.000025       42.099654        4.134242
     767        0.000025       42.109937        4.134273
     768        0.000025       42.131817        4.134614
     769        0.000025       42.142106        4.134813
     770        0.000025       42.160708        4.135062
     771        0.000025       42.170542        4.135073
     772        0.000025       42.192038        4.135403
     773        0.000025       42.201859        4.135592
     774        0.000025       42.220800        4.135842
     775        0.000025       42.230740        4.135871
     776        0.000025       42.251714        4.136182
     777        0.000025       42.261292        4.136377
     778        0.000025       42.280432        4.136654
     779        0.000025       42.290236        4.136672
     780        0.000025       42.310648        4.136981
     781        0.000025       42.320008        4.137158
     782        0.000025       42.339271        4.137447
     783        0.000025       42.349179        4.137477
     784        0.000025       42.369056        4.137766
     785        0.000025       42.377915        4.137923
     786        0.000025       42.397375        4.138231
     787        0.000025       42.407670        4.138264
     788        0.000025       42.425911        4.138524
     789        0.000025       42.434836        4.138654
     790        0.000025       42.454706        4.138997
     791        0.000025       42.466346        4.139059
     792        0.000025       42.480964        4.139287
     793        0.000025       42.493131        4.139331
     794        0.000025       42.509724        4.139723
     795        0.000025       42.522900        4.139780
     796        0.000025       42.536557        4.140018
     797        0.000025       42.549555        4.140053
     798        0.000025       42.563717        4.140419
     799        0.000025       42.578755        4.140505
     800        0.000025       42.591880        4.140734
     801        0.000025       42.604250        4.140763
     802        0.000025       42.618065        4.141115
     803        0.000025       42.633482        4.141224
     804        0.000025       42.646519        4.141421
     805        0.000025       42.658043        4.141441
     806        0.000025       42.673069        4.141790
     807        0.000025       42.689145        4.141992
     808        0.000025       42.702068        4.142187
     809        0.000025       42.713018        4.142157
     810        0.000025       42.727741        4.142466
     811        0.000025       42.745389        4.142724
     812        0.000025       42.758520        4.142987
     813        0.000025       42.768814        4.142895
     814        0.000025       42.782445        4.143143
     815        0.000025       42.799520        4.143332
     816        0.000025       42.814936        4.143723
     817        0.000025       42.825018        4.143627
     818        0.000025       42.838314        4.143844
     819        0.000025       42.854906        4.143984
     820        0.000013       42.871728        4.144441
     821        0.000013       42.709676        4.117961
     822        0.000013       42.760573        4.118110
     823        0.000013       42.803252        4.118325
     824        0.000013       42.839929        4.118524
     825        0.000013       42.872158        4.118718
     826        0.000013       42.901090        4.118873
     827        0.000013       42.928242        4.119066
     828        0.000013       42.954311        4.119207
     829        0.000013       42.979495        4.119411
     830        0.000013       43.003727        4.119554
     831        0.000013       43.027890        4.119761
     832        0.000013       43.052224        4.119900
     833        0.000013       43.075137        4.120083
     834        0.000013       43.098358        4.120218
     835        0.000013       43.120420        4.120405
     836        0.000013       43.142955        4.120527
     837        0.000013       43.164557        4.120709
     838        0.000013       43.186264        4.120829
     839        0.000013       43.207228        4.121006
     840        0.000013       43.228749        4.121117
     841        0.000013       43.249564        4.121308
     842        0.000013       43.270428        4.121413
     843        0.000013       43.290588        4.121586
     844        0.000013       43.311372        4.121699
     845        0.000013       43.331186        4.121872
     846        0.000013       43.351267        4.121972
     847        0.000013       43.370325        4.122137
     848        0.000013       43.390290        4.122236
     849        0.000013       43.409398        4.122410
     850        0.000013       43.428683        4.122505
     851        0.000013       43.446891        4.122665
     852        0.000013       43.465890        4.122760
     853        0.000013       43.484082        4.122922
     854        0.000013       43.502725        4.123017
     855        0.000013       43.520258        4.123170
     856        0.000013       43.538616        4.123262
     857        0.000013       43.556060        4.123424
     858        0.000013       43.574205        4.123512
     859        0.000013       43.591053        4.123664
     860        0.000013       43.608620        4.123749
     861        0.000013       43.625345        4.123906
     862        0.000013       43.642832        4.123992
     863        0.000013       43.658962        4.124141
     864        0.000013       43.675983        4.124224
     865        0.000013       43.692104        4.124380
     866        0.000013       43.708868        4.124461
     867        0.000013       43.724535        4.124611
     868        0.000013       43.741085        4.124694
     869        0.000013       43.756724        4.124846
     870        0.000013       43.772939        4.124925
     871        0.000013       43.788115        4.125075
     872        0.000013       43.804038        4.125153
     873        0.000013       43.819044        4.125307
     874        0.000013       43.834946        4.125385
     875        0.000013       43.849544        4.125535
     876        0.000013       43.864973        4.125607
     877        0.000013       43.879545        4.125761
     878        0.000013       43.895086        4.125839
     879        0.000013       43.909170        4.125984
     880        0.000013       43.924527        4.126059
     881        0.000013       43.938615        4.126209
     882        0.000013       43.953966        4.126293
     883        0.000013       43.967489        4.126434
     884        0.000013       43.982535        4.126515
     885        0.000013       43.995888        4.126658
     886        0.000013       44.011080        4.126747
     887        0.000013       44.023967        4.126890
     888        0.000013       44.038885        4.126975
     889        0.000013       44.051726        4.127122
     890        0.000013       44.066666        4.127211
     891        0.000013       44.079343        4.127350
     892        0.000013       44.093994        4.127440
     893        0.000013       44.106477        4.127578
     894        0.000013       44.121216        4.127669
     895        0.000013       44.133445        4.127810
     896        0.000013       44.147855        4.127900
     897        0.000013       44.160052        4.128040
     898        0.000013       44.174362        4.128135
     899        0.000013       44.186437        4.128276
     900        0.000013       44.200523        4.128373
     901        0.000013       44.212445        4.128507
     902        0.000013       44.226158        4.128594
     903        0.000013       44.238402        4.128742
     904        0.000013       44.251821        4.128830
     905        0.000013       44.264046        4.128977
     906        0.000013       44.277118        4.129049
     907        0.000013       44.289298        4.129210
     908        0.000013       44.302502        4.129287
     909        0.000013       44.314068        4.129427
     910        0.000013       44.327071        4.129504
     911        0.000013       44.339225        4.129667
     912        0.000013       44.352090        4.129749
     913        0.000013       44.363494        4.129881
     914        0.000013       44.375842        4.129955
     915        0.000013       44.387888        4.130124
     916        0.000013       44.400439        4.130196
     917        0.000013       44.411657        4.130332
     918        0.000013       44.423955        4.130402
     919        0.000013       44.435586        4.130565
     920        0.000013       44.448130        4.130643
     921        0.000013       44.459159        4.130781
     922        0.000013       44.471167        4.130847
     923        0.000013       44.482669        4.131010
     924        0.000013       44.495041        4.131087
     925        0.000013       44.505886        4.131218
     926        0.000013       44.517555        4.131279
     927        0.000013       44.528697        4.131442
     928        0.000013       44.540814        4.131520
     929        0.000013       44.551532        4.131657
     930        0.000013       44.563000        4.131716
     931        0.000013       44.574126        4.131879
     932        0.000013       44.586030        4.131953
     933        0.000013       44.596747        4.132090
     934        0.000013       44.608136        4.132146
     935        0.000013       44.618957        4.132308
     936        0.000013       44.630580        4.132377
     937        0.000013       44.641139        4.132519
     938        0.000013       44.652489        4.132577
     939        0.000013       44.663002        4.132736
     940        0.000013       44.674390        4.132805
     941        0.000013       44.684806        4.132946
     942        0.000013       44.695963        4.132999
     943        0.000013       44.706555        4.133161
     944        0.000013       44.717796        4.133225
     945        0.000013       44.728093        4.133366
     946        0.000013       44.739239        4.133420
     947        0.000013       44.749694        4.133579
     948        0.000013       44.760693        4.133648
     949        0.000013       44.770846        4.133788
     950        0.000013       44.781925        4.133843
     951        0.000013       44.792258        4.134006
     952        0.000013       44.802972        4.134075
     953        0.000013       44.812945        4.134218
     954        0.000013       44.823757        4.134273
     955        0.000013       44.834147        4.134436
     956        0.000013       44.844749        4.134507
     957        0.000013       44.854630        4.134649
     958        0.000013       44.865361        4.134704
     959        0.000013       44.875592        4.134864
     960        0.000013       44.886209        4.134942
     961        0.000013       44.895921        4.135083
     962        0.000013       44.906498        4.135132
     963        0.000013       44.916592        4.135296
     964        0.000013       44.927115        4.135375
     965        0.000013       44.936745        4.135520
     966        0.000013       44.947065        4.135566
     967        0.000013       44.957020        4.135729
     968        0.000013       44.967587        4.135810
     969        0.000013       44.977235        4.135956
     970        0.000013       44.987474        4.135998
     971        0.000013       44.997189        4.136160
     972        0.000013       45.007707        4.136244
     973        0.000013       45.017258        4.136391
     974        0.000013       45.027371        4.136432
     975        0.000013       45.036892        4.136593
     976        0.000013       45.047349        4.136679
     977        0.000013       45.056907        4.136830
     978        0.000013       45.066901        4.136864
     979        0.000013       45.076275        4.137023
     980        0.000013       45.086693        4.137109
     981        0.000013       45.096300        4.137261
     982        0.000013       45.106376        4.137292
     983        0.000013       45.115627        4.137450
     984        0.000013       45.125993        4.137537
     985        0.000013       45.135486        4.137694
     986        0.000013       45.145691        4.137726
     987        0.000013       45.154854        4.137884
     988        0.000013       45.165135        4.137966
     989        0.000013       45.174519        4.138124
     990        0.000013       45.184670        4.138157
     991        0.000013       45.193879        4.138316
     992        0.000013       45.204132        4.138395
     993        0.000013       45.213390        4.138555
     994        0.000013       45.223574        4.138590
     995        0.000013       45.232717        4.138743
     996        0.000013       45.243000        4.138825
     997        0.000013       45.252023        4.138987
     998        0.000013       45.262144        4.139019
     999        0.000013       45.271168        4.139166
    1000        0.000013       45.281534        4.139248
    1001        0.000013       45.290434        4.139414
    1002        0.000013       45.300420        4.139450
    1003        0.000013       45.309364        4.139581
    1004        0.000013       45.319645        4.139665
    1005        0.000013       45.328807        4.139843
    1006        0.000013       45.338672        4.139878
    1007        0.000013       45.347604        4.139998
    1008        0.000013       45.357593        4.140075
    1009        0.000013       45.366901        4.140263
    1010        0.000013       45.376644        4.140300
    1011        0.000013       45.385723        4.140422
    1012        0.000013       45.395437        4.140486
    1013        0.000013       45.404806        4.140678
    1014        0.000013       45.414530        4.140722
    1015        0.000013       45.423599        4.140850
    1016        0.000013       45.433185        4.140899
    1017        0.000013       45.442472        4.141091
    1018        0.000013       45.452190        4.141150
    1019        0.000013       45.461367        4.141291
    1020        0.000013       45.470647        4.141313
    1021        0.000006       45.479786        4.141502
    1022        0.000006       45.478808        4.135068
    1023        0.000006       45.501570        4.135059
    1024        0.000006       45.523498        4.135141
    1025        0.000006       45.544160        4.135237
    1026        0.000006       45.563727        4.135337
    1027        0.000006       45.582211        4.135436
    1028        0.000006       45.599707        4.135533
    1029        0.000006       45.616167        4.135631
    1030        0.000006       45.631770        4.135716
    1031        0.000006       45.646705        4.135818
    1032        0.000006       45.660932        4.135896
    1033        0.000006       45.674539        4.135996
    1034        0.000006       45.687652        4.136070
    1035        0.000006       45.700344        4.136162
    1036        0.000006       45.712634        4.136234
    1037        0.000006       45.724585        4.136332
    1038        0.000006       45.736217        4.136404
    1039        0.000006       45.747709        4.136493
    1040        0.000006       45.758814        4.136556
    1041        0.000006       45.769866        4.136651
    1042        0.000006       45.780609        4.136723
    1043        0.000006       45.791349        4.136802
    1044        0.000006       45.801830        4.136866
    1045        0.000006       45.812312        4.136964
    1046        0.000006       45.822499        4.137028
    1047        0.000006       45.832736        4.137102
    1048        0.000006       45.842768        4.137169
    1049        0.000006       45.852835        4.137258
    1050        0.000006       45.862736        4.137317
    1051        0.000006       45.872575        4.137398
    1052        0.000006       45.882272        4.137456
    1053        0.000006       45.892013        4.137543
    1054        0.000006       45.901530        4.137594
    1055        0.000006       45.911064        4.137678
    1056        0.000006       45.920552        4.137735
    1057        0.000006       45.930008        4.137820
    1058        0.000006       45.939359        4.137872
    1059        0.000006       45.948751        4.137957
    1060        0.000006       45.957955        4.138009
    1061        0.000006       45.967151        4.138091
    1062        0.000006       45.976315        4.138144
    1063        0.000006       45.985450        4.138225
    1064        0.000006       45.994447        4.138276
    1065        0.000006       46.003496        4.138355
    1066        0.000006       46.012429        4.138405
    1067        0.000006       46.021439        4.138487
    1068        0.000006       46.030331        4.138536
    1069        0.000006       46.039239        4.138617
    1070        0.000006       46.047976        4.138661
    1071        0.000006       46.056851        4.138742
    1072        0.000006       46.065580        4.138789
    1073        0.000006       46.074360        4.138869
    1074        0.000006       46.082952        4.138913
    1075        0.000006       46.091715        4.138992
    1076        0.000006       46.100281        4.139039
    1077        0.000006       46.108941        4.139120
    1078        0.000006       46.117387        4.139163
    1079        0.000006       46.125993        4.139243
    1080        0.000006       46.134388        4.139286
    1081        0.000006       46.142998        4.139368
    1082        0.000006       46.151318        4.139410
    1083        0.000006       46.159833        4.139488
    1084        0.000006       46.168108        4.139531
    1085        0.000006       46.176571        4.139614
    1086        0.000006       46.184798        4.139654
    1087        0.000006       46.193160        4.139736
    1088        0.000006       46.201291        4.139776
    1089        0.000006       46.209521        4.139854
    1090        0.000006       46.217654        4.139897
    1091        0.000006       46.225821        4.139977
    1092        0.000006       46.233838        4.140014
    1093        0.000006       46.241989        4.140094
    1094        0.000006       46.249921        4.140134
    1095        0.000006       46.257999        4.140213
    1096        0.000006       46.265978        4.140253
    1097        0.000006       46.274028        4.140333
    1098        0.000006       46.281833        4.140373
    1099        0.000006       46.289856        4.140456
    1100        0.000006       46.297637        4.140495
    1101        0.000006       46.305600        4.140574
    1102        0.000006       46.313386        4.140620
    1103        0.000006       46.321301        4.140698
    1104        0.000006       46.328880        4.140737
    1105        0.000006       46.336856        4.140818
    1106        0.000006       46.344427        4.140861
    1107        0.000006       46.352250        4.140936
    1108        0.000006       46.359835        4.140982
    1109        0.000006       46.367667        4.141062
    1110        0.000006       46.375134        4.141100
    1111        0.000006       46.382950        4.141184
    1112        0.000006       46.390459        4.141224
    1113        0.000006       46.398122        4.141302
    1114        0.000006       46.405620        4.141340
    1115        0.000006       46.413342        4.141430
    1116        0.000006       46.420754        4.141461
    1117        0.000006       46.428305        4.141546
    1118        0.000006       46.435766        4.141584
    1119        0.000006       46.443214        4.141664
    1120        0.000006       46.450722        4.141705
    1121        0.000006       46.458114        4.141786
    1122        0.000006       46.465550        4.141828
    1123        0.000006       46.472849        4.141897
    1124        0.000006       46.480212        4.141945
    1125        0.000006       46.487439        4.142015
    1126        0.000006       46.494833        4.142063
    1127        0.000006       46.502040        4.142139
    1128        0.000006       46.509316        4.142178
    1129        0.000006       46.516572        4.142258
    1130        0.000006       46.523856        4.142302
    1131        0.000006       46.531022        4.142381
    1132        0.000006       46.538290        4.142417
    1133        0.000006       46.545378        4.142498
    1134        0.000006       46.552532        4.142535
    1135        0.000006       46.559801        4.142619
    1136        0.000006       46.566864        4.142649
    1137        0.000006       46.573966        4.142737
    1138        0.000006       46.581200        4.142776
    1139        0.000006       46.588103        4.142847
    1140        0.000006       46.595233        4.142894
    1141        0.000006       46.602330        4.142968
    1142        0.000006       46.609334        4.143011
    1143        0.000006       46.616349        4.143096
    1144        0.000006       46.623374        4.143126
    1145        0.000006       46.630235        4.143210
    1146        0.000006       46.637354        4.143247
    1147        0.000006       46.644046        4.143313
    1148        0.000006       46.651220        4.143366
    1149        0.000006       46.658133        4.143447
    1150        0.000006       46.665050        4.143483
    1151        0.000006       46.671920        4.143567
    1152        0.000006       46.678729        4.143604
    1153        0.000006       46.685612        4.143676
    1154        0.000006       46.692499        4.143727
    1155        0.000006       46.699287        4.143790
    1156        0.000006       46.706116        4.143841
    1157        0.000006       46.712928        4.143929
    1158        0.000006       46.719850        4.143954
    1159        0.000006       46.726304        4.144033
    1160        0.000006       46.733169        4.144068
    1161        0.000006       46.739816        4.144146
    1162        0.000006       46.746784        4.144194
    1163        0.000006       46.753387        4.144265
    1164        0.000006       46.760125        4.144312
    1165        0.000006       46.766963        4.144413
    1166        0.000006       46.773632        4.144435
    1167        0.000006       46.780038        4.144509
    1168        0.000006       46.786806        4.144563
    1169        0.000006       46.793401        4.144642
    1170        0.000006       46.800235        4.144680
    1171        0.000006       46.806815        4.144763
    1172        0.000006       46.813466        4.144811
    1173        0.000006       46.820073        4.144897
    1174        0.000006       46.826822        4.144928
    1175        0.000006       46.833312        4.145014
    1176        0.000006       46.839999        4.145061
    1177        0.000006       46.846542        4.145148
    1178        0.000006       46.853288        4.145179
    1179        0.000006       46.859627        4.145263
    1180        0.000006       46.866287        4.145311
    1181        0.000006       46.872795        4.145400
    1182        0.000006       46.879437        4.145424
    1183        0.000006       46.885768        4.145513
    1184        0.000006       46.892369        4.145562
    1185        0.000006       46.898770        4.145640
    1186        0.000006       46.905445        4.145671
    1187        0.000006       46.911753        4.145760
    1188        0.000006       46.918331        4.145808
    1189        0.000006       46.924727        4.145899
