       0        0.000100     4168.804908       64.146019
       1        0.000100     4140.234809       63.921597
       2        0.000100     4111.781177       63.696972
       3        0.000100     4075.053481       63.406387
       4        0.000100     4026.362168       63.019886
       5        0.000100     3965.247008       62.532948
       6        0.000100     3892.603427       61.950714
       7        0.000100     3811.578874       61.295830
       8        0.000100     3725.678525       60.593872
       9        0.000100     3635.595147       59.849072
      10        0.000100     3541.718516       59.062946
      11        0.000100     3444.249938       58.235611
      12        0.000100     3343.681352       57.369289
      13        0.000100     3240.282097       56.464600
      14        0.000100     3134.242275       55.521244
      15        0.000100     3025.749974       54.538982
      16        0.000100     2915.094038       53.518318
      17        0.000100     2802.543982       52.459579
      18        0.000100     2688.414524       51.363434
      19        0.000100     2573.067972       50.231064
      20        0.000100     2456.829886       49.063232
      21        0.000100     2340.132724       47.861759
      22        0.000100     2223.382664       46.628334
      23        0.000100     2106.981236       45.364754
      24        0.000100     1991.333917       44.072964
      25        0.000100     1876.846009       42.755150
      26        0.000100     1763.920030       41.413616
      27        0.000100     1652.949325       40.050907
      28        0.000100     1544.317911       38.669697
      29        0.000100     1438.392830       37.272861
      30        0.000100     1335.522105       35.863396
      31        0.000100     1236.031154       34.444485
      32        0.000100     1140.218642       33.019463
      33        0.000100     1048.352598       31.591742
      34        0.000100      960.668958       30.165070
      35        0.000100      877.367737       28.744141
      36        0.000100      798.610138       27.332256
      37        0.000100      724.518222       25.932770
      38        0.000100      655.172176       24.549606
      39        0.000100      590.611504       23.186327
      40        0.000100      530.833734       21.848555
      41        0.000100      475.795106       20.538839
      42        0.000100      425.412020       19.263460
      43        0.000100      379.564002       18.031836
      44        0.000100      338.095993       16.851896
      45        0.000100      300.821017       15.728287
      46        0.000100      267.526787       14.669313
      47        0.000100      237.978726       13.678216
      48        0.000100      211.924097       12.761870
      49        0.000100      189.098010       11.922190
      50        0.000100      169.229834       11.165527
      51        0.000100      152.045338       10.490216
      52        0.000100      137.273644        9.890265
      53        0.000100      124.651726        9.363888
      54        0.000100      113.926287        8.901156
      55        0.000100      104.859456        8.491801
      56        0.000100       97.228502        8.139560
      57        0.000100       90.829292        7.836137
      58        0.000100       85.477013        7.576493
      59        0.000100       81.006299        7.352503
      60        0.000100       77.271272        7.159770
      61        0.000100       74.144614        6.994735
      62        0.000100       71.516428        6.853378
      63        0.000100       69.293241        6.730895
      64        0.000100       67.396535        6.623690
      65        0.000100       65.760703        6.530640
      66        0.000100       64.331625        6.447769
      67        0.000100       63.065468        6.374017
      68        0.000100       61.926524        6.307740
      69        0.000100       60.886511        6.246766
      70        0.000100       59.922881        6.190230
      71        0.000100       59.018051        6.136812
      72        0.000100       58.158494        6.085611
      73        0.000100       57.333561        6.036486
      74        0.000100       56.535411        5.988998
      75        0.000100       55.757991        5.942773
      76        0.000100       54.996876        5.897707
      77        0.000100       54.248717        5.853501
      78        0.000100       53.511175        5.809947
      79        0.000100       52.782515        5.766807
      80        0.000100       52.061572        5.724048
      81        0.000100       51.347554        5.681595
      82        0.000100       50.639834        5.639404
      83        0.000100       49.938103        5.597420
      84        0.000100       49.242197        5.555593
      85        0.000100       48.551922        5.513870
      86        0.000100       47.867339        5.472231
      87        0.000100       47.188362        5.430664
      88        0.000100       46.515071        5.389185
      89        0.000100       45.847486        5.347881
      90        0.000100       45.185734        5.306722
      91        0.000100       44.529827        5.265656
      92        0.000100       43.879891        5.224716
      93        0.000100       43.235928        5.183917
      94        0.000100       42.598076        5.143283
      95        0.000100       41.966347        5.102740
      96        0.000100       41.340791        5.062342
      97        0.000100       40.721505        5.022014
      98        0.000100       40.108507        4.981828
      99        0.000100       39.501870        4.941781
     100        0.000100       38.901609        4.901803
     101        0.000100       38.307745        4.861904
     102        0.000100       37.720314        4.822112
     103        0.000100       37.139369        4.782533
     104        0.000100       36.564940        4.743132
     105        0.000100       35.996974        4.703825
     106        0.000100       35.435554        4.664645
     107        0.000100       34.880643        4.625648
     108        0.000100       34.332290        4.586884
     109        0.000100       33.790448        4.548310
     110        0.000100       33.255127        4.509987
     111        0.000100       32.726345        4.471824
     112        0.000100       32.204083        4.433839
     113        0.000100       31.688317        4.396031
     114        0.000100       31.179038        4.358459
     115        0.000100       30.676208        4.321125
     116        0.000100       30.179847        4.284040
     117        0.000100       29.689890        4.247155
     118        0.000100       29.206325        4.210471
     119        0.000100       28.729132        4.174057
     120        0.000100       28.258267        4.137907
     121        0.000100       27.793703        4.101900
     122        0.000100       27.335374        4.066045
     123        0.000100       26.883289        4.030318
     124        0.000100       26.437357        3.994721
     125        0.000100       25.997575        3.959249
     126        0.000100       25.563864        3.923942
     127        0.000100       25.136191        3.888855
     128        0.000100       24.714518        3.854003
     129        0.000100       24.298781        3.819318
     130        0.000100       23.888937        3.784800
     131        0.000100       23.484934        3.750566
     132        0.000100       23.086684        3.716604
     133        0.000100       22.694186        3.682924
     134        0.000100       22.307348        3.649485
     135        0.000100       21.926126        3.616272
     136        0.000100       21.550461        3.583221
     137        0.000100       21.180303        3.550382
     138        0.000100       20.815581        3.517809
     139        0.000100       20.456228        3.485465
     140        0.000100       20.102204        3.453360
     141        0.000100       19.753432        3.421417
     142        0.000100       19.409878        3.389657
     143        0.000100       19.071463        3.358168
     144        0.000100       18.738138        3.326886
     145        0.000100       18.409842        3.295738
     146        0.000100       18.086505        3.264782
     147        0.000100       17.768090        3.234067
     148        0.000100       17.454529        3.203531
     149        0.000100       17.145767        3.173225
     150        0.000100       16.841740        3.143189
     151        0.000100       16.542409        3.113411
     152        0.000100       16.247682        3.083862
     153        0.000100       15.957538        3.054494
     154        0.000100       15.671902        3.025274
     155        0.000100       15.390744        2.996274
     156        0.000100       15.114011        2.967540
     157        0.000100       14.841643        2.939059
     158        0.000100       14.573463        2.910852
     159        0.000100       14.309559        2.882921
     160        0.000100       14.049808        2.855185
     161        0.000100       13.794107        2.827644
     162        0.000100       13.542556        2.800343
     163        0.000100       13.295101        2.773288
     164        0.000100       13.051690        2.746471
     165        0.000100       12.812292        2.719833
     166        0.000100       12.576865        2.693509
     167        0.000100       12.345357        2.667441
     168        0.000100       12.117725        2.641606
     169        0.000100       11.893948        2.615924
     170        0.000100       11.673253        2.590406
     171        0.000100       11.455338        2.565001
     172        0.000100       11.241385        2.539707
     173        0.000100       11.029756        2.514561
     174        0.000100       10.821249        2.489586
     175        0.000100       10.612684        2.464630
     176        0.000100       10.405496        2.439651
     177        0.000100       10.194766        2.414133
     178        0.000100        9.970697        2.387130
     179        0.000100        9.721959        2.357135
     180        0.000100        9.425266        2.321671
     181        0.000100        9.079673        2.280113
     182        0.000100        8.680488        2.230719
     183        0.000100        8.270676        2.176963
     184        0.000100        7.873243        2.121556
     185        0.000100        7.524889        2.070149
     186        0.000100        7.235928        2.025507
     187        0.000100        6.980429        1.986653
     188        0.000100        6.754789        1.951435
     189        0.000100        6.550330        1.919030
     190        0.000100        6.358832        1.888894
     191        0.000100        6.179376        1.860365
     192        0.000100        6.010474        1.833171
     193        0.000100        5.850289        1.807365
     194        0.000100        5.697980        1.782810
     195        0.000100        5.553518        1.759079
     196        0.000100        5.415635        1.736392
     197        0.000100        5.283801        1.714615
     198        0.000100        5.157870        1.693785
     199        0.000100        5.037617        1.673582
     200        0.000100        4.922382        1.654099
     201        0.000100        4.811878        1.635177
     202        0.000100        4.705812        1.616896
     203        0.000100        4.604017        1.599146
     204        0.000100        4.506178        1.582030
     205        0.000100        4.412188        1.565390
     206        0.000100        4.321623        1.549350
     207        0.000100        4.234462        1.533703
     208        0.000100        4.150458        1.518462
     209        0.000100        4.069434        1.503631
     210        0.000100        3.991189        1.489170
     211        0.000100        3.915641        1.475060
     212        0.000100        3.842654        1.461352
     213        0.000100        3.771956        1.448114
     214        0.000100        3.703674        1.435060
     215        0.000100        3.637517        1.422328
     216        0.000100        3.573317        1.409962
     217        0.000100        3.511257        1.397766
     218        0.000100        3.450933        1.385954
     219        0.000100        3.392567        1.374294
     220        0.000100        3.335845        1.362978
     221        0.000100        3.280667        1.351976
     222        0.000100        3.227230        1.341051
     223        0.000100        3.175144        1.330420
     224        0.000100        3.124615        1.319949
     225        0.000100        3.075324        1.309796
     226        0.000100        3.027417        1.299821
     227        0.000100        2.980847        1.289955
     228        0.000100        2.935322        1.280306
     229        0.000100        2.891043        1.270790
     230        0.000100        2.847907        1.261421
     231        0.000100        2.805845        1.252214
     232        0.000100        2.764877        1.243125
     233        0.000100        2.724742        1.234247
     234        0.000100        2.685663        1.225478
     235        0.000100        2.647498        1.216852
     236        0.000100        2.610229        1.208374
     237        0.000100        2.573825        1.199994
     238        0.000100        2.538259        1.191716
     239        0.000100        2.503501        1.183551
     240        0.000100        2.469516        1.175518
     241        0.000100        2.436292        1.167601
     242        0.000100        2.403797        1.159818
     243        0.000100        2.372008        1.152161
     244        0.000100        2.340900        1.144616
     245        0.000100        2.310452        1.137169
     246        0.000100        2.280679        1.129838
     247        0.000100        2.251524        1.122620
     248        0.000100        2.222989        1.115515
     249        0.000100        2.195039        1.108528
     250        0.000100        2.167668        1.101663
     251        0.000100        2.140870        1.094890
     252        0.000100        2.114624        1.088206
     253        0.000100        2.088912        1.081604
     254        0.000100        2.063726        1.075080
     255        0.000100        2.039036        1.068619
     256        0.000100        2.014841        1.062230
     257        0.000100        1.991133        1.055900
     258        0.000100        1.967887        1.049637
     259        0.000100        1.945097        1.043476
     260        0.000100        1.922754        1.037400
     261        0.000100        1.900846        1.031426
     262        0.000100        1.879361        1.025555
     263        0.000100        1.858294        1.019771
     264        0.000100        1.837634        1.014063
     265        0.000100        1.817365        1.008428
     266        0.000100        1.797486        1.002863
     267        0.000100        1.777985        0.997366
     268        0.000100        1.758852        0.991943
     269        0.000100        1.740082        0.986594
     270        0.000100        1.721667        0.981308
     271        0.000100        1.703598        0.976077
     272        0.000100        1.685869        0.970923
     273        0.000100        1.668481        0.965872
     274        0.000100        1.651418        0.960886
     275        0.000100        1.634671        0.955969
     276        0.000100        1.618233        0.951110
     277        0.000100        1.602097        0.946318
     278        0.000100        1.586257        0.941579
     279        0.000100        1.570708        0.936902
     280        0.000100        1.555442        0.932290
     281        0.000100        1.540453        0.927741
     282        0.000100        1.525735        0.923269
     283        0.000100        1.511284        0.918855
     284        0.000100        1.497094        0.914495
     285        0.000100        1.483159        0.910173
     286        0.000100        1.469475        0.905900
     287        0.000100        1.456036        0.901676
     288        0.000100        1.442837        0.897507
     289        0.000100        1.429875        0.893386
     290        0.000100        1.417143        0.889312
     291        0.000100        1.404636        0.885282
     292        0.000100        1.392349        0.881292
     293        0.000100        1.380280        0.877351
     294        0.000100        1.368404        0.873476
     295        0.000100        1.356751        0.869661
     296        0.000100        1.345300        0.865892
     297        0.000100        1.334054        0.862164
     298        0.000100        1.323005        0.858482
     299        0.000100        1.312149        0.854857
     300        0.000100        1.301489        0.851283
     301        0.000100        1.291019        0.847771
     302        0.000100        1.280731        0.844327
     303        0.000100        1.270622        0.840921
     304        0.000100        1.260690        0.837538
     305        0.000100        1.250929        0.834193
     306        0.000100        1.241339        0.830889
     307        0.000100        1.231913        0.827643
     308        0.000100        1.222650        0.824441
     309        0.000100        1.213544        0.821282
     310        0.000100        1.204597        0.818152
     311        0.000100        1.195803        0.815056
     312        0.000100        1.187156        0.811998
     313        0.000100        1.178654        0.808977
     314        0.000100        1.170297        0.806003
     315        0.000100        1.162083        0.803058
     316        0.000100        1.154010        0.800184
     317        0.000100        1.146073        0.797354
     318        0.000100        1.138269        0.794563
     319        0.000100        1.130597        0.791805
     320        0.000100        1.123056        0.789081
     321        0.000100        1.115640        0.786405
     322        0.000100        1.108344        0.783761
     323        0.000100        1.101165        0.781147
     324        0.000100        1.094106        0.778559
     325        0.000100        1.087165        0.776008
     326        0.000100        1.080341        0.773479
     327        0.000100        1.073631        0.770978
     328        0.000100        1.067033        0.768507
     329        0.000100        1.060542        0.766055
     330        0.000100        1.054158        0.763629
     331        0.000100        1.047879        0.761240
     332        0.000100        1.041702        0.758874
     333        0.000100        1.035626        0.756526
     334        0.000100        1.029624        0.754210
     335        0.000100        1.023729        0.751906
     336        0.000100        1.017925        0.749603
     337        0.000100        1.012201        0.747344
     338        0.000100        1.006570        0.745106
     339        0.000100        1.001030        0.742889
     340        0.000100        0.995579        0.740682
     341        0.000100        0.990208        0.738498
     342        0.000100        0.984909        0.736341
     343        0.000100        0.979694        0.734205
     344        0.000100        0.974561        0.732091
     345        0.000100        0.969509        0.729997
     346        0.000100        0.964537        0.727929
     347        0.000100        0.959647        0.725895
     348        0.000100        0.954833        0.723875
     349        0.000100        0.950099        0.721876
     350        0.000100        0.945439        0.719890
     351        0.000100        0.940856        0.717922
     352        0.000100        0.936337        0.715983
     353        0.000100        0.931890        0.714075
     354        0.000100        0.927515        0.712181
     355        0.000100        0.923210        0.710312
     356        0.000100        0.918974        0.708460
     357        0.000100        0.914801        0.706626
     358        0.000100        0.910694        0.704804
     359        0.000100        0.906655        0.703007
     360        0.000100        0.902687        0.701223
     361        0.000100        0.898767        0.699460
     362        0.000100        0.894902        0.697710
     363        0.000100        0.891085        0.695978
     364        0.000100        0.887330        0.694265
     365        0.000100        0.883641        0.692581
     366        0.000100        0.880004        0.690912
     367        0.000100        0.876422        0.689258
     368        0.000100        0.872892        0.687625
     369        0.000100        0.869414        0.686009
     370        0.000100        0.865990        0.684407
     371        0.000100        0.862619        0.682820
     372        0.000100        0.859300        0.681248
     373        0.000100        0.856033        0.679687
     374        0.000100        0.852817        0.678148
     375        0.000100        0.849651        0.676629
     376        0.000100        0.846533        0.675123
     377        0.000100        0.843467        0.673631
     378        0.000100        0.840447        0.672152
     379        0.000100        0.837472        0.670684
     380        0.000100        0.834545        0.669231
     381        0.000100        0.831662        0.667799
     382        0.000100        0.828827        0.666378
     383        0.000100        0.826122        0.664971
     384        0.000100        0.823321        0.663577
     385        0.000100        0.820599        0.662202
     386        0.000100        0.817929        0.660841
     387        0.000100        0.815301        0.659490
     388        0.000100        0.812718        0.658154
     389        0.000100        0.810175        0.656831
     390        0.000100        0.807567        0.655504
     391        0.000100        0.805199        0.654217
     392        0.000100        0.802782        0.652925
     393        0.000100        0.800392        0.651639
     394        0.000100        0.798033        0.650367
     395        0.000100        0.795716        0.649105
     396        0.000100        0.793429        0.647856
     397        0.000100        0.791181        0.646616
     398        0.000100        0.788967        0.645389
     399        0.000100        0.786677        0.644161
     400        0.000100        0.784652        0.642972
     401        0.000100        0.782541        0.641777
     402        0.000100        0.780450        0.640593
     403        0.000100        0.778386        0.639420
     404        0.000100        0.776360        0.638270
     405        0.000100        0.774359        0.637128
     406        0.000100        0.772392        0.635995
     407        0.000100        0.770452        0.634866
     408        0.000100        0.768552        0.633751
     409        0.000100        0.766679        0.632649
     410        0.000100        0.764841        0.631557
     411        0.000100        0.763024        0.630467
     412        0.000100        0.761243        0.629390
     413        0.000100        0.759480        0.628317
     414        0.000100        0.757759        0.627257
     415        0.000100        0.756045        0.626196
     416        0.000100        0.754384        0.625157
     417        0.000100        0.752714        0.624114
     418        0.000100        0.751119        0.623099
     419        0.000100        0.749480        0.622065
     420        0.000100        0.747961        0.621071
     421        0.000100        0.746343        0.620039
     422        0.000100        0.744911        0.619077
     423        0.000100        0.743306        0.618051
     424        0.000100        0.741950        0.617116
     425        0.000100        0.740390        0.616105
     426        0.000100        0.739081        0.615184
     427        0.000100        0.737577        0.614187
     428        0.000100        0.736300        0.613273
     429        0.000100        0.734856        0.612299
     430        0.000100        0.733605        0.611397
     431        0.000100        0.732221        0.610447
     432        0.000100        0.730999        0.609560
     433        0.000100        0.729668        0.608632
     434        0.000100        0.728480        0.607756
     435        0.000100        0.727195        0.606846
     436        0.000100        0.726042        0.605983
     437        0.000100        0.724800        0.605085
     438        0.000100        0.723702        0.604237
     439        0.000100        0.722501        0.603349
     440        0.000100        0.721428        0.602516
     441        0.000100        0.720250        0.601638
     442        0.000100        0.719231        0.600820
     443        0.000100        0.718047        0.599946
     444        0.000100        0.717123        0.599158
     445        0.000100        0.715897        0.598285
     446        0.000100        0.715055        0.597524
     447        0.000100        0.713846        0.596657
     448        0.000100        0.713054        0.595926
     449        0.000100        0.711867        0.595071
     450        0.000100        0.711117        0.594366
     451        0.000100        0.709950        0.593519
     452        0.000100        0.709239        0.592833
     453        0.000100        0.708107        0.591997
     454        0.000100        0.707402        0.591315
     455        0.000100        0.706340        0.590505
     456        0.000100        0.705613        0.589821
     457        0.000100        0.704630        0.589044
     458        0.000100        0.703891        0.588362
     459        0.000100        0.702968        0.587606
     460        0.000100        0.702230        0.586927
     461        0.000100        0.701353        0.586196
     462        0.000100        0.700625        0.585527
     463        0.000100        0.699786        0.584810
     464        0.000100        0.699075        0.584148
     465        0.000100        0.698266        0.583446
     466        0.000100        0.697578        0.582798
     467        0.000100        0.696790        0.582105
     468        0.000100        0.696134        0.581473
     469        0.000100        0.695355        0.580786
     470        0.000100        0.694745        0.580167
     471        0.000100        0.693956        0.579480
     472        0.000100        0.693403        0.578885
     473        0.000100        0.692603        0.578205
     474        0.000100        0.692098        0.577632
     475        0.000100        0.691301        0.576954
     476        0.000100        0.690825        0.576398
     477        0.000100        0.690047        0.575728
     478        0.000100        0.689582        0.575180
     479        0.000100        0.688845        0.574534
     480        0.000100        0.688367        0.573985
     481        0.000100        0.687686        0.573366
     482        0.000100        0.687185        0.572813
     483        0.000100        0.686560        0.572221
     484        0.000100        0.686050        0.571662
     485        0.000100        0.685461        0.571085
     486        0.000100        0.684955        0.570529
     487        0.000100        0.684384        0.569961
     488        0.000100        0.683900        0.569416
     489        0.000100        0.683335        0.568853
     490        0.000100        0.682879        0.568323
     491        0.000100        0.682317        0.567765
     492        0.000100        0.681888        0.567250
     493        0.000100        0.681328        0.566692
     494        0.000100        0.680929        0.566196
     495        0.000100        0.680368        0.565636
     496        0.000100        0.679997        0.565158
     497        0.000100        0.679442        0.564603
     498        0.000100        0.679081        0.564137
     499        0.000100        0.678556        0.563601
     500        0.000100        0.678183        0.563122
     501        0.000100        0.677699        0.562615
     502        0.000100        0.677322        0.562120
     503        0.000100        0.676848        0.561628
     504        0.000100        0.676511        0.561142
     505        0.000100        0.676006        0.560646
     506        0.000100        0.675729        0.560186
     507        0.000100        0.675200        0.559678
     508        0.000100        0.674950        0.559235
     509        0.000100        0.674441        0.558730
     510        0.000100        0.674176        0.558290
     511        0.000100        0.673714        0.557798
     512        0.000100        0.673428        0.557356
     513        0.000100        0.673004        0.556878
     514        0.000100        0.672719        0.556445
     515        0.000100        0.672304        0.555970
     516        0.000100        0.672039        0.555549
     517        0.000100        0.671632        0.555078
     518        0.000100        0.671376        0.554668
     519        0.000100        0.670989        0.554207
     520        0.000100        0.670743        0.553795
     521        0.000100        0.670359        0.553352
     522        0.000100        0.670143        0.552936
     523        0.000100        0.669743        0.552507
     524        0.000100        0.669585        0.552095
     525        0.000100        0.669143        0.551672
     526        0.000100        0.669053        0.551280
     527        0.000100        0.668574        0.550856
     528        0.000100        0.668538        0.550481
     529        0.000100        0.668041        0.550054
     530        0.000100        0.668036        0.549694
     531        0.000100        0.667540        0.549268
     532        0.000100        0.667556        0.548925
     533        0.000100        0.667079        0.548502
     534        0.000100        0.667087        0.548174
     535        0.000100        0.666659        0.547764
     536        0.000100        0.666642        0.547436
     537        0.000100        0.666257        0.547040
     538        0.000100        0.666243        0.546710
     539        0.000100        0.665870        0.546333
     540        0.000100        0.665894        0.546002
     541        0.000100        0.665496        0.545642
     542        0.000100        0.665589        0.545317
     543        0.000100        0.665137        0.544966
     544        0.000100        0.665331        0.544647
     545        0.000100        0.664804        0.544301
     546        0.000100        0.665113        0.543989
     547        0.000100        0.664490        0.543647
     548        0.000100        0.664932        0.543344
     549        0.000100        0.664208        0.543005
     550        0.000100        0.664787        0.542714
     551        0.000100        0.663971        0.542370
     552        0.000100        0.664652        0.542092
     553        0.000100        0.663787        0.541748
     554        0.000100        0.664533        0.541486
     555        0.000100        0.663653        0.541144
     556        0.000100        0.664438        0.540896
     557        0.000100        0.663566        0.540556
     558        0.000100        0.664366        0.540317
     559        0.000100        0.663530        0.539986
     560        0.000100        0.664326        0.539747
     561        0.000100        0.663540        0.539429
     562        0.000100        0.664325        0.539186
     563        0.000100        0.663578        0.538883
     564        0.000100        0.664384        0.538636
     565        0.000100        0.663640        0.538345
     566        0.000100        0.664507        0.538102
     567        0.000100        0.663728        0.537815
     568        0.000100        0.664680        0.537576
     569        0.000100        0.663846        0.537295
     570        0.000100        0.664911        0.537066
     571        0.000100        0.664001        0.536785
     572        0.000100        0.665180        0.536566
     573        0.000100        0.664212        0.536285
     574        0.000100        0.665483        0.536074
     575        0.000100        0.664512        0.535801
     576        0.000100        0.665855        0.535596
     577        0.000100        0.664909        0.535327
     578        0.000100        0.666233        0.535129
     579        0.000100        0.665382        0.534873
     580        0.000100        0.666647        0.534669
     581        0.000100        0.665907        0.534425
     582        0.000100        0.667093        0.534229
     583        0.000100        0.666502        0.533986
     584        0.000100        0.667591        0.533789
     585        0.000100        0.667111        0.533563
     586        0.000100        0.668176        0.533367
     587        0.000100        0.667761        0.533128
     588        0.000100        0.668806        0.532965
     589        0.000100        0.668444        0.532725
     590        0.000100        0.669517        0.532543
     591        0.000100        0.669190        0.532324
     592        0.000100        0.670193        0.532167
     593        0.000100        0.670062        0.531938
     594        0.000100        0.670957        0.531733
     595        0.000100        0.670814        0.531594
     596        0.000100        0.671916        0.531389
     597        0.000100        0.671661        0.531170
     598        0.000100        0.672748        0.531013
     599        0.000100        0.672613        0.530865
     600        0.000100        0.673743        0.530628
     601        0.000100        0.673509        0.530490
     602        0.000100        0.674763        0.530313
     603        0.000100        0.674555        0.530138
     604        0.000100        0.675723        0.529944
     605        0.000100        0.675722        0.529828
     606        0.000100        0.676739        0.529604
     607        0.000100        0.676822        0.529481
     608        0.000100        0.677955        0.529289
     609        0.000100        0.677909        0.529172
     610        0.000100        0.679077        0.528941
     611        0.000100        0.679277        0.528876
     612        0.000100        0.680195        0.528638
     613        0.000100        0.680380        0.528550
     614        0.000100        0.681781        0.528339
     615        0.000100        0.681508        0.528260
     616        0.000100        0.682803        0.528035
     617        0.000100        0.683339        0.527957
     618        0.000100        0.684077        0.527774
     619        0.000100        0.684060        0.527641
     620        0.000100        0.686315        0.527503
     621        0.000100        0.685787        0.527386
     622        0.000100        0.686308        0.527188
     623        0.000100        0.688334        0.527108
     624        0.000100        0.689196        0.526974
     625        0.000100        0.687019        0.526802
     626        0.000100        0.691017        0.526637
     627        0.000100        0.692821        0.526664
     628        0.000100        0.688584        0.526370
     629        0.000100        0.690996        0.526215
     630        0.000100        0.698049        0.526237
     631        0.000100        0.691814        0.526142
     632        0.000100        0.690810        0.525761
     633        0.000100        0.698620        0.525826
     634        0.000100        0.696872        0.525722
     635        0.000100        0.692504        0.525521
     636        0.000100        0.698411        0.525339
     637        0.000100        0.699031        0.525360
     638        0.000100        0.696731        0.525137
     639        0.000100        0.698596        0.525050
     640        0.000100        0.701489        0.524927
     641        0.000100        0.699667        0.524851
     642        0.000100        0.700879        0.524678
     643        0.000100        0.702824        0.524630
     644        0.000100        0.703294        0.524484
     645        0.000100        0.702772        0.524406
     646        0.000100        0.705304        0.524288
     647        0.000100        0.705760        0.524207
     648        0.000100        0.706015        0.524079
     649        0.000100        0.706972        0.524019
     650        0.000100        0.709096        0.523901
     651        0.000100        0.708616        0.523822
     652        0.000100        0.709765        0.523710
     653        0.000100        0.711358        0.523662
     654        0.000100        0.712356        0.523529
     655        0.000100        0.711957        0.523474
     656        0.000100        0.714297        0.523361
     657        0.000100        0.715359        0.523321
     658        0.000100        0.715446        0.523186
     659        0.000100        0.716151        0.523141
     660        0.000100        0.719156        0.523038
     661        0.000100        0.718720        0.523006
     662        0.000100        0.718849        0.522850
     663        0.000100        0.721370        0.522832
     664        0.000100        0.723653        0.522754
     665        0.000100        0.721346        0.522692
     666        0.000100        0.723333        0.522522
     667        0.000100        0.727414        0.522577
     668        0.000100        0.726648        0.522480
     669        0.000100        0.723829        0.522335
     670        0.000100        0.729945        0.522239
     671        0.000100        0.732308        0.522349
     672        0.000100        0.727405        0.522138
     673        0.000100        0.729195        0.521999
     674        0.000100        0.737004        0.522043
     675        0.000100        0.733018        0.522047
     676        0.000100        0.730765        0.521779
     677        0.000100        0.737253        0.521786
     678        0.000100        0.738712        0.521785
     679        0.000100        0.734351        0.521675
     680        0.000100        0.738365        0.521515
     681        0.000100        0.741519        0.521575
     682        0.000100        0.739732        0.521465
     683        0.000100        0.739976        0.521383
     684        0.000100        0.744435        0.521307
     685        0.000100        0.743854        0.521328
     686        0.000100        0.743648        0.521182
     687        0.000100        0.746234        0.521163
     688        0.000100        0.748495        0.521100
     689        0.000100        0.747096        0.521083
     690        0.000100        0.749270        0.520952
     691        0.000100        0.751595        0.520971
     692        0.000100        0.752002        0.520894
     693        0.000100        0.751745        0.520857
     694        0.000100        0.755269        0.520765
     695        0.000100        0.756035        0.520794
     696        0.000100        0.755899        0.520691
     697        0.000100        0.757545        0.520658
     698        0.000100        0.760907        0.520613
     699        0.000100        0.759894        0.520622
     700        0.000100        0.760746        0.520491
     701        0.000100        0.764033        0.520505
     702        0.000100        0.765617        0.520478
     703        0.000100        0.763640        0.520434
     704        0.000100        0.767008        0.520316
     705        0.000100        0.770372        0.520402
     706        0.000100        0.769003        0.520329
     707        0.000100        0.768403        0.520239
     708        0.000100        0.774787        0.520210
     709        0.000100        0.775099        0.520316
     710        0.000100        0.771825        0.520129
     711        0.000100        0.775914        0.520090
     712        0.000100        0.781877        0.520163
     713        0.000100        0.777115        0.520158
     714        0.000100        0.777515        0.519939
     715        0.000100        0.784741        0.520038
     716        0.000100        0.784607        0.520058
     717        0.000100        0.780347        0.519940
     718        0.000100        0.786739        0.519847
     719        0.000100        0.789664        0.519975
     720        0.000100        0.786547        0.519872
     721        0.000100        0.788246        0.519804
     722        0.000100        0.794145        0.519814
     723        0.000100        0.792223        0.519858
     724        0.000100        0.792216        0.519723
     725        0.000100        0.796604        0.519747
     726        0.000100        0.798492        0.519749
     727        0.000100        0.796379        0.519727
     728        0.000100        0.800071        0.519634
     729        0.000100        0.802942        0.519709
     730        0.000100        0.802392        0.519659
     731        0.000100        0.802915        0.519630
     732        0.000100        0.807750        0.519599
     733        0.000100        0.807713        0.519667
     734        0.000100        0.807559        0.519565
     735        0.000100        0.810788        0.519580
     736        0.000100        0.814077        0.519584
     737        0.000100        0.812123        0.519601
     738        0.000100        0.814589        0.519499
     739        0.000100        0.818601        0.519579
     740        0.000100        0.818859        0.519561
     741        0.000100        0.817543        0.519524
     742        0.000100        0.823111        0.519486
     743        0.000100        0.824913        0.519592
     744        0.000100        0.822879        0.519497
     745        0.000100        0.825269        0.519473
     746        0.000100        0.831553        0.519523
     747        0.000100        0.828906        0.519569
     748        0.000100        0.828493        0.519421
     749        0.000100        0.834964        0.519495
     750        0.000100        0.837048        0.519549
     751        0.000100        0.832301        0.519494
     752        0.000100        0.837711        0.519400
     753        0.000100        0.842840        0.519561
     754        0.000100        0.839581        0.519499
     755        0.000100        0.839498        0.519442
     756        0.000100        0.847621        0.519465
     757        0.000100        0.846398        0.519572
     758        0.000100        0.844294        0.519432
     759        0.000100        0.849677        0.519478
     760        0.000100        0.853561        0.519520
     761        0.000100        0.849697        0.519530
     762        0.000100        0.853164        0.519437
     763        0.000100        0.857921        0.519554
     764        0.000100        0.857176        0.519528
     765        0.000100        0.856352        0.519517
     766        0.000100        0.862599        0.519505
     767        0.000100        0.863178        0.519604
     768        0.000100        0.862112        0.519520
     769        0.000100        0.865436        0.519561
     770        0.000100        0.869981        0.519584
     771        0.000100        0.867618        0.519626
     772        0.000100        0.869780        0.519547
     773        0.000100        0.874395        0.519651
     774        0.000100        0.875151        0.519641
     775        0.000100        0.873471        0.519647
     776        0.000100        0.879187        0.519622
     777        0.000100        0.881320        0.519744
     778        0.000100        0.879732        0.519666
     779        0.000100        0.881940        0.519699
     780        0.000100        0.888189        0.519746
     781        0.000100        0.886017        0.519807
     782        0.000100        0.886221        0.519694
     783        0.000100        0.892061        0.519817
     784        0.000100        0.894411        0.519839
     785        0.000100        0.890442        0.519827
     786        0.000100        0.895911        0.519779
     787        0.000100        0.900590        0.519954
     788        0.000100        0.898045        0.519874
     789        0.000100        0.898133        0.519865
     790        0.000100        0.906459        0.519938
     791        0.000100        0.905239        0.520027
     792        0.000100        0.903206        0.519896
     793        0.000100        0.908998        0.520004
     794        0.000100        0.913405        0.520069
     795        0.000100        0.908853        0.520054
     796        0.000100        0.912742        0.520001
     797        0.000100        0.918322        0.520173
     798        0.000100        0.917171        0.520123
     799        0.000100        0.915971        0.520118
     800        0.000100        0.923329        0.520173
     801        0.000100        0.923815        0.520276
     802        0.000100        0.922232        0.520170
     803        0.000100        0.926202        0.520267
     804        0.000100        0.931337        0.520327
     805        0.000100        0.928434        0.520340
     806        0.000100        0.931055        0.520290
     807        0.000100        0.936186        0.520452
     808        0.000100        0.936878        0.520430
     809        0.000100        0.935231        0.520429
     810        0.000100        0.941646        0.520471
     811        0.000100        0.943548        0.520601
     812        0.000100        0.942233        0.520503
     813        0.000100        0.944938        0.520580
     814        0.000100        0.951183        0.520663
     815        0.000100        0.948842        0.520700
     816        0.000100        0.950030        0.520613
     817        0.000100        0.955779        0.520788
     818        0.000100        0.957795        0.520809
     819        0.000100        0.954579        0.520778
     820        0.000100        0.960755        0.520796
     821        0.000100        0.964596        0.520984
     822        0.000100        0.962460        0.520889
     823        0.000100        0.963602        0.520905
     824        0.000100        0.971760        0.521024
     825        0.000100        0.969938        0.521104
     826        0.000100        0.968944        0.520971
     827        0.000100        0.975343        0.521121
     828        0.000100        0.979198        0.521209
     829        0.000100        0.974470        0.521165
     830        0.000100        0.979660        0.521130
     831        0.000100        0.985350        0.521354
     832        0.000100        0.983397        0.521298
     833        0.000100        0.982716        0.521263
     834        0.000100        0.991480        0.521366
     835        0.000100        0.991048        0.521507
     836        0.000100        0.989068        0.521362
     837        0.000100        0.994479        0.521460
     838        0.000100        0.999928        0.521585
     839        0.000100        0.995437        0.521583
     840        0.000100        0.998992        0.521509
     841        0.000100        1.005349        0.521704
     842        0.000100        1.004939        0.521720
     843        0.000100        1.002605        0.521672
     844        0.000100        1.010804        0.521736
     845        0.000100        1.012598        0.521902
     846        0.000100        1.010040        0.521806
     847        0.000100        1.013359        0.521840
     848        0.000100        1.020776        0.521980
     849        0.000100        1.017515        0.522027
     850        0.000100        1.018359        0.521930
     851        0.000100        1.024912        0.522075
     852        0.000100        1.027218        0.522167
     853        0.000100        1.023406        0.522125
     854        0.000100        1.029627        0.522128
     855        0.000100        1.033825        0.522311
     856        0.000100        1.031960        0.522276
     857        0.000100        1.032797        0.522275
     858        0.000100        1.040736        0.522377
     859        0.000100        1.039397        0.522476
     860        0.000100        1.038814        0.522382
     861        0.000100        1.044456        0.522499
     862        0.000100        1.048346        0.522601
     863        0.000100        1.044458        0.522580
     864        0.000100        1.049461        0.522563
     865        0.000100        1.054355        0.522741
     866        0.000100        1.053075        0.522737
     867        0.000100        1.052892        0.522714
     868        0.000100        1.061014        0.522810
     869        0.000100        1.060309        0.522924
     870        0.000100        1.059122        0.522842
     871        0.000100        1.064566        0.522939
     872        0.000100        1.069352        0.523043
     873        0.000100        1.064935        0.523051
     874        0.000100        1.069374        0.523019
     875        0.000100        1.075300        0.523217
     876        0.000100        1.074101        0.523206
     877        0.000100        1.072511        0.523189
     878        0.000100        1.081532        0.523277
     879        0.000100        1.081934        0.523436
     880        0.000100        1.079149        0.523320
     881        0.000100        1.084069        0.523405
     882        0.000100        1.091230        0.523547
     883        0.000100        1.086168        0.523576
     884        0.000100        1.088218        0.523485
     885        0.000100        1.096029        0.523688
     886        0.000100        1.096762        0.523749
     887        0.000100        1.092162        0.523700
     888        0.000100        1.100310        0.523738
     889        0.000100        1.104342        0.523948
     890        0.000100        1.101139        0.523880
     891        0.000100        1.102396        0.523895
     892        0.000100        1.111206        0.524029
     893        0.000100        1.109247        0.524130
     894        0.000100        1.108703        0.524030
     895        0.000100        1.114307        0.524167
     896        0.000100        1.117876        0.524268
     897        0.000100        1.114504        0.524260
     898        0.000100        1.119986        0.524257
     899        0.000100        1.123583        0.524437
     900        0.000100        1.122215        0.524424
     901        0.000100        1.123551        0.524430
     902        0.000100        1.131419        0.524541
     903        0.000100        1.129019        0.524639
     904        0.000100        1.128512        0.524564
     905        0.000100        1.135453        0.524685
     906        0.000100        1.139259        0.524804
     907        0.000100        1.133386        0.524777
     908        0.000100        1.139076        0.524770
     909        0.000100        1.146111        0.524984
     910        0.000100        1.143470        0.524984
     911        0.000100        1.140947        0.524936
     912        0.000100        1.151438        0.525059
     913        0.000100        1.152328        0.525229
     914        0.000100        1.148277        0.525113
     915        0.000100        1.152663        0.525185
     916        0.000100        1.160735        0.525351
     917        0.000100        1.156187        0.525391
     918        0.000100        1.157699        0.525301
     919        0.000100        1.164171        0.525494
     920        0.000100        1.165460        0.525561
     921        0.000100        1.162553        0.525539
     922        0.000100        1.169936        0.525580
     923        0.000100        1.171478        0.525757
     924        0.000100        1.169580        0.525703
     925        0.000100        1.173312        0.525760
     926        0.000100        1.180345        0.525892
     927        0.000100        1.175714        0.525944
     928        0.000100        1.177395        0.525878
     929        0.000100        1.185280        0.526064
     930        0.000100        1.186505        0.526144
     931        0.000100        1.180912        0.526096
     932        0.000100        1.188823        0.526138
     933        0.000100        1.194168        0.526358
     934        0.000100        1.190638        0.526316
     935        0.000100        1.190300        0.526302
     936        0.000100        1.200070        0.526450
     937        0.000100        1.198960        0.526575
     938        0.000100        1.197240        0.526486
     939        0.000100        1.202557        0.526593
     940        0.000100        1.207188        0.526727
     941        0.000100        1.202882        0.526723
     942        0.000100        1.208303        0.526730
     943        0.000100        1.213111        0.526911
     944        0.000100        1.210801        0.526913
     945        0.000100        1.210390        0.526896
     946        0.000100        1.220680        0.527044
     947        0.000100        1.219148        0.527161
     948        0.000100        1.215554        0.527061
     949        0.000100        1.221923        0.527164
     950        0.000100        1.229554        0.527350
     951        0.000100        1.223147        0.527336
     952        0.000100        1.225231        0.527273
     953        0.000100        1.232916        0.527482
     954        0.000100        1.233769        0.527563
     955        0.000100        1.230039        0.527513
     956        0.000100        1.237737        0.527571
     957        0.000100        1.239378        0.527753
     958        0.000100        1.237480        0.527708
     959        0.000100        1.241392        0.527765
     960        0.000100        1.248153        0.527902
     961        0.000100        1.242853        0.527940
     962        0.000100        1.245168        0.527891
     963        0.000100        1.253436        0.528079
     964        0.000100        1.253925        0.528163
     965        0.000100        1.247971        0.528095
     966        0.000100        1.256705        0.528161
     967        0.000100        1.261547        0.528370
     968        0.000100        1.257584        0.528334
     969        0.000100        1.258051        0.528317
     970        0.000100        1.268130        0.528484
     971        0.000100        1.265185        0.528577
     972        0.000100        1.263658        0.528490
     973        0.000100        1.271332        0.528637
     974        0.000100        1.275689        0.528772
     975        0.000100        1.267800        0.528714
     976        0.000100        1.273388        0.528702
     977        0.000100        1.282499        0.528979
     978        0.000100        1.279737        0.528978
     979        0.000100        1.274177        0.528871
     980        0.000100        1.284907        0.529005
     981        0.000100        1.287284        0.529213
     982        0.000100        1.282755        0.529105
     983        0.000100        1.286505        0.529147
     984        0.000100        1.294075        0.529324
     985        0.000100        1.288697        0.529345
     986        0.000100        1.291426        0.529304
     987        0.000100        1.298739        0.529493
     988        0.000100        1.297934        0.529544
     989        0.000100        1.293457        0.529484
     990        0.000100        1.303213        0.529601
     991        0.000100        1.305932        0.529781
     992        0.000100        1.301463        0.529709
     993        0.000100        1.303409        0.529721
     994        0.000100        1.312736        0.529920
     995        0.000100        1.309321        0.529978
     996        0.000100        1.309121        0.529923
     997        0.000100        1.315183        0.530053
     998        0.000100        1.317656        0.530177
     999        0.000100        1.313200        0.530139
    1000        0.000100        1.320573        0.530219
    1001        0.000100        1.324198        0.530382
    1002        0.000100        1.320614        0.530364
    1003        0.000100        1.321259        0.530354
    1004        0.000100        1.331683        0.530556
    1005        0.000100        1.329161        0.530637
    1006        0.000100        1.326432        0.530553
    1007        0.000100        1.332280        0.530663
    1008        0.000100        1.338084        0.530845
    1009        0.000100        1.333182        0.530827
    1010        0.000100        1.337253        0.530836
    1011        0.000100        1.341683        0.530993
    1012        0.000100        1.340446        0.531041
    1013        0.000100        1.340137        0.531029
    1014        0.000100        1.349111        0.531175
    1015        0.000100        1.347013        0.531261
    1016        0.000100        1.344480        0.531216
    1017        0.000100        1.350533        0.531304
    1018        0.000100        1.356859        0.531479
    1019        0.000100        1.350541        0.531463
    1020        0.000100        1.353957        0.531461
    1021        0.000100        1.360605        0.531630
    1022        0.000100        1.359421        0.531688
    1023        0.000100        1.356526        0.531659
    1024        0.000100        1.366567        0.531792
    1025        0.000100        1.366225        0.531905
    1026        0.000100        1.361386        0.531841
    1027        0.000100        1.366774        0.531918
    1028        0.000100        1.376158        0.532126
    1029        0.000100        1.368823        0.532106
    1030        0.000100        1.368681        0.532056
    1031        0.000100        1.377859        0.532244
    1032        0.000100        1.380005        0.532361
    1033        0.000100        1.373054        0.532283
    1034        0.000100        1.380711        0.532364
    1035        0.000100        1.385312        0.532548
    1036        0.000100        1.381264        0.532517
    1037        0.000100        1.382013        0.532521
    1038        0.000100        1.392790        0.532724
    1039        0.000100        1.388413        0.532767
    1040        0.000100        1.385030        0.532678
    1041        0.000100        1.393731        0.532842
    1042        0.000100        1.400046        0.533033
    1043        0.000100        1.390745        0.532930
    1044        0.000100        1.394387        0.532941
    1045        0.000100        1.403443        0.533178
    1046        0.000100        1.402050        0.533218
    1047        0.000100        1.396941        0.533127
    1048        0.000100        1.406873        0.533292
    1049        0.000050        1.408210        0.533439
    1050        0.000050        1.402460        0.533489
    1051        0.000050        1.400303        0.533295
    1052        0.000050        1.401292        0.533308
    1053        0.000050        1.400010        0.533270
    1054        0.000050        1.400705        0.533279
    1055        0.000050        1.400415        0.533273
    1056        0.000050        1.401007        0.533286
    1057        0.000050        1.401261        0.533295
    1058        0.000050        1.401885        0.533313
    1059        0.000050        1.402397        0.533330
    1060        0.000050        1.403086        0.533352
    1061        0.000050        1.403752        0.533376
    1062        0.000050        1.404493        0.533401
    1063        0.000050        1.405251        0.533427
    1064        0.000050        1.406046        0.533455
    1065        0.000050        1.406854        0.533484
    1066        0.000050        1.407696        0.533514
    1067        0.000050        1.408544        0.533545
    1068        0.000050        1.409412        0.533576
    1069        0.000050        1.410295        0.533608
    1070        0.000050        1.411189        0.533641
    1071        0.000050        1.412097        0.533674
    1072        0.000050        1.413021        0.533707
    1073        0.000050        1.413949        0.533742
    1074        0.000050        1.414883        0.533777
    1075        0.000050        1.415834        0.533812
    1076        0.000050        1.416780        0.533847
    1077        0.000050        1.417743        0.533882
    1078        0.000050        1.418714        0.533918
    1079        0.000050        1.419691        0.533954
    1080        0.000050        1.420673        0.533991
    1081        0.000050        1.421660        0.534027
    1082        0.000050        1.422658        0.534064
    1083        0.000050        1.423654        0.534100
    1084        0.000050        1.424666        0.534137
    1085        0.000050        1.425671        0.534174
    1086        0.000050        1.426692        0.534211
    1087        0.000050        1.427705        0.534248
    1088        0.000050        1.428731        0.534285
    1089        0.000050        1.429751        0.534323
    1090        0.000050        1.430784        0.534361
    1091        0.000050        1.431825        0.534400
    1092        0.000050        1.432856        0.534439
    1093        0.000050        1.433902        0.534479
    1094        0.000050        1.434950        0.534519
    1095        0.000050        1.435994        0.534559
    1096        0.000050        1.437055        0.534599
    1097        0.000050        1.438101        0.534639
    1098        0.000050        1.439169        0.534679
    1099        0.000050        1.440222        0.534720
    1100        0.000050        1.441281        0.534760
    1101        0.000050        1.442352        0.534801
    1102        0.000050        1.443433        0.534841
    1103        0.000050        1.444495        0.534881
    1104        0.000050        1.445566        0.534922
    1105        0.000050        1.446662        0.534964
    1106        0.000050        1.447747        0.535004
    1107        0.000050        1.448822        0.535045
    1108        0.000050        1.449908        0.535086
    1109        0.000050        1.451013        0.535129
    1110        0.000050        1.452092        0.535168
    1111        0.000050        1.453177        0.535211
    1112        0.000050        1.454280        0.535249
    1113        0.000050        1.455395        0.535298
    1114        0.000050        1.456455        0.535327
    1115        0.000050        1.457606        0.535387
    1116        0.000050        1.458656        0.535398
    1117        0.000050        1.459867        0.535493
    1118        0.000050        1.460849        0.535469
    1119        0.000050        1.461988        0.535579
    1120        0.000050        1.463244        0.535560
    1121        0.000050        1.464015        0.535648
    1122        0.000050        1.465954        0.535663
    1123        0.000050        1.465356        0.535707
    1124        0.000050        1.469080        0.535751
    1125        0.000050        1.467426        0.535794
    1126        0.000050        1.470214        0.535826
    1127        0.000050        1.471011        0.535890
    1128        0.000050        1.471947        0.535904
    1129        0.000050        1.472368        0.535949
    1130        0.000050        1.474915        0.536014
    1131        0.000050        1.475676        0.536070
    1132        0.000050        1.475260        0.536050
    1133        0.000050        1.477406        0.536113
    1134        0.000050        1.480261        0.536213
    1135        0.000050        1.479301        0.536240
    1136        0.000050        1.478927        0.536206
    1137        0.000050        1.483316        0.536298
    1138        0.000050        1.484776        0.536388
    1139        0.000050        1.481763        0.536367
    1140        0.000050        1.484369        0.536386
    1141        0.000050        1.489561        0.536513
    1142        0.000050        1.486662        0.536513
    1143        0.000050        1.485074        0.536480
    1144        0.000050        1.491944        0.536603
    1145        0.000050        1.492544        0.536672
    1146        0.000050        1.487772        0.536601
    1147        0.000050        1.492310        0.536670
    1148        0.000050        1.496833        0.536793
    1149        0.000050        1.492858        0.536762
    1150        0.000050        1.493497        0.536762
    1151        0.000050        1.498848        0.536881
    1152        0.000050        1.498118        0.536914
    1153        0.000050        1.496195        0.536886
    1154        0.000050        1.500454        0.536968
    1155        0.000050        1.501866        0.537032
    1156        0.000050        1.500736        0.537045
    1157        0.000050        1.501604        0.537054
    1158        0.000050        1.505853        0.537151
    1159        0.000050        1.503868        0.537176
    1160        0.000050        1.505843        0.537192
    1161        0.000050        1.506570        0.537253
    1162        0.000050        1.509399        0.537290
    1163        0.000050        1.507749        0.537338
    1164        0.000050        1.510501        0.537362
    1165        0.000050        1.511800        0.537447
    1166        0.000050        1.512061        0.537423
    1167        0.000050        1.512593        0.537502
    1168        0.000050        1.515523        0.537549
    1169        0.000050        1.515965        0.537611
    1170        0.000050        1.515472        0.537583
    1171        0.000050        1.517709        0.537661
    1172        0.000050        1.520334        0.537739
    1173        0.000050        1.519453        0.537757
    1174        0.000050        1.519826        0.537753
    1175        0.000050        1.523122        0.537843
    1176        0.000050        1.524263        0.537905
    1177        0.000050        1.522781        0.537902
    1178        0.000050        1.525287        0.537940
    1179        0.000050        1.528149        0.538028
    1180        0.000050        1.527056        0.538042
    1181        0.000050        1.526944        0.538059
    1182        0.000050        1.531757        0.538150
    1183        0.000050        1.531608        0.538191
    1184        0.000050        1.529477        0.538160
    1185        0.000050        1.532900        0.538246
    1186        0.000050        1.537706        0.538362
    1187        0.000050        1.532863        0.538307
    1188        0.000050        1.534113        0.538308
    1189        0.000050        1.539420        0.538455
    1190        0.000050        1.540612        0.538518
    1191        0.000050        1.534975        0.538433
    1192        0.000050        1.540824        0.538498
    1193        0.000050        1.543421        0.538628
    1194        0.000050        1.541540        0.538617
    1195        0.000050        1.541111        0.538617
    1196        0.000050        1.546107        0.538693
    1197        0.000050        1.545388        0.538752
    1198        0.000050        1.544952        0.538750
    1199        0.000050        1.547698        0.538821
    1200        0.000050        1.549423        0.538856
    1201        0.000050        1.547934        0.538878
    1202        0.000050        1.550239        0.538920
    1203        0.000050        1.552864        0.539011
    1204        0.000050        1.552196        0.539002
    1205        0.000050        1.551927        0.539028
    1206        0.000050        1.555818        0.539107
    1207        0.000050        1.556642        0.539178
    1208        0.000050        1.555428        0.539147
    1209        0.000050        1.556987        0.539203
    1210        0.000050        1.560791        0.539289
    1211        0.000050        1.559512        0.539324
    1212        0.000050        1.559794        0.539310
    1213        0.000050        1.562309        0.539389
    1214        0.000050        1.564727        0.539452
    1215        0.000050        1.562264        0.539461
    1216        0.000050        1.565447        0.539494
    1217        0.000050        1.567133        0.539580
    1218        0.000050        1.567412        0.539585
    1219        0.000050        1.566213        0.539615
    1220        0.000050        1.571440        0.539697
    1221        0.000050        1.571047        0.539756
    1222        0.000050        1.569529        0.539706
    1223        0.000050        1.571950        0.539792
    1224        0.000050        1.576671        0.539899
    1225        0.000050        1.573512        0.539902
    1226        0.000050        1.573265        0.539855
    1227        0.000050        1.578241        0.539986
    1228        0.000050        1.579715        0.540058
    1229        0.000050        1.575992        0.540032
    1230        0.000050        1.579332        0.540051
    1231        0.000050        1.582754        0.540166
    1232        0.000050        1.581137        0.540168
    1233        0.000050        1.580742        0.540194
    1234        0.000050        1.585705        0.540274
    1235        0.000050        1.584898        0.540309
    1236        0.000050        1.583728        0.540283
    1237        0.000050        1.586933        0.540384
    1238        0.000050        1.590227        0.540469
    1239        0.000050        1.586659        0.540436
    1240        0.000050        1.588657        0.540446
    1241        0.000050        1.592165        0.540569
    1242        0.000050        1.593014        0.540621
    1243        0.000050        1.590109        0.540587
    1244        0.000050        1.594300        0.540635
    1245        0.000050        1.595585        0.540727
    1246        0.000050        1.595439        0.540747
    1247        0.000050        1.595405        0.540770
    1248        0.000050        1.599153        0.540824
    1249        0.000050        1.598160        0.540866
    1250        0.000050        1.598880        0.540885
    1251        0.000050        1.601254        0.540968
    1252        0.000050        1.602869        0.541000
    1253        0.000050        1.600783        0.541002
    1254        0.000050        1.603672        0.541047
    1255        0.000050        1.606499        0.541163
    1256        0.000050        1.605659        0.541153
    1257        0.000050        1.604358        0.541152
    1258        0.000050        1.609228        0.541234
    1259        0.000050        1.610256        0.541332
    1260        0.000050        1.608288        0.541294
    1261        0.000050        1.609444        0.541333
    1262        0.000050        1.614304        0.541425
    1263        0.000050        1.612368        0.541465
    1264        0.000050        1.612191        0.541450
    1265        0.000050        1.615418        0.541544
    1266        0.000050        1.617614        0.541589
    1267        0.000050        1.614230        0.541582
    1268        0.000050        1.617893        0.541641
    1269        0.000050        1.620591        0.541753
    1270        0.000050        1.619332        0.541720
    1271        0.000050        1.617925        0.541727
    1272        0.000050        1.624020        0.541846
    1273        0.000050        1.623687        0.541918
    1274        0.000050        1.621480        0.541855
    1275        0.000050        1.623642        0.541921
    1276        0.000050        1.628294        0.542022
    1277        0.000050        1.625680        0.542049
    1278        0.000050        1.626024        0.542034
    1279        0.000050        1.629239        0.542128
    1280        0.000050        1.630405        0.542159
    1281        0.000050        1.628435        0.542179
    1282        0.000050        1.631954        0.542246
    1283        0.000050        1.633314        0.542318
    1284        0.000050        1.632219        0.542287
    1285        0.000050        1.632787        0.542335
    1286        0.000050        1.637494        0.542450
    1287        0.000050        1.636079        0.542481
    1288        0.000050        1.635302        0.542439
    1289        0.000050        1.637996        0.542521
    1290        0.000050        1.641450        0.542619
    1291        0.000050        1.638590        0.542626
    1292        0.000050        1.640189        0.542629
    1293        0.000050        1.642744        0.542716
    1294        0.000050        1.643754        0.542750
    1295        0.000050        1.642032        0.542776
    1296        0.000050        1.645931        0.542839
    1297        0.000050        1.646341        0.542899
    1298        0.000050        1.645602        0.542875
    1299        0.000050        1.646832        0.542948
    1300        0.000050        1.651277        0.543046
    1301        0.000050        1.648868        0.543055
    1302        0.000050        1.648560        0.543020
    1303        0.000050        1.652482        0.543142
    1304        0.000050        1.654986        0.543221
    1305        0.000050        1.651069        0.543198
    1306        0.000050        1.653497        0.543207
    1307        0.000050        1.657366        0.543334
    1308        0.000050        1.656927        0.543353
    1309        0.000050        1.654730        0.543354
    1310        0.000050        1.659464        0.543423
    1311        0.000050        1.660146        0.543494
    1312        0.000050        1.658712        0.543468
    1313        0.000050        1.660269        0.543546
    1314        0.000050        1.664535        0.543630
    1315        0.000050        1.661656        0.543630
    1316        0.000050        1.662280        0.543614
    1317        0.000050        1.666132        0.543749
    1318        0.000050        1.667590        0.543797
    1319        0.000050        1.663849        0.543769
    1320        0.000050        1.667565        0.543802
    1321        0.000050        1.670351        0.543926
    1322        0.000050        1.669494        0.543930
    1323        0.000050        1.668221        0.543944
    1324        0.000050        1.672882        0.544006
    1325        0.000050        1.672582        0.544067
    1326        0.000050        1.672058        0.544058
    1327        0.000050        1.674011        0.544145
    1328        0.000050        1.676911        0.544200
    1329        0.000050        1.674255        0.544195
    1330        0.000050        1.676158        0.544213
    1331        0.000050        1.679496        0.544345
    1332        0.000050        1.679618        0.544365
    1333        0.000050        1.676925        0.544343
    1334        0.000050        1.681378        0.544399
    1335        0.000050        1.683345        0.544514
    1336        0.000050        1.681836        0.544506
    1337        0.000050        1.681505        0.544528
    1338        0.000050        1.686391        0.544599
    1339        0.000050        1.685339        0.544648
    1340        0.000050        1.684914        0.544648
    1341        0.000050        1.687408        0.544738
    1342        0.000050        1.689964        0.544783
    1343        0.000050        1.686703        0.544768
    1344        0.000050        1.689589        0.544808
    1345        0.000050        1.692911        0.544942
    1346        0.000050        1.692033        0.544937
    1347        0.000050        1.689393        0.544913
    1348        0.000050        1.695187        0.544997
    1349        0.000050        1.696452        0.545109
    1350        0.000025        1.693840        0.545070
    1351        0.000025        1.696108        0.545821
    1352        0.000025        1.694130        0.545659
    1353        0.000025        1.692965        0.545405
    1354        0.000025        1.691911        0.545204
    1355        0.000025        1.691806        0.545058
    1356        0.000025        1.691990        0.544942
    1357        0.000025        1.692566        0.544854
    1358        0.000025        1.693289        0.544782
    1359        0.000025        1.694161        0.544722
    1360        0.000025        1.695086        0.544673
    1361        0.000025        1.696056        0.544632
    1362        0.000025        1.697030        0.544596
    1363        0.000025        1.698012        0.544569
    1364        0.000025        1.698985        0.544546
    1365        0.000025        1.699948        0.544527
    1366        0.000025        1.700892        0.544511
    1367        0.000025        1.701817        0.544500
    1368        0.000025        1.702725        0.544490
    1369        0.000025        1.703613        0.544483
    1370        0.000025        1.704480        0.544477
    1371        0.000025        1.705331        0.544473
    1372        0.000025        1.706161        0.544471
    1373        0.000025        1.706975        0.544470
    1374        0.000025        1.707773        0.544471
    1375        0.000025        1.708547        0.544472
    1376        0.000025        1.709309        0.544474
    1377        0.000025        1.710057        0.544478
    1378        0.000025        1.710789        0.544483
    1379        0.000025        1.711507        0.544487
    1380        0.000025        1.712207        0.544493
    1381        0.000025        1.712903        0.544500
    1382        0.000025        1.713584        0.544507
    1383        0.000025        1.714250        0.544514
    1384        0.000025        1.714907        0.544523
    1385        0.000025        1.715551        0.544532
    1386        0.000025        1.716190        0.544541
    1387        0.000025        1.716813        0.544550
    1388        0.000025        1.717432        0.544561
    1389        0.000025        1.718041        0.544571
    1390        0.000025        1.718642        0.544582
    1391        0.000025        1.719237        0.544593
    1392        0.000025        1.719821        0.544604
    1393        0.000025        1.720404        0.544615
    1394        0.000025        1.720979        0.544627
    1395        0.000025        1.721546        0.544639
    1396        0.000025        1.722110        0.544652
    1397        0.000025        1.722666        0.544664
    1398        0.000025        1.723219        0.544677
    1399        0.000025        1.723767        0.544690
    1400        0.000025        1.724312        0.544703
    1401        0.000025        1.724853        0.544716
    1402        0.000025        1.725393        0.544730
    1403        0.000025        1.725927        0.544743
    1404        0.000025        1.726456        0.544758
    1405        0.000025        1.726985        0.544771
    1406        0.000025        1.727509        0.544786
    1407        0.000025        1.728035        0.544801
    1408        0.000025        1.728557        0.544815
    1409        0.000025        1.729071        0.544830
    1410        0.000025        1.729588        0.544844
    1411        0.000025        1.730106        0.544859
    1412        0.000025        1.730617        0.544875
    1413        0.000025        1.731131        0.544890
    1414        0.000025        1.731637        0.544906
    1415        0.000025        1.732154        0.544921
    1416        0.000025        1.732657        0.544937
    1417        0.000025        1.733169        0.544953
    1418        0.000025        1.733674        0.544969
    1419        0.000025        1.734183        0.544985
    1420        0.000025        1.734687        0.545003
    1421        0.000025        1.735203        0.545017
    1422        0.000025        1.735694        0.545036
    1423        0.000025        1.736216        0.545048
    1424        0.000025        1.736694        0.545076
    1425        0.000025        1.737246        0.545074
    1426        0.000025        1.737677        0.545115
    1427        0.000025        1.738318        0.545106
    1428        0.000025        1.738584        0.545149
    1429        0.000025        1.739486        0.545145
    1430        0.000025        1.739448        0.545175
    1431        0.000025        1.740543        0.545185
    1432        0.000025        1.740514        0.545209
    1433        0.000025        1.741462        0.545224
    1434        0.000025        1.741610        0.545240
    1435        0.000025        1.742396        0.545257
    1436        0.000025        1.742700        0.545279
    1437        0.000025        1.743365        0.545297
    1438        0.000025        1.743739        0.545312
    1439        0.000025        1.744347        0.545326
    1440        0.000025        1.744794        0.545351
    1441        0.000025        1.745363        0.545373
    1442        0.000025        1.745818        0.545388
    1443        0.000025        1.746367        0.545395
    1444        0.000025        1.746867        0.545420
    1445        0.000025        1.747427        0.545452
    1446        0.000025        1.747905        0.545471
    1447        0.000025        1.748412        0.545467
    1448        0.000025        1.748933        0.545484
    1449        0.000025        1.749531        0.545526
    1450        0.000025        1.749989        0.545550
    1451        0.000025        1.750483        0.545544
    1452        0.000025        1.751034        0.545562
    1453        0.000025        1.751658        0.545602
    1454        0.000025        1.752077        0.545619
    1455        0.000025        1.752637        0.545626
    1456        0.000025        1.753130        0.545644
    1457        0.000025        1.753788        0.545679
    1458        0.000025        1.754159        0.545691
    1459        0.000025        1.754840        0.545708
    1460        0.000025        1.755185        0.545725
    1461        0.000025        1.756036        0.545752
    1462        0.000025        1.756135        0.545769
    1463        0.000025        1.757235        0.545788
    1464        0.000025        1.757054        0.545801
    1465        0.000025        1.758442        0.545832
    1466        0.000025        1.758094        0.545844
    1467        0.000025        1.759449        0.545871
    1468        0.000025        1.759258        0.545878
    1469        0.000025        1.760421        0.545910
    1470        0.000025        1.760460        0.545925
    1471        0.000025        1.761397        0.545951
    1472        0.000025        1.761597        0.545959
    1473        0.000025        1.762441        0.545988
    1474        0.000025        1.762755        0.546002
    1475        0.000025        1.763505        0.546039
    1476        0.000025        1.763845        0.546036
    1477        0.000025        1.764591        0.546076
    1478        0.000025        1.764969        0.546070
    1479        0.000025        1.765728        0.546128
    1480        0.000025        1.766055        0.546119
    1481        0.000025        1.766801        0.546157
    1482        0.000025        1.767170        0.546154
    1483        0.000025        1.767955        0.546199
    1484        0.000025        1.768296        0.546208
    1485        0.000025        1.769055        0.546239
    1486        0.000025        1.769367        0.546240
    1487        0.000025        1.770228        0.546274
    1488        0.000025        1.770485        0.546291
    1489        0.000025        1.771398        0.546323
    1490        0.000025        1.771507        0.546329
    1491        0.000025        1.772602        0.546354
    1492        0.000025        1.772572        0.546368
    1493        0.000025        1.773846        0.546407
    1494        0.000025        1.773650        0.546419
    1495        0.000025        1.774920        0.546441
    1496        0.000025        1.774840        0.546446
    1497        0.000025        1.775997        0.546481
    1498        0.000025        1.776116        0.546506
    1499        0.000025        1.777016        0.546533
    1500        0.000025        1.777255        0.546537
    1501        0.000025        1.778098        0.546555
    1502        0.000025        1.778516        0.546582
    1503        0.000025        1.779272        0.546621
    1504        0.000025        1.779602        0.546633
    1505        0.000025        1.780301        0.546642
    1506        0.000025        1.780805        0.546659
    1507        0.000025        1.781591        0.546701
    1508        0.000025        1.781936        0.546722
    1509        0.000025        1.782605        0.546736
    1510        0.000025        1.783042        0.546742
    1511        0.000025        1.783907        0.546782
    1512        0.000025        1.784253        0.546804
    1513        0.000025        1.784981        0.546827
    1514        0.000025        1.785295        0.546831
    1515        0.000025        1.786261        0.546865
    1516        0.000025        1.786505        0.546886
    1517        0.000025        1.787438        0.546918
    1518        0.000025        1.787524        0.546919
    1519        0.000025        1.788666        0.546953
    1520        0.000025        1.788733        0.546964
    1521        0.000025        1.789858        0.547008
    1522        0.000025        1.789858        0.547005
    1523        0.000025        1.790937        0.547044
    1524        0.000025        1.791125        0.547044
    1525        0.000025        1.792116        0.547095
    1526        0.000025        1.792322        0.547094
    1527        0.000025        1.793173        0.547131
    1528        0.000025        1.793549        0.547132
    1529        0.000025        1.794375        0.547174
    1530        0.000025        1.794749        0.547184
    1531        0.000025        1.795497        0.547218
    1532        0.000025        1.795900        0.547224
    1533        0.000025        1.796693        0.547257
    1534        0.000025        1.797113        0.547271
    1535        0.000025        1.797877        0.547306
    1536        0.000025        1.798252        0.547315
    1537        0.000025        1.799037        0.547343
    1538        0.000025        1.799462        0.547355
    1539        0.000025        1.800275        0.547390
    1540        0.000025        1.800596        0.547405
    1541        0.000025        1.801459        0.547434
    1542        0.000025        1.801740        0.547442
    1543        0.000025        1.802696        0.547473
    1544        0.000025        1.802937        0.547490
    1545        0.000025        1.803904        0.547526
    1546        0.000025        1.804089        0.547536
    1547        0.000025        1.805028        0.547561
    1548        0.000025        1.805302        0.547569
    1549        0.000025        1.806252        0.547608
    1550        0.000025        1.806557        0.547628
    1551        0.000025        1.807337        0.547660
