       0        0.000100     4048.866908       63.195122
       1        0.000100     3971.967621       62.580124
       2        0.000100     3882.018163       61.858143
       3        0.000100     3778.308461       61.016537
       4        0.000100     3658.991806       60.034401
       5        0.000100     3523.727736       58.901722
       6        0.000100     3369.550149       57.583172
       7        0.000100     3198.736272       56.086445
       8        0.000100     3022.780044       54.500977
       9        0.000100     2843.789620       52.838730
      10        0.000100     2662.626951       51.100681
      11        0.000100     2480.267882       49.288631
      12        0.000100     2298.029825       47.407646
      13        0.000100     2117.202476       45.463238
      14        0.000100     1939.103401       43.461948
      15        0.000100     1765.053725       41.411430
      16        0.000100     1596.345092       39.320290
      17        0.000100     1434.201239       37.198143
      18        0.000100     1279.742727       35.055317
      19        0.000100     1133.962386       32.902966
      20        0.000100      997.695342       30.752712
      21        0.000100      871.597540       28.617002
      22        0.000100      756.130105       26.509529
      23        0.000100      651.548754       24.445381
      24        0.000100      557.899295       22.437632
      25        0.000100      475.024547       20.500362
      26        0.000100      402.573578       18.652695
      27        0.000100      340.024402       16.909557
      28        0.000100      286.710427       15.290428
      29        0.000100      241.850277       13.820989
      30        0.000100      204.587636       12.512579
      31        0.000100      174.024781       11.365794
      32        0.000100      149.260615       10.378851
      33        0.000100      129.421570        9.546425
      34        0.000100      113.687621        8.859114
      35        0.000100      101.312755        8.296091
      36        0.000100       91.636973        7.835759
      37        0.000100       84.092434        7.463953
      38        0.000100       78.202418        7.164932
      39        0.000100       73.576167        6.921486
      40        0.000100       69.900902        6.722424
      41        0.000100       66.931427        6.557434
      42        0.000100       64.479633        6.419630
      43        0.000100       62.403557        6.301294
      44        0.000100       60.598138        6.197618
      45        0.000100       58.987105        6.104857
      46        0.000100       57.515635        6.020320
      47        0.000100       56.145036        5.941419
      48        0.000100       54.848409        5.866384
      49        0.000100       53.607240        5.794449
      50        0.000100       52.409050        5.724808
      51        0.000100       51.245342        5.656712
      52        0.000100       50.110534        5.590027
      53        0.000100       49.000950        5.524491
      54        0.000100       47.914225        5.459784
      55        0.000100       46.848762        5.395703
      56        0.000100       45.803551        5.332249
      57        0.000100       44.777989        5.269404
      58        0.000100       43.771609        5.207007
      59        0.000100       42.784171        5.145110
      60        0.000100       41.815446        5.083718
      61        0.000100       40.865274        5.022893
      62        0.000100       39.933551        4.962682
      63        0.000100       39.020145        4.903049
      64        0.000100       38.124914        4.843927
      65        0.000100       37.247776        4.785450
      66        0.000100       36.388610        4.727521
      67        0.000100       35.547216        4.670205
      68        0.000100       34.723513        4.613408
      69        0.000100       33.917304        4.557217
      70        0.000100       33.128420        4.501670
      71        0.000100       32.356674        4.446653
      72        0.000100       31.601835        4.392209
      73        0.000100       30.863776        4.338391
      74        0.000100       30.142192        4.285181
      75        0.000100       29.436905        4.232399
      76        0.000100       28.747687        4.180135
      77        0.000100       28.074265        4.128453
      78        0.000100       27.416398        4.077361
      79        0.000100       26.773812        4.026762
      80        0.000100       26.146296        3.976829
      81        0.000100       25.533523        3.927444
      82        0.000100       24.935249        3.878661
      83        0.000100       24.351181        3.830451
      84        0.000100       23.781048        3.782813
      85        0.000100       23.224549        3.735690
      86        0.000100       22.681424        3.689184
      87        0.000100       22.151364        3.643350
      88        0.000100       21.634111        3.598299
      89        0.000100       21.129337        3.554106
      90        0.000100       20.636790        3.510579
      91        0.000100       20.156175        3.467634
      92        0.000100       19.687196        3.425159
      93        0.000100       19.229597        3.383219
      94        0.000100       18.783093        3.341773
      95        0.000100       18.347396        3.300990
      96        0.000100       17.922253        3.260836
      97        0.000100       17.507390        3.221243
      98        0.000100       17.102542        3.182098
      99        0.000100       16.707455        3.143526
     100        0.000100       16.321896        3.105519
     101        0.000100       15.945611        3.067899
     102        0.000100       15.578339        3.030884
     103        0.000100       15.219861        2.994316
     104        0.000100       14.869964        2.958208
     105        0.000100       14.528407        2.922602
     106        0.000100       14.194997        2.887458
     107        0.000100       13.869514        2.852744
     108        0.000100       13.551754        2.818448
     109        0.000100       13.241524        2.784564
     110        0.000100       12.938641        2.751093
     111        0.000100       12.642922        2.718130
     112        0.000100       12.354184        2.685588
     113        0.000100       12.072269        2.653403
     114        0.000100       11.797015        2.621642
     115        0.000100       11.528263        2.590306
     116        0.000100       11.265855        2.559372
     117        0.000100       11.009664        2.528847
     118        0.000100       10.759532        2.498680
     119        0.000100       10.515330        2.468927
     120        0.000100       10.276944        2.439579
     121        0.000100       10.044226        2.410622
     122        0.000100        9.817074        2.382052
     123        0.000100        9.595368        2.353805
     124        0.000100        9.378990        2.325912
     125        0.000100        9.167842        2.298369
     126        0.000100        8.961813        2.271113
     127        0.000100        8.760802        2.244158
     128        0.000100        8.564718        2.217564
     129        0.000100        8.373456        2.191363
     130        0.000100        8.186931        2.165545
     131        0.000100        8.005054        2.140100
     132        0.000100        7.827730        2.115066
     133        0.000100        7.654879        2.090383
     134        0.000100        7.486421        2.066015
     135        0.000100        7.322264        2.041943
     136        0.000100        7.162334        2.018197
     137        0.000100        7.006549        1.994852
     138        0.000100        6.854831        1.971923
     139        0.000100        6.707090        1.949333
     140        0.000100        6.563249        1.927055
     141        0.000100        6.423231        1.905163
     142        0.000100        6.286970        1.883655
     143        0.000100        6.154378        1.862550
     144        0.000100        6.025380        1.841806
     145        0.000100        5.899904        1.821443
     146        0.000100        5.777871        1.801419
     147        0.000100        5.659209        1.781737
     148        0.000100        5.543844        1.762402
     149        0.000100        5.431697        1.743425
     150        0.000100        5.322699        1.724833
     151        0.000100        5.216768        1.706633
     152        0.000100        5.113841        1.688750
     153        0.000100        5.013832        1.671198
     154        0.000100        4.916680        1.653977
     155        0.000100        4.822310        1.637012
     156        0.000100        4.730642        1.620267
     157        0.000100        4.641614        1.603781
     158        0.000100        4.555392        1.587622
     159        0.000100        4.471736        1.571834
     160        0.000100        4.390501        1.556416
     161        0.000100        4.311563        1.541299
     162        0.000100        4.234872        1.526472
     163        0.000100        4.160370        1.512006
     164        0.000100        4.087995        1.497855
     165        0.000100        4.017679        1.484123
     166        0.000100        3.949367        1.470703
     167        0.000100        3.882994        1.457552
     168        0.000100        3.818497        1.444686
     169        0.000100        3.755810        1.432126
     170        0.000100        3.694882        1.419829
     171        0.000100        3.635646        1.407753
     172        0.000100        3.578051        1.395881
     173        0.000100        3.522034        1.384275
     174        0.000100        3.467545        1.372979
     175        0.000100        3.414529        1.361941
     176        0.000100        3.362930        1.351160
     177        0.000100        3.312700        1.340607
     178        0.000100        3.263786        1.330284
     179        0.000100        3.216142        1.320189
     180        0.000100        3.169725        1.310265
     181        0.000100        3.124482        1.300554
     182        0.000100        3.080372        1.291025
     183        0.000100        3.037354        1.281670
     184        0.000100        2.995388        1.272488
     185        0.000100        2.954434        1.263435
     186        0.000100        2.914456        1.254542
     187        0.000100        2.875413        1.245770
     188        0.000100        2.837274        1.237174
     189        0.000100        2.800007        1.228738
     190        0.000100        2.763579        1.220441
     191        0.000100        2.727956        1.212267
     192        0.000100        2.693114        1.204241
     193        0.000100        2.659024        1.196339
     194        0.000100        2.625657        1.188516
     195        0.000100        2.592992        1.180782
     196        0.000100        2.560999        1.173168
     197        0.000100        2.529657        1.165661
     198        0.000100        2.498947        1.158281
     199        0.000100        2.468843        1.150995
     200        0.000100        2.439329        1.143822
     201        0.000100        2.410382        1.136792
     202        0.000100        2.381988        1.129880
     203        0.000100        2.354125        1.123053
     204        0.000100        2.326810        1.116309
     205        0.000100        2.300039        1.109662
     206        0.000100        2.273826        1.103090
     207        0.000100        2.248096        1.096581
     208        0.000100        2.222817        1.090166
     209        0.000100        2.197979        1.083863
     210        0.000100        2.173568        1.077646
     211        0.000100        2.149568        1.071497
     212        0.000100        2.125976        1.065417
     213        0.000100        2.102777        1.059398
     214        0.000100        2.079959        1.053435
     215        0.000100        2.057514        1.047532
     216        0.000100        2.035435        1.041700
     217        0.000100        2.013713        1.035930
     218        0.000100        1.992341        1.030203
     219        0.000100        1.971308        1.024524
     220        0.000100        1.950608        1.018894
     221        0.000100        1.930235        1.013329
     222        0.000100        1.910183        1.007829
     223        0.000100        1.890444        1.002405
     224        0.000100        1.871014        0.997045
     225        0.000100        1.851884        0.991740
     226        0.000100        1.833051        0.986504
     227        0.000100        1.814401        0.981324
     228        0.000100        1.796116        0.976227
     229        0.000100        1.778141        0.971207
     230        0.000100        1.760444        0.966246
     231        0.000100        1.743021        0.961322
     232        0.000100        1.725862        0.956446
     233        0.000100        1.708970        0.951599
     234        0.000100        1.692336        0.946799
     235        0.000100        1.675957        0.942039
     236        0.000100        1.659828        0.937323
     237        0.000100        1.643947        0.932657
     238        0.000100        1.628314        0.928041
     239        0.000100        1.612918        0.923458
     240        0.000100        1.597759        0.918941
     241        0.000100        1.582834        0.914476
     242        0.000100        1.568140        0.910065
     243        0.000100        1.553673        0.905696
     244        0.000100        1.539430        0.901377
     245        0.000100        1.525406        0.897099
     246        0.000100        1.511602        0.892868
     247        0.000100        1.498012        0.888669
     248        0.000100        1.484632        0.884505
     249        0.000100        1.471465        0.880386
     250        0.000100        1.458500        0.876320
     251        0.000100        1.445740        0.872304
     252        0.000100        1.433181        0.868323
     253        0.000100        1.420818        0.864369
     254        0.000100        1.408651        0.860457
     255        0.000100        1.396677        0.856588
     256        0.000100        1.384890        0.852766
     257        0.000100        1.373294        0.848995
     258        0.000100        1.361880        0.845273
     259        0.000100        1.350651        0.841608
     260        0.000100        1.339600        0.837982
     261        0.000100        1.328725        0.834397
     262        0.000100        1.318027        0.830862
     263        0.000100        1.307500        0.827370
     264        0.000100        1.297142        0.823919
     265        0.000100        1.286955        0.820504
     266        0.000100        1.276931        0.817123
     267        0.000100        1.267070        0.813781
     268        0.000100        1.257371        0.810472
     269        0.000100        1.247829        0.807192
     270        0.000100        1.238444        0.803960
     271        0.000100        1.229215        0.800771
     272        0.000100        1.220135        0.797614
     273        0.000100        1.211205        0.794495
     274        0.000100        1.202425        0.791411
     275        0.000100        1.193790        0.788361
     276        0.000100        1.185297        0.785353
     277        0.000100        1.176943        0.782386
     278        0.000100        1.168730        0.779449
     279        0.000100        1.160657        0.776570
     280        0.000100        1.152715        0.773715
     281        0.000100        1.144905        0.770896
     282        0.000100        1.137228        0.768114
     283        0.000100        1.129677        0.765360
     284        0.000100        1.122256        0.762629
     285        0.000100        1.114956        0.759939
     286        0.000100        1.107779        0.757280
     287        0.000100        1.100722        0.754653
     288        0.000100        1.093783        0.752053
     289        0.000100        1.086959        0.749480
     290        0.000100        1.080250        0.746936
     291        0.000100        1.073652        0.744423
     292        0.000100        1.067166        0.741941
     293        0.000100        1.060787        0.739485
     294        0.000100        1.054513        0.737055
     295        0.000100        1.048344        0.734658
     296        0.000100        1.042278        0.732280
     297        0.000100        1.036311        0.729929
     298        0.000100        1.030443        0.727606
     299        0.000100        1.024671        0.725305
     300        0.000100        1.018992        0.723021
     301        0.000100        1.013408        0.720768
     302        0.000100        1.007914        0.718540
     303        0.000100        1.002507        0.716326
     304        0.000100        0.997189        0.714132
     305        0.000100        0.991957        0.711954
     306        0.000100        0.986808        0.709795
     307        0.000100        0.981741        0.707661
     308        0.000100        0.976756        0.705548
     309        0.000100        0.971851        0.703470
     310        0.000100        0.967022        0.701419
     311        0.000100        0.962270        0.699385
     312        0.000100        0.957592        0.697374
     313        0.000100        0.952986        0.695394
     314        0.000100        0.948453        0.693433
     315        0.000100        0.943992        0.691487
     316        0.000100        0.939599        0.689560
     317        0.000100        0.935276        0.687674
     318        0.000100        0.931019        0.685809
     319        0.000100        0.926828        0.683964
     320        0.000100        0.922703        0.682135
     321        0.000100        0.918639        0.680319
     322        0.000100        0.914640        0.678515
     323        0.000100        0.910706        0.676725
     324        0.000100        0.906829        0.674953
     325        0.000100        0.903011        0.673198
     326        0.000100        0.899252        0.671457
     327        0.000100        0.895555        0.669732
     328        0.000100        0.891914        0.668023
     329        0.000100        0.888329        0.666330
     330        0.000100        0.884800        0.664652
     331        0.000100        0.881326        0.662981
     332        0.000100        0.877905        0.661326
     333        0.000100        0.874540        0.659684
     334        0.000100        0.871227        0.658068
     335        0.000100        0.867966        0.656471
     336        0.000100        0.864757        0.654889
     337        0.000100        0.861600        0.653322
     338        0.000100        0.858491        0.651769
     339        0.000100        0.855431        0.650228
     340        0.000100        0.852422        0.648694
     341        0.000100        0.849461        0.647175
     342        0.000100        0.846547        0.645672
     343        0.000100        0.843679        0.644178
     344        0.000100        0.840859        0.642693
     345        0.000100        0.838084        0.641220
     346        0.000100        0.835355        0.639758
     347        0.000100        0.832670        0.638307
     348        0.000100        0.830029        0.636876
     349        0.000100        0.827431        0.635461
     350        0.000100        0.824877        0.634071
     351        0.000100        0.822364        0.632700
     352        0.000100        0.819893        0.631341
     353        0.000100        0.817465        0.629993
     354        0.000100        0.815075        0.628658
     355        0.000100        0.812726        0.627334
     356        0.000100        0.810418        0.626023
     357        0.000100        0.808147        0.624724
     358        0.000100        0.805915        0.623441
     359        0.000100        0.803720        0.622180
     360        0.000100        0.801563        0.620927
     361        0.000100        0.799443        0.619692
     362        0.000100        0.797358        0.618469
     363        0.000100        0.795311        0.617263
     364        0.000100        0.793296        0.616066
     365        0.000100        0.791318        0.614881
     366        0.000100        0.789375        0.613705
     367        0.000100        0.787461        0.612541
     368        0.000100        0.785583        0.611397
     369        0.000100        0.783739        0.610267
     370        0.000100        0.781924        0.609145
     371        0.000100        0.780141        0.608034
     372        0.000100        0.778391        0.606932
     373        0.000100        0.776669        0.605842
     374        0.000100        0.774979        0.604760
     375        0.000100        0.773317        0.603700
     376        0.000100        0.771685        0.602646
     377        0.000100        0.770084        0.601601
     378        0.000100        0.768510        0.600562
     379        0.000100        0.766963        0.599532
     380        0.000100        0.765446        0.598511
     381        0.000100        0.763952        0.597498
     382        0.000100        0.762486        0.596494
     383        0.000100        0.761047        0.595501
     384        0.000100        0.759632        0.594518
     385        0.000100        0.758243        0.593547
     386        0.000100        0.756877        0.592583
     387        0.000100        0.755536        0.591628
     388        0.000100        0.754219        0.590681
     389        0.000100        0.752923        0.589745
     390        0.000100        0.751653        0.588824
     391        0.000100        0.750402        0.587913
     392        0.000100        0.749174        0.587009
     393        0.000100        0.747968        0.586118
     394        0.000100        0.746783        0.585238
     395        0.000100        0.745618        0.584366
     396        0.000100        0.744474        0.583498
     397        0.000100        0.743350        0.582639
     398        0.000100        0.742225        0.581787
     399        0.000100        0.741135        0.580944
     400        0.000100        0.740067        0.580111
     401        0.000100        0.739019        0.579286
     402        0.000100        0.737988        0.578469
     403        0.000100        0.736975        0.577664
     404        0.000100        0.735979        0.576870
     405        0.000100        0.735000        0.576085
     406        0.000100        0.734038        0.575311
     407        0.000100        0.733091        0.574544
     408        0.000100        0.732161        0.573783
     409        0.000100        0.731245        0.573027
     410        0.000100        0.730347        0.572278
     411        0.000100        0.729460        0.571533
     412        0.000100        0.728590        0.570794
     413        0.000100        0.727732        0.570059
     414        0.000100        0.726890        0.569334
     415        0.000100        0.726061        0.568616
     416        0.000100        0.725246        0.567904
     417        0.000100        0.724444        0.567201
     418        0.000100        0.723653        0.566508
     419        0.000100        0.722875        0.565824
     420        0.000100        0.722109        0.565146
     421        0.000100        0.721356        0.564479
     422        0.000100        0.720614        0.563829
     423        0.000100        0.719882        0.563183
     424        0.000100        0.719162        0.562548
     425        0.000100        0.718453        0.561920
     426        0.000100        0.717753        0.561297
     427        0.000100        0.717065        0.560679
     428        0.000100        0.716386        0.560065
     429        0.000100        0.715718        0.559457
     430        0.000100        0.715058        0.558858
     431        0.000100        0.714409        0.558269
     432        0.000100        0.713750        0.557684
     433        0.000100        0.713115        0.557106
     434        0.000100        0.712492        0.556533
     435        0.000100        0.711878        0.555964
     436        0.000100        0.711271        0.555401
     437        0.000100        0.710672        0.554847
     438        0.000100        0.710081        0.554301
     439        0.000100        0.709499        0.553760
     440        0.000100        0.708922        0.553225
     441        0.000100        0.708355        0.552696
     442        0.000100        0.707793        0.552171
     443        0.000100        0.707239        0.551653
     444        0.000100        0.706692        0.551138
     445        0.000100        0.706149        0.550629
     446        0.000100        0.705616        0.550130
     447        0.000100        0.705088        0.549642
     448        0.000100        0.704566        0.549157
     449        0.000100        0.704049        0.548675
     450        0.000100        0.703540        0.548200
     451        0.000100        0.703035        0.547728
     452        0.000100        0.702535        0.547260
     453        0.000100        0.702041        0.546797
     454        0.000100        0.701555        0.546338
     455        0.000100        0.701063        0.545883
     456        0.000100        0.700583        0.545430
     457        0.000100        0.700111        0.544984
     458        0.000100        0.699642        0.544541
     459        0.000100        0.699178        0.544102
     460        0.000100        0.698720        0.543666
     461        0.000100        0.698267        0.543232
     462        0.000100        0.697817        0.542801
     463        0.000100        0.697371        0.542373
     464        0.000100        0.696927        0.541949
     465        0.000100        0.696493        0.541535
     466        0.000100        0.696055        0.541122
     467        0.000100        0.695646        0.540719
     468        0.000100        0.695189        0.540300
     469        0.000100        0.694829        0.539917
     470        0.000100        0.694256        0.539464
     471        0.000100        0.694175        0.539221
     472        0.000100        0.693145        0.538572
     473        0.000100        0.693807        0.538664
     474        0.000100        0.692385        0.537827
     475        0.000100        0.692461        0.537620
     476        0.000100        0.691876        0.537175
     477        0.000100        0.691500        0.536797
     478        0.000100        0.691120        0.536439
     479        0.000100        0.690803        0.536096
     480        0.000100        0.690425        0.535732
     481        0.000100        0.690019        0.535349
     482        0.000100        0.689550        0.534951
     483        0.000100        0.689125        0.534578
     484        0.000100        0.688800        0.534254
     485        0.000100        0.688591        0.533973
     486        0.000100        0.688376        0.533675
     487        0.000100        0.687981        0.533284
     488        0.000100        0.687336        0.532797
     489        0.000100        0.686589        0.532303
     490        0.000100        0.686064        0.531947
     491        0.000100        0.686256        0.531927
     492        0.000100        0.687145        0.532167
     493        0.000100        0.687313        0.531947
     494        0.000100        0.685386        0.530825
     495        0.000100        0.683735        0.530121
     496        0.000100        0.683886        0.530091
     497        0.000100        0.685308        0.530560
     498        0.000100        0.684506        0.529899
     499        0.000100        0.683209        0.529158
     500        0.000100        0.682893        0.528952
     501        0.000100        0.683161        0.528940
     502        0.000100        0.682883        0.528627
     503        0.000100        0.682193        0.528161
     504        0.000100        0.681757        0.527855
     505        0.000100        0.681659        0.527685
     506        0.000100        0.681472        0.527454
     507        0.000100        0.681034        0.527111
     508        0.000100        0.680585        0.526786
     509        0.000100        0.680326        0.526547
     510        0.000100        0.680137        0.526340
     511        0.000100        0.679845        0.526077
     512        0.000100        0.679435        0.525772
     513        0.000100        0.679088        0.525501
     514        0.000100        0.678831        0.525282
     515        0.000100        0.678644        0.525074
     516        0.000100        0.678312        0.524816
     517        0.000100        0.677985        0.524541
     518        0.000100        0.677580        0.524272
     519        0.000100        0.677438        0.524079
     520        0.000100        0.677102        0.523862
     521        0.000100        0.677059        0.523668
     522        0.000100        0.676390        0.523342
     523        0.000100        0.676433        0.523135
     524        0.000100        0.675654        0.522837
     525        0.000100        0.676001        0.522746
     526        0.000100        0.675460        0.522537
     527        0.000100        0.675503        0.522331
     528        0.000100        0.674792        0.521985
     529        0.000100        0.674479        0.521689
     530        0.000100        0.674028        0.521469
     531        0.000100        0.674254        0.521460
     532        0.000100        0.674408        0.521462
     533        0.000100        0.674344        0.521258
     534        0.000100        0.673292        0.520678
     535        0.000100        0.672292        0.520140
     536        0.000100        0.671805        0.519905
     537        0.000100        0.673164        0.520499
     538        0.000100        0.674197        0.520801
     539        0.000100        0.672559        0.519842
     540        0.000100        0.670985        0.519152
     541        0.000100        0.671234        0.519220
     542        0.000100        0.672000        0.519497
     543        0.000100        0.671627        0.519144
     544        0.000100        0.670578        0.518612
     545        0.000100        0.670456        0.518489
     546        0.000100        0.670572        0.518507
     547        0.000100        0.670610        0.518370
     548        0.000100        0.669885        0.517990
     549        0.000100        0.669725        0.517796
     550        0.000100        0.669445        0.517671
     551        0.000100        0.669733        0.517633
     552        0.000100        0.669055        0.517331
     553        0.000100        0.669096        0.517157
     554        0.000100        0.668427        0.516913
     555        0.000100        0.668863        0.516918
     556        0.000100        0.668299        0.516702
     557        0.000100        0.668397        0.516553
     558        0.000100        0.667695        0.516261
     559        0.000100        0.667873        0.516190
     560        0.000100        0.667506        0.516047
     561        0.000100        0.667722        0.515988
     562        0.000100        0.667106        0.515711
     563        0.000100        0.667081        0.515544
     564        0.000100        0.666537        0.515325
     565        0.000100        0.666885        0.515345
     566        0.000100        0.666543        0.515214
     567        0.000100        0.666715        0.515118
     568        0.000100        0.665845        0.514743
     569        0.000100        0.665863        0.514591
     570        0.000100        0.665327        0.514419
     571        0.000100        0.666154        0.514647
     572        0.000100        0.665903        0.514579
     573        0.000100        0.665998        0.514394
     574        0.000100        0.664423        0.513730
     575        0.000100        0.664409        0.513534
     576        0.000100        0.664200        0.513612
     577        0.000100        0.666374        0.514389
     578        0.000100        0.665354        0.513956
     579        0.000100        0.664445        0.513277
     580        0.000100        0.662976        0.512755
     581        0.000100        0.664573        0.513336
     582        0.000100        0.664470        0.513360
     583        0.000100        0.664374        0.513045
     584        0.000100        0.662895        0.512489
     585        0.000100        0.663717        0.512705
     586        0.000100        0.663493        0.512677
     587        0.000100        0.663861        0.512641
     588        0.000100        0.662727        0.512168
     589        0.000100        0.663094        0.512201
     590        0.000100        0.662775        0.512104
     591        0.000100        0.663301        0.512195
     592        0.000100        0.662480        0.511829
     593        0.000100        0.662606        0.511766
     594        0.000100        0.662138        0.511583
     595        0.000100        0.662694        0.511723
     596        0.000100        0.662183        0.511499
     597        0.000100        0.662269        0.511413
     598        0.000100        0.661593        0.511128
     599        0.000100        0.662013        0.511213
     600        0.000100        0.661723        0.511111
     601        0.000100        0.662084        0.511147
     602        0.000100        0.661308        0.510807
     603        0.000100        0.661444        0.510750
     604        0.000100        0.660955        0.510562
     605        0.000100        0.661679        0.510786
     606        0.000100        0.661310        0.510649
     607        0.000100        0.661458        0.510566
     608        0.000100        0.660418        0.510122
     609        0.000100        0.660633        0.510108
     610        0.000100        0.660528        0.510112
     611        0.000100        0.661695        0.510553
     612        0.000100        0.661183        0.510308
     613        0.000100        0.660583        0.509905
     614        0.000100        0.659373        0.509347
     615        0.000100        0.660091        0.509626
     616        0.000100        0.660999        0.510131
     617        0.000100        0.661432        0.510172
     618        0.000100        0.659629        0.509341
     619        0.000100        0.659500        0.509197
     620        0.000100        0.659711        0.509329
     621        0.000100        0.660862        0.509756
     622        0.000100        0.659780        0.509231
     623        0.000100        0.659583        0.509068
     624        0.000100        0.659203        0.508911
     625        0.000100        0.660197        0.509279
     626        0.000100        0.659640        0.509009
     627        0.000100        0.659646        0.508920
     628        0.000100        0.658920        0.508603
     629        0.000100        0.659696        0.508869
     630        0.000100        0.659383        0.508732
     631        0.000100        0.659686        0.508770
     632        0.000100        0.658801        0.508372
     633        0.000100        0.659280        0.508513
     634        0.000100        0.659015        0.508392
     635        0.000100        0.659641        0.508599
     636        0.000100        0.658892        0.508241
     637        0.000100        0.659044        0.508242
     638        0.000100        0.658562        0.508005
     639        0.000100        0.659296        0.508284
     640        0.000100        0.659056        0.508150
     641        0.000100        0.659223        0.508157
     642        0.000100        0.658376        0.507739
     643        0.000100        0.658643        0.507812
     644        0.000100        0.658612        0.507776
     645        0.000100        0.659518        0.508162
     646        0.000100        0.658990        0.507859
     647        0.000100        0.658660        0.507654
     648        0.000100        0.657805        0.507218
     649        0.000100        0.658535        0.507523
     650        0.000100        0.659231        0.507865
     651        0.000100        0.659802        0.508039
     652        0.000100        0.658275        0.507269
     653        0.000100        0.657977        0.507073
     654        0.000100        0.658051        0.507096
     655        0.000100        0.659631        0.507830
     656        0.000100        0.658939        0.507403
     657        0.000100        0.658397        0.507117
     658        0.000100        0.657811        0.506812
     659        0.000100        0.658913        0.507291
     660        0.000100        0.658900        0.507232
     661        0.000100        0.658767        0.507105
     662        0.000100        0.657952        0.506696
     663        0.000100        0.658572        0.506950
     664        0.000100        0.658681        0.506958
     665        0.000100        0.659022        0.507072
     666        0.000100        0.658220        0.506635
     667        0.000100        0.658471        0.506740
     668        0.000100        0.658434        0.506656
     669        0.000100        0.659122        0.506975
     670        0.000100        0.658617        0.506639
     671        0.000100        0.658635        0.506646
     672        0.000100        0.658268        0.506392
     673        0.000100        0.658991        0.506745
     674        0.000100        0.658968        0.506651
     675        0.000100        0.659145        0.506715
     676        0.000100        0.658428        0.506290
     677        0.000100        0.658714        0.506431
     678        0.000100        0.658807        0.506399
     679        0.000100        0.659666        0.506833
     680        0.000100        0.659202        0.506481
     681        0.000100        0.658977        0.506382
     682        0.000100        0.658397        0.506000
     683        0.000100        0.659191        0.506413
     684        0.000100        0.659807        0.506657
     685        0.000100        0.660163        0.506805
     686        0.000100        0.658993        0.506098
     687        0.000100        0.658790        0.506019
     688        0.000100        0.659066        0.506057
     689        0.000100        0.660528        0.506863
     690        0.000100        0.660150        0.506496
     691        0.000100        0.659451        0.506167
     692        0.000100        0.659006        0.505821
     693        0.000100        0.659999        0.506376
     694        0.000100        0.660483        0.506496
     695        0.000100        0.660229        0.506350
     696        0.000100        0.659510        0.505864
     697        0.000100        0.659936        0.506121
     698        0.000100        0.660431        0.506260
     699        0.000100        0.660785        0.506469
     700        0.000100        0.660150        0.505960
     701        0.000100        0.660189        0.506048
     702        0.000100        0.660399        0.506010
     703        0.000100        0.661107        0.506444
     704        0.000100        0.660853        0.506129
     705        0.000100        0.660708        0.506094
     706        0.000100        0.660528        0.505833
     707        0.000100        0.661171        0.506265
     708        0.000100        0.661439        0.506235
     709        0.000100        0.661488        0.506304
     710        0.000100        0.660997        0.505847
     711        0.000100        0.661167        0.506013
     712        0.000100        0.661548        0.506067
     713        0.000100        0.662234        0.506506
     714        0.000100        0.661976        0.506158
     715        0.000100        0.661639        0.506033
     716        0.000100        0.661440        0.505739
     717        0.000100        0.662155        0.506239
     718        0.000100        0.662881        0.506442
     719        0.000100        0.662905        0.506503
     720        0.000100        0.662104        0.505849
     721        0.000100        0.661958        0.505860
     722        0.000100        0.662579        0.506037
     723        0.000100        0.663758        0.506768
     724        0.000100        0.663468        0.506369
     725        0.000100        0.662735        0.506030
     726        0.000100        0.662571        0.505741
     727        0.000100        0.663513        0.506393
     728        0.000100        0.664221        0.506557
     729        0.000100        0.663820        0.506389
     730        0.000100        0.663265        0.505854
     731        0.000100        0.663591        0.506142
     732        0.000100        0.664381        0.506390
     733        0.000100        0.664662        0.506618
     734        0.000100        0.664182        0.506086
     735        0.000100        0.664061        0.506122
     736        0.000100        0.664528        0.506188
     737        0.000100        0.665178        0.506659
     738        0.000100        0.665144        0.506379
     739        0.000100        0.664810        0.506282
     740        0.000100        0.664863        0.506064
     741        0.000100        0.665413        0.506544
     742        0.000100        0.665944        0.506572
     743        0.000100        0.665809        0.506614
     744        0.000100        0.665423        0.506151
     745        0.000100        0.665473        0.506350
     746        0.000100        0.666135        0.506490
     747        0.000100        0.666647        0.506911
     748        0.000100        0.666530        0.506544
     749        0.000100        0.666095        0.506416
     750        0.000100        0.666230        0.506212
     751        0.000100        0.666898        0.506805
     752        0.000100        0.667698        0.506944
     753        0.000100        0.667424        0.506936
     754        0.000100        0.666943        0.506307
     755        0.000100        0.666864        0.506458
     756        0.000100        0.667820        0.506747
     757        0.000100        0.668644        0.507383
     758        0.000100        0.668396        0.506887
     759        0.000100        0.667651        0.506613
     760        0.000100        0.667884        0.506430
     761        0.000100        0.668763        0.507192
     762        0.000100        0.669563        0.507276
     763        0.000100        0.668935        0.507094
     764        0.000100        0.668667        0.506553
     765        0.000100        0.668929        0.506970
     766        0.000100        0.670004        0.507245
     767        0.000100        0.670075        0.507472
     768        0.000100        0.669777        0.506904
     769        0.000100        0.669539        0.506988
     770        0.000100        0.670303        0.507101
     771        0.000100        0.670844        0.507633
     772        0.000100        0.670972        0.507301
     773        0.000100        0.670474        0.507220
     774        0.000100        0.670791        0.507021
     775        0.000100        0.671270        0.507573
     776        0.000100        0.672011        0.507591
     777        0.000100        0.671671        0.507620
     778        0.000100        0.671620        0.507153
     779        0.000100        0.671628        0.507437
     780        0.000100        0.672576        0.507595
     781        0.000100        0.672879        0.508015
     782        0.000100        0.672900        0.507578
     783        0.000100        0.672369        0.507510
     784        0.000100        0.672857        0.507379
     785        0.000100        0.673450        0.508037
     786        0.000100        0.674312        0.508069
     787        0.000100        0.673760        0.508005
     788        0.000100        0.673628        0.507429
     789        0.000100        0.673596        0.507734
     790        0.000100        0.674865        0.508054
     791        0.000100        0.675283        0.508558
     792        0.000100        0.675129        0.507968
     793        0.000100        0.674395        0.507805
     794        0.000100        0.675053        0.507748
     795        0.000100        0.675838        0.508553
     796        0.000100        0.676629        0.508492
     797        0.000100        0.675790        0.508281
     798        0.000100        0.675869        0.507803
     799        0.000100        0.676115        0.508332
     800        0.000100        0.677427        0.508599
     801        0.000100        0.677206        0.508763
     802        0.000100        0.677120        0.508161
     803        0.000100        0.676810        0.508316
     804        0.000100        0.677897        0.508479
     805        0.000100        0.678270        0.509022
     806        0.000100        0.678532        0.508617
     807        0.000100        0.677883        0.508550
     808        0.000100        0.678513        0.508399
     809        0.000100        0.678913        0.509022
     810        0.000100        0.679833        0.508996
     811        0.000100        0.679258        0.508983
     812        0.000100        0.679475        0.508526
     813        0.000100        0.679430        0.508897
     814        0.000100        0.680668        0.509090
     815        0.000100        0.680712        0.509457
     816        0.000100        0.680885        0.508957
     817        0.000100        0.680277        0.508951
     818        0.000100        0.681137        0.508916
     819        0.000100        0.681624        0.509608
     820        0.000100        0.682525        0.509529
     821        0.000100        0.681733        0.509410
     822        0.000100        0.681969        0.508924
     823        0.000100        0.681976        0.509374
     824        0.000100        0.683504        0.509699
     825        0.000100        0.683481        0.510053
     826        0.000100        0.683496        0.509401
     827        0.000100        0.682785        0.509378
     828        0.000100        0.683875        0.509450
     829        0.000100        0.684493        0.510254
     830        0.000100        0.685246        0.510033
     831        0.000100        0.684241        0.509810
     832        0.000100        0.684719        0.509449
     833        0.000100        0.684957        0.510082
     834        0.000100        0.686450        0.510323
     835        0.000100        0.685895        0.510385
     836        0.000100        0.686074        0.509793
     837        0.000100        0.685724        0.510049
     838        0.000100        0.687153        0.510289
     839        0.000100        0.687282        0.510793
     840        0.000100        0.687678        0.510319
     841        0.000100        0.686909        0.510286
     842        0.000100        0.687894        0.510226
     843        0.000100        0.688194        0.510895
     844        0.000100        0.689256        0.510824
     845        0.000100        0.688442        0.510757
     846        0.000100        0.688976        0.510362
     847        0.000100        0.688878        0.510812
     848        0.000100        0.690402        0.511046
     849        0.000100        0.690137        0.511331
     850        0.000100        0.690512        0.510798
     851        0.000100        0.689834        0.510869
     852        0.000100        0.691092        0.510941
     853        0.000100        0.691389        0.511639
     854        0.000100        0.692316        0.511448
     855        0.000100        0.691289        0.511296
     856        0.000100        0.691906        0.510943
     857        0.000100        0.691881        0.511503
     858        0.000100        0.693593        0.511811
     859        0.000100        0.693096        0.512001
     860        0.000100        0.693352        0.511350
     861        0.000100        0.692625        0.511469
     862        0.000100        0.694122        0.511669
     863        0.000100        0.694440        0.512406
     864        0.000100        0.695173        0.512039
     865        0.000100        0.694012        0.511845
     866        0.000100        0.694896        0.511617
     867        0.000100        0.695060        0.512338
     868        0.000100        0.696653        0.512500
     869        0.000100        0.695732        0.512454
     870        0.000100        0.696212        0.511918
     871        0.000100        0.695796        0.512273
     872        0.000100        0.697531        0.512565
     873        0.000100        0.697321        0.512990
     874        0.000100        0.697862        0.512444
     875        0.000100        0.696960        0.512476
     876        0.000100        0.698298        0.512495
     877        0.000100        0.698429        0.513204
     878        0.000100        0.699580        0.513038
     879        0.000100        0.698515        0.512934
     880        0.000100        0.699369        0.512609
     881        0.000100        0.699189        0.513155
     882        0.000100        0.700930        0.513377
     883        0.000100        0.700305        0.513572
     884        0.000100        0.700894        0.513010
     885        0.000100        0.700131        0.513183
     886        0.000100        0.701749        0.513341
     887        0.000100        0.701810        0.514013
     888        0.000100        0.702798        0.513692
     889        0.000100        0.701612        0.513555
     890        0.000100        0.702651        0.513305
     891        0.000100        0.702608        0.513984
     892        0.000100        0.704465        0.514209
     893        0.000100        0.703569        0.514266
     894        0.000100        0.704147        0.513656
     895        0.000100        0.703438        0.513905
     896        0.000100        0.705338        0.514202
     897        0.000100        0.705317        0.514836
     898        0.000100        0.706115        0.514340
     899        0.000100        0.704874        0.514222
     900        0.000100        0.706207        0.514116
     901        0.000100        0.706299        0.514917
     902        0.000100        0.707960        0.514953
     903        0.000100        0.706746        0.514828
     904        0.000100        0.707595        0.514371
     905        0.000100        0.707158        0.514839
     906        0.000100        0.709197        0.515158
     907        0.000100        0.708634        0.515480
     908        0.000100        0.709386        0.514884
     909        0.000100        0.708409        0.515005
     910        0.000100        0.710145        0.515118
     911        0.000100        0.710091        0.515822
     912        0.000100        0.711351        0.515556
     913        0.000100        0.710092        0.515446
     914        0.000100        0.711329        0.515204
     915        0.000100        0.711089        0.515839
     916        0.000100        0.713048        0.516022
     917        0.000100        0.712085        0.516118
     918        0.000100        0.712893        0.515565
     919        0.000100        0.712071        0.515826
     920        0.000100        0.714072        0.516070
     921        0.000100        0.713847        0.516665
     922        0.000100        0.714943        0.516239
     923        0.000100        0.713634        0.516151
     924        0.000100        0.715111        0.516017
     925        0.000100        0.714995        0.516768
     926        0.000100        0.716960        0.516884
     927        0.000100        0.715715        0.516829
     928        0.000100        0.716675        0.516310
     929        0.000100        0.715965        0.516678
     930        0.000100        0.718228        0.517043
     931        0.000100        0.717807        0.517531
     932        0.000100        0.718761        0.516953
     933        0.000100        0.717462        0.516933
     934        0.000100        0.719251        0.516955
     935        0.000100        0.719198        0.517771
     936        0.000100        0.720919        0.517678
     937        0.000100        0.719462        0.517508
     938        0.000100        0.720720        0.517153
     939        0.000100        0.720249        0.517730
     940        0.000100        0.722418        0.518006
     941        0.000100        0.721460        0.518205
     942        0.000100        0.722485        0.517621
     943        0.000100        0.721445        0.517827
     944        0.000100        0.723582        0.518032
     945        0.000100        0.723286        0.518691
     946        0.000100        0.724666        0.518331
     947        0.000100        0.723217        0.518253
     948        0.000100        0.724839        0.518094
     949        0.000100        0.724489        0.518809
     950        0.000100        0.726612        0.518920
     951        0.000100        0.725304        0.518939
     952        0.000100        0.726505        0.518442
     953        0.000100        0.725616        0.518809
     954        0.000100        0.727966        0.519106
     955        0.000100        0.727382        0.519616
     956        0.000100        0.728631        0.519106
     957        0.000100        0.727192        0.519103
     958        0.000100        0.729097        0.519068
     959        0.000100        0.728826        0.519875
     960        0.000100        0.730863        0.519852
     961        0.000100        0.729307        0.519751
     962        0.000100        0.730664        0.519306
     963        0.000100        0.729905        0.519824
     964        0.000100        0.732469        0.520166
     965        0.000100        0.731596        0.520534
     966        0.000100        0.732778        0.519904
     967        0.000100        0.731400        0.520005
     968        0.000100        0.733410        0.520118
     969        0.000100        0.733071        0.520919
     970        0.000100        0.734846        0.520668
     971        0.000100        0.733163        0.520527
     972        0.000100        0.734840        0.520243
     973        0.000100        0.734280        0.520937
     974        0.000100        0.736799        0.521159
     975        0.000100        0.735472        0.521270
     976        0.000100        0.736537        0.520652
     977        0.000100        0.735360        0.520953
     978        0.000100        0.737873        0.521210
     979        0.000100        0.737257        0.521807
     980        0.000100        0.738796        0.521338
     981        0.000100        0.737205        0.521316
     982        0.000100        0.739259        0.521231
     983        0.000100        0.738784        0.522001
     984        0.000100        0.741077        0.522003
     985        0.000100        0.739474        0.521968
     986        0.000100        0.741057        0.521512
     987        0.000100        0.740110        0.521996
     988        0.000100        0.742806        0.522285
     989        0.000100        0.741862        0.522698
     990        0.000100        0.743342        0.522125
     991        0.000100        0.741810        0.522204
     992        0.000100        0.744165        0.522262
     993        0.000100        0.743715        0.523064
     994        0.000100        0.745858        0.522901
     995        0.000100        0.744060        0.522788
     996        0.000100        0.745859        0.522416
     997        0.000100        0.745052        0.523051
     998        0.000100        0.747897        0.523345
     999        0.000100        0.746614        0.523584
    1000        0.000100        0.748111        0.522951
    1001        0.000100        0.746675        0.523155
    1002        0.000100        0.749343        0.523362
    1003        0.000100        0.764566        0.528536
    1004        0.000100        0.780135        0.535290
    1005        0.000100        0.772257        0.532097
    1006        0.000100        0.772653        0.531478
    1007        0.000100        0.773569        0.533441
    1008        0.000100        0.775314        0.533858
    1009        0.000100        0.774043        0.533739
    1010        0.000100        0.774091        0.533365
    1011        0.000100        0.773643        0.533932
    1012        0.000100        0.774048        0.533990
    1013        0.000100        0.771855        0.533261
    1014        0.000100        0.770387        0.532246
    1015        0.000100        0.772092        0.533753
    1016        0.000100        0.773742        0.533821
    1017        0.000050        0.773147        0.534290
    1018        0.000050        0.789388        0.543211
    1019        0.000050        0.787277        0.542360
    1020        0.000050        0.786357        0.541963
    1021        0.000050        0.786000        0.541844
    1022        0.000050        0.785225        0.541456
    1023        0.000050        0.786174        0.542012
    1024        0.000050        0.785545        0.541763
    1025        0.000050        0.785183        0.541604
    1026        0.000050        0.784638        0.541290
    1027        0.000050        0.784816        0.541438
    1028        0.000050        0.785006        0.541604
    1029        0.000050        0.783609        0.540931
    1030        0.000050        0.784124        0.541191
    1031        0.000050        0.783601        0.540961
    1032        0.000050        0.783563        0.540967
    1033        0.000050        0.782917        0.540637
    1034        0.000050        0.782458        0.540402
    1035        0.000050        0.782254        0.540347
    1036        0.000050        0.781557        0.539978
    1037        0.000050        0.781369        0.539867
    1038        0.000050        0.781442        0.539962
    1039        0.000050        0.779826        0.539113
    1040        0.000050        0.779897        0.539116
    1041        0.000050        0.779334        0.538847
    1042        0.000050        0.778199        0.538238
    1043        0.000050        0.777513        0.537858
    1044        0.000050        0.777158        0.537678
    1045        0.000050        0.776175        0.537160
    1046        0.000050        0.774558        0.536287
    1047        0.000050        0.773985        0.535995
    1048        0.000050        0.772925        0.535415
    1049        0.000050        0.771473        0.534657
    1050        0.000050        0.770034        0.533871
    1051        0.000050        0.768782        0.533190
    1052        0.000050        0.767063        0.532276
    1053        0.000050        0.765558        0.531474
    1054        0.000050        0.763912        0.530603
    1055        0.000050        0.761498        0.529314
    1056        0.000050        0.760331        0.528699
    1057        0.000050        0.758029        0.527468
    1058        0.000050        0.757258        0.527113
    1059        0.000050        0.754342        0.525656
    1060        0.000050        0.754258        0.525759
    1061        0.000050        0.751778        0.524630
    1062        0.000050        0.751900        0.524933
    1063        0.000050        0.749877        0.524072
    1064        0.000050        0.750596        0.524814
    1065        0.000050        0.749161        0.524291
    1066        0.000050        0.750320        0.525429
    1067        0.000050        0.749373        0.525282
    1068        0.000050        0.751004        0.526747
    1069        0.000050        0.750595        0.526975
    1070        0.000050        0.751787        0.528209
    1071        0.000050        0.752421        0.529006
    1072        0.000050        0.753166        0.529884
    1073        0.000050        0.753681        0.530598
    1074        0.000050        0.754362        0.531374
    1075        0.000050        0.754740        0.531935
    1076        0.000050        0.755245        0.532530
    1077        0.000050        0.755333        0.532826
    1078        0.000050        0.755724        0.533293
    1079        0.000050        0.755592        0.533381
    1080        0.000050        0.755696        0.533586
    1081        0.000050        0.755698        0.533721
    1082        0.000050        0.755527        0.533721
    1083        0.000050        0.755611        0.533855
    1084        0.000050        0.755372        0.533767
    1085        0.000050        0.755103        0.533659
    1086        0.000050        0.754959        0.533635
    1087        0.000050        0.754956        0.533702
    1088        0.000050        0.754623        0.533530
    1089        0.000050        0.754466        0.533451
    1090        0.000050        0.754135        0.533267
    1091        0.000050        0.753865        0.533129
    1092        0.000050        0.753790        0.533141
    1093        0.000050        0.753666        0.533120
    1094        0.000050        0.753502        0.533044
    1095        0.000050        0.752931        0.532716
    1096        0.000050        0.753147        0.532932
    1097        0.000050        0.752800        0.532730
    1098        0.000050        0.752486        0.532573
    1099        0.000050        0.752245        0.532486
    1100        0.000050        0.752215        0.532532
    1101        0.000050        0.752014        0.532447
    1102        0.000050        0.751672        0.532273
    1103        0.000050        0.751515        0.532227
    1104        0.000050        0.751287        0.532147
    1105        0.000050        0.751184        0.532160
    1106        0.000050        0.750906        0.532035
    1107        0.000050        0.750750        0.532020
    1108        0.000050        0.750723        0.532090
    1109        0.000050        0.750269        0.531881
    1110        0.000050        0.749854        0.531665
    1111        0.000050        0.749819        0.531740
    1112        0.000050        0.749697        0.531736
    1113        0.000050        0.749808        0.531877
    1114        0.000050        0.749591        0.531809
    1115        0.000050        0.748887        0.531445
    1116        0.000050        0.748298        0.531125
    1117        0.000050        0.748622        0.531463
    1118        0.000050        0.748813        0.531663
    1119        0.000050        0.748117        0.531341
    1120        0.000050        0.747634        0.531083
    1121        0.000050        0.747429        0.531071
    1122        0.000050        0.747406        0.531158
    1123        0.000050        0.747207        0.531159
    1124        0.000050        0.746755        0.530934
    1125        0.000050        0.746596        0.530965
    1126        0.000050        0.746284        0.530836
    1127        0.000050        0.746032        0.530800
    1128        0.000050        0.745958        0.530881
    1129        0.000050        0.745523        0.530720
    1130        0.000050        0.745511        0.530828
    1131        0.000050        0.745160        0.530696
    1132        0.000050        0.744616        0.530491
    1133        0.000050        0.744354        0.530415
    1134        0.000050        0.744147        0.530385
    1135        0.000050        0.743910        0.530388
    1136        0.000050        0.743694        0.530369
    1137        0.000050        0.743545        0.530432
    1138        0.000050        0.743240        0.530316
    1139        0.000050        0.742872        0.530181
    1140        0.000050        0.742820        0.530283
    1141        0.000050        0.742594        0.530280
    1142        0.000050        0.742066        0.530045
    1143        0.000050        0.741808        0.530016
    1144        0.000050        0.741746        0.530065
    1145        0.000050        0.741658        0.530152
    1146        0.000050        0.741315        0.530039
    1147        0.000050        0.740864        0.529898
    1148        0.000050        0.740528        0.529748
    1149        0.000050        0.740603        0.529916
    1150        0.000050        0.740519        0.529909
    1151        0.000050        0.739997        0.529824
    1152        0.000050        0.739480        0.529501
    1153        0.000050        0.739318        0.529585
    1154        0.000050        0.739546        0.529728
    1155        0.000050        0.739209        0.529749
    1156        0.000050        0.738809        0.529519
    1157        0.000050        0.738476        0.529534
    1158        0.000050        0.738506        0.529507
    1159        0.000050        0.738017        0.529449
    1160        0.000050        0.737835        0.529303
    1161        0.000050        0.737459        0.529386
    1162        0.000050        0.737609        0.529379
    1163        0.000050        0.737111        0.529393
    1164        0.000050        0.737113        0.529262
    1165        0.000050        0.736444        0.529182
    1166        0.000050        0.736601        0.529142
    1167        0.000050        0.736394        0.529350
    1168        0.000050        0.736363        0.529165
    1169        0.000050        0.735751        0.529132
    1170        0.000050        0.735700        0.528924
    1171        0.000050        0.735318        0.529062
    1172        0.000050        0.735585        0.529065
    1173        0.000050        0.734886        0.528960
    1174        0.000050        0.735059        0.528934
    1175        0.000050        0.734594        0.528922
    1176        0.000050        0.734783        0.528940
    1177        0.000050        0.734411        0.528981
    1178        0.000050        0.734342        0.528810
    1179        0.000050        0.733643        0.528663
    1180        0.000050        0.733881        0.528673
    1181        0.000050        0.733334        0.528626
    1182        0.000050        0.733573        0.528675
    1183        0.000050        0.733476        0.528891
    1184        0.000050        0.733471        0.528785
    1185        0.000050        0.732831        0.528646
    1186        0.000050        0.733016        0.528659
    1187        0.000050        0.732852        0.528778
    1188        0.000050        0.732945        0.528685
    1189        0.000050        0.731938        0.528349
    1190        0.000050        0.732350        0.528444
    1191        0.000050        0.731929        0.528489
    1192        0.000050        0.732703        0.528770
    1193        0.000050        0.732223        0.528844
    1194        0.000050        0.731807        0.528322
    1195        0.000050        0.731169        0.528324
    1196        0.000050        0.731936        0.528528
    1197        0.000050        0.731477        0.528578
    1198        0.000050        0.731430        0.528355
    1199        0.000050        0.730747        0.528229
    1200        0.000050        0.731260        0.528354
    1201        0.000050        0.731236        0.528670
    1202        0.000050        0.731042        0.528422
    1203        0.000050        0.730539        0.528394
    1204        0.000050        0.730903        0.528403
    1205        0.000050        0.730516        0.528406
    1206        0.000050        0.730825        0.528349
    1207        0.000050        0.730094        0.528214
    1208        0.000050        0.730535        0.528238
    1209        0.000050        0.730306        0.528412
    1210        0.000050        0.730712        0.528393
    1211        0.000050        0.730201        0.528453
    1212        0.000050        0.730472        0.528347
    1213        0.000050        0.730094        0.528464
    1214        0.000050        0.730277        0.528206
    1215        0.000050        0.729750        0.528214
    1216        0.000050        0.730019        0.528113
    1217        0.000050        0.729955        0.528367
    1218        0.000050        0.730161        0.528263
    1219        0.000050        0.729708        0.528286
    1220        0.000050        0.730174        0.528304
    1221        0.000050        0.729559        0.528220
    1222        0.000050        0.729890        0.528123
    1223        0.000050        0.729324        0.528129
    1224        0.000050        0.730372        0.528457
    1225        0.000050        0.729994        0.528612
    1226        0.000050        0.730071        0.528303
    1227        0.000050        0.729328        0.528146
    1228        0.000050        0.729839        0.528115
    1229        0.000050        0.729759        0.528402
    1230        0.000050        0.730280        0.528347
    1231        0.000050        0.729489        0.528214
    1232        0.000050        0.729935        0.528118
    1233        0.000050        0.729791        0.528405
    1234        0.000050        0.730638        0.528557
    1235        0.000050        0.729710        0.528366
    1236        0.000050        0.729818        0.528121
    1237        0.000050        0.729653        0.528271
    1238        0.000050        0.730403        0.528369
    1239        0.000050        0.730144        0.528514
    1240        0.000050        0.730249        0.528289
    1241        0.000050        0.729944        0.528365
    1242        0.000050        0.730718        0.528512
    1243        0.000050        0.730173        0.528467
    1244        0.000050        0.730532        0.528291
    1245        0.000050        0.729829        0.528239
    1246        0.000050        0.731015        0.528514
    1247        0.000050        0.730522        0.528636
    1248        0.000050        0.731165        0.528536
    1249        0.000050        0.730296        0.528439
    1250        0.000050        0.731240        0.528487
    1251        0.000050        0.730686        0.528578
    1252        0.000050        0.731494        0.528562
    1253        0.000050        0.730587        0.528478
    1254        0.000050        0.731299        0.528402
    1255        0.000050        0.731019        0.528647
    1256        0.000050        0.732057        0.528836
    1257        0.000050        0.731511        0.528921
    1258        0.000050        0.731539        0.528475
    1259        0.000050        0.731245        0.528528
    1260        0.000050        0.732265        0.528791
    1261        0.000050        0.731873        0.528856
    1262        0.000050        0.732455        0.528885
    1263        0.000050        0.731599        0.528569
    1264        0.000050        0.732205        0.528570
    1265        0.000050        0.732292        0.528851
    1266        0.000050        0.732897        0.528929
    1267        0.000050        0.732708        0.529012
    1268        0.000050        0.733201        0.529028
    1269        0.000050        0.732381        0.528682
    1270        0.000050        0.732862        0.528652
    1271        0.000050        0.733176        0.529010
    1272        0.000050        0.734308        0.529479
    1273        0.000050        0.733547        0.529134
    1274        0.000050        0.733678        0.528883
    1275        0.000050        0.733452        0.528904
    1276        0.000050        0.734673        0.529350
    1277        0.000050        0.734090        0.529218
    1278        0.000050        0.734273        0.528949
    1279        0.000050        0.734061        0.529036
    1280        0.000050        0.735094        0.529279
    1281        0.000050        0.734766        0.529442
    1282        0.000050        0.735669        0.529379
    1283        0.000050        0.734742        0.529397
    1284        0.000050        0.735953        0.529390
    1285        0.000050        0.735313        0.529571
    1286        0.000050        0.736271        0.529379
    1287        0.000050        0.735210        0.529363
    1288        0.000050        0.736586        0.529407
    1289        0.000050        0.735940        0.529603
    1290        0.000050        0.737034        0.529544
    1291        0.000050        0.736356        0.529636
    1292        0.000050        0.737271        0.529563
    1293        0.000050        0.736952        0.529774
    1294        0.000050        0.737730        0.529748
    1295        0.000050        0.737660        0.529987
    1296        0.000050        0.737960        0.529738
    1297        0.000050        0.737488        0.529710
    1298        0.000050        0.738497        0.529869
    1299        0.000050        0.738347        0.530031
    1300        0.000050        0.738852        0.529918
    1301        0.000050        0.738270        0.529758
    1302        0.000050        0.739160        0.529884
    1303        0.000050        0.738772        0.529888
    1304        0.000050        0.739823        0.530053
    1305        0.000050        0.739726        0.530284
    1306        0.000050        0.740485        0.530285
    1307        0.000050        0.739977        0.530244
    1308        0.000050        0.740564        0.530149
    1309        0.000050        0.740321        0.530323
    1310        0.000050        0.741721        0.530627
    1311        0.000050        0.740988        0.530480
    1312        0.000050        0.741286        0.530088
    1313        0.000050        0.740791        0.530084
    1314        0.000050        0.742440        0.530594
    1315        0.000050        0.742280        0.530852
    1316        0.000050        0.742669        0.530537
    1317        0.000050        0.742017        0.530470
    1318        0.000025        0.743368        0.530729
    1319        0.000025        0.750434        0.537502
    1320        0.000025        0.750343        0.538215
    1321        0.000025        0.748556        0.537061
    1322        0.000025        0.747214        0.536160
    1323        0.000025        0.746335        0.535527
    1324        0.000025        0.745621        0.534953
    1325        0.000025        0.745227        0.534569
    1326        0.000025        0.745011        0.534292
    1327        0.000025        0.744688        0.533950
    1328        0.000025        0.744784        0.533880
    1329        0.000025        0.744414        0.533517
    1330        0.000025        0.744780        0.533640
    1331        0.000025        0.744454        0.533300
    1332        0.000025        0.744894        0.533477
    1333        0.000025        0.744612        0.533172
    1334        0.000025        0.745040        0.533372
    1335        0.000025        0.744756        0.533084
    1336        0.000025        0.745198        0.533293
    1337        0.000025        0.744967        0.533046
    1338        0.000025        0.745350        0.533234
    1339        0.000025        0.745149        0.533021
    1340        0.000025        0.745499        0.533183
    1341        0.000025        0.745455        0.533058
    1342        0.000025        0.745631        0.533116
    1343        0.000025        0.745745        0.533119
    1344        0.000025        0.745774        0.533082
    1345        0.000025        0.745935        0.533122
    1346        0.000025        0.745970        0.533088
    1347        0.000025        0.746143        0.533145
    1348        0.000025        0.746156        0.533104
    1349        0.000025        0.746288        0.533131
    1350        0.000025        0.746468        0.533206
    1351        0.000025        0.746458        0.533145
    1352        0.000025        0.746643        0.533206
    1353        0.000025        0.746761        0.533244
    1354        0.000025        0.746769        0.533204
    1355        0.000025        0.746924        0.533266
    1356        0.000025        0.746909        0.533221
    1357        0.000025        0.747110        0.533307
    1358        0.000025        0.747131        0.533282
    1359        0.000025        0.747198        0.533291
    1360        0.000025        0.747342        0.533359
    1361        0.000025        0.747283        0.533285
    1362        0.000025        0.747464        0.533374
    1363        0.000025        0.747546        0.533391
    1364        0.000025        0.747532        0.533343
    1365        0.000025        0.747688        0.533422
    1366        0.000025        0.747780        0.533455
    1367        0.000025        0.747808        0.533443
    1368        0.000025        0.747830        0.533428
    1369        0.000025        0.747923        0.533474
    1370        0.000025        0.748147        0.533590
    1371        0.000025        0.748046        0.533484
    1372        0.000025        0.748153        0.533535
    1373        0.000025        0.748185        0.533529
    1374        0.000025        0.748237        0.533547
    1375        0.000025        0.748402        0.533636
    1376        0.000025        0.748393        0.533593
    1377        0.000025        0.748374        0.533567
    1378        0.000025        0.748619        0.533705
    1379        0.000025        0.748479        0.533587
    1380        0.000025        0.748683        0.533691
    1381        0.000025        0.748669        0.533663
    1382        0.000025        0.748766        0.533700
    1383        0.000025        0.748886        0.533764
    1384        0.000025        0.748853        0.533704
    1385        0.000025        0.748954        0.533748
    1386        0.000025        0.749047        0.533800
    1387        0.000025        0.749036        0.533778
    1388        0.000025        0.749109        0.533795
    1389        0.000025        0.749164        0.533828
    1390        0.000025        0.749224        0.533837
    1391        0.000025        0.749329        0.533879
    1392        0.000025        0.749359        0.533895
    1393        0.000025        0.749250        0.533810
    1394        0.000025        0.749436        0.533917
    1395        0.000025        0.749492        0.533958
    1396        0.000025        0.749381        0.533862
    1397        0.000025        0.749465        0.533922
    1398        0.000025        0.749782        0.534118
    1399        0.000025        0.749607        0.533968
    1400        0.000025        0.749584        0.533943
    1401        0.000025        0.749729        0.534073
    1402        0.000025        0.749700        0.534027
    1403        0.000025        0.749576        0.533955
    1404        0.000025        0.749972        0.534208
    1405        0.000025        0.749870        0.534129
    1406        0.000025        0.749704        0.533998
    1407        0.000025        0.749857        0.534125
    1408        0.000025        0.749979        0.534191
    1409        0.000025        0.749980        0.534174
    1410        0.000025        0.750018        0.534172
    1411        0.000025        0.749978        0.534185
    1412        0.000025        0.749975        0.534167
    1413        0.000025        0.749890        0.534122
    1414        0.000025        0.750167        0.534272
    1415        0.000025        0.750181        0.534313
    1416        0.000025        0.750047        0.534202
    1417        0.000025        0.750090        0.534234
    1418        0.000025        0.750208        0.534300
    1419        0.000025        0.750196        0.534330
    1420        0.000025        0.750154        0.534295
    1421        0.000025        0.750291        0.534353
    1422        0.000025        0.750254        0.534340
    1423        0.000025        0.750363        0.534421
    1424        0.000025        0.750240        0.534325
    1425        0.000025        0.750259        0.534339
    1426        0.000025        0.750415        0.534439
    1427        0.000025        0.750415        0.534459
    1428        0.000025        0.750294        0.534352
    1429        0.000025        0.750325        0.534378
    1430        0.000025        0.750630        0.534593
    1431        0.000025        0.750484        0.534488
    1432        0.000025        0.750485        0.534486
    1433        0.000025        0.750483        0.534480
    1434        0.000025        0.750570        0.534549
    1435        0.000025        0.750484        0.534488
    1436        0.000025        0.750417        0.534474
    1437        0.000025        0.750709        0.534614
    1438        0.000025        0.750543        0.534553
    1439        0.000025        0.750517        0.534521
    1440        0.000025        0.750607        0.534580
    1441        0.000025        0.750681        0.534618
    1442        0.000025        0.750659        0.534599
    1443        0.000025        0.750618        0.534643
    1444        0.000025        0.750764        0.534670
    1445        0.000025        0.750453        0.534508
    1446        0.000025        0.750837        0.534730
    1447        0.000025        0.750804        0.534776
    1448        0.000025        0.750619        0.534550
    1449        0.000025        0.750629        0.534608
    1450        0.000025        0.750942        0.534799
    1451        0.000025        0.750872        0.534797
    1452        0.000025        0.750736        0.534623
    1453        0.000025        0.750894        0.534747
    1454        0.000025        0.750991        0.534802
    1455        0.000025        0.750781        0.534667
    1456        0.000025        0.750776        0.534652
    1457        0.000025        0.750978        0.534781
    1458        0.000025        0.750971        0.534778
    1459        0.000025        0.750956        0.534780
    1460        0.000025        0.751125        0.534870
    1461        0.000025        0.751155        0.534887
    1462        0.000025        0.751069        0.534842
    1463        0.000025        0.751019        0.534803
    1464        0.000025        0.751063        0.534832
    1465        0.000025        0.751395        0.535019
    1466        0.000025        0.751259        0.534929
    1467        0.000025        0.751093        0.534806
    1468        0.000025        0.751019        0.534767
    1469        0.000025        0.751119        0.534847
    1470        0.000025        0.751486        0.535076
    1471        0.000025        0.751402        0.534980
    1472        0.000025        0.751239        0.534889
    1473        0.000025        0.751237        0.534874
    1474        0.000025        0.751408        0.534991
    1475        0.000025        0.751634        0.535133
    1476        0.000025        0.751516        0.535055
    1477        0.000025        0.751437        0.534893
    1478        0.000025        0.751347        0.534914
    1479        0.000025        0.751754        0.535177
    1480        0.000025        0.751678        0.535140
    1481        0.000025        0.751399        0.534938
    1482        0.000025        0.751607        0.535070
    1483        0.000025        0.751886        0.535260
    1484        0.000025        0.751702        0.535146
    1485        0.000025        0.751541        0.535044
    1486        0.000025        0.751942        0.535292
    1487        0.000025        0.751991        0.535339
    1488        0.000025        0.751843        0.535228
    1489        0.000025        0.751758        0.535160
    1490        0.000025        0.751860        0.535209
    1491        0.000025        0.752194        0.535429
    1492        0.000025        0.752030        0.535289
    1493        0.000025        0.751925        0.535280
    1494        0.000025        0.752139        0.535395
    1495        0.000025        0.752174        0.535439
    1496        0.000025        0.752424        0.535537
    1497        0.000025        0.752271        0.535455
    1498        0.000025        0.752346        0.535471
    1499        0.000025        0.752348        0.535494
    1500        0.000025        0.752290        0.535397
    1501        0.000025        0.752223        0.535417
    1502        0.000025        0.752544        0.535558
    1503        0.000025        0.752586        0.535651
    1504        0.000025        0.752539        0.535548
    1505        0.000025        0.752393        0.535541
    1506        0.000025        0.752720        0.535682
    1507        0.000025        0.752744        0.535743
    1508        0.000025        0.752827        0.535731
    1509        0.000025        0.752633        0.535594
    1510        0.000025        0.752703        0.535620
    1511        0.000025        0.752985        0.535846
    1512        0.000025        0.753183        0.535932
    1513        0.000025        0.752823        0.535672
    1514        0.000025        0.752812        0.535642
    1515        0.000025        0.753143        0.535892
    1516        0.000025        0.753190        0.535934
    1517        0.000025        0.752998        0.535786
    1518        0.000025        0.753129        0.535848
    1519        0.000025        0.753475        0.536043
    1520        0.000025        0.753330        0.535974
    1521        0.000025        0.753320        0.535922
    1522        0.000025        0.753568        0.536085
    1523        0.000025        0.753675        0.536126
    1524        0.000025        0.753412        0.535958
    1525        0.000025        0.753296        0.535862
    1526        0.000025        0.753420        0.535954
    1527        0.000025        0.753616        0.536094
    1528        0.000025        0.753804        0.536222
    1529        0.000025        0.753800        0.536159
    1530        0.000025        0.753811        0.536180
    1531        0.000025        0.754030        0.536267
    1532        0.000025        0.753939        0.536185
    1533        0.000025        0.753910        0.536153
    1534        0.000025        0.754091        0.536290
    1535        0.000025        0.754352        0.536423
    1536        0.000025        0.754392        0.536412
    1537        0.000025        0.754313        0.536312
    1538        0.000025        0.754355        0.536362
    1539        0.000025        0.754352        0.536336
    1540        0.000025        0.754346        0.536373
    1541        0.000025        0.754589        0.536434
    1542        0.000025        0.754609        0.536486
    1543        0.000025        0.754821        0.536524
    1544        0.000025        0.754574        0.536426
    1545        0.000025        0.754665        0.536385
    1546        0.000025        0.754935        0.536670
    1547        0.000025        0.755221        0.536701
    1548        0.000025        0.754978        0.536603
    1549        0.000025        0.755008        0.536523
    1550        0.000025        0.755058        0.536667
    1551        0.000025        0.755368        0.536728
    1552        0.000025        0.755262        0.536730
    1553        0.000025        0.755541        0.536763
    1554        0.000025        0.755378        0.536734
    1555        0.000025        0.755462        0.536715
    1556        0.000025        0.755459        0.536763
    1557        0.000025        0.755633        0.536776
    1558        0.000025        0.755850        0.536967
    1559        0.000025        0.756047        0.536998
    1560        0.000025        0.755913        0.536942
    1561        0.000025        0.756021        0.536872
    1562        0.000025        0.755839        0.536868
    1563        0.000025        0.756130        0.536974
    1564        0.000025        0.756286        0.537092
    1565        0.000025        0.756300        0.536970
    1566        0.000025        0.756405        0.537113
    1567        0.000025        0.756518        0.537139
    1568        0.000025        0.756388        0.537025
    1569        0.000025        0.756410        0.536956
    1570        0.000025        0.756725        0.537231
    1571        0.000025        0.756883        0.537250
    1572        0.000025        0.756872        0.537197
    1573        0.000025        0.756985        0.537210
    1574        0.000025        0.757127        0.537324
    1575        0.000025        0.757157        0.537265
    1576        0.000025        0.757086        0.537214
    1577        0.000025        0.757389        0.537349
    1578        0.000025        0.757209        0.537276
    1579        0.000025        0.757648        0.537495
    1580        0.000025        0.757725        0.537532
    1581        0.000025        0.757797        0.537462
    1582        0.000025        0.757793        0.537540
    1583        0.000025        0.757788        0.537402
    1584        0.000025        0.757831        0.537473
    1585        0.000025        0.758146        0.537589
    1586        0.000025        0.758162        0.537615
    1587        0.000025        0.758195        0.537552
    1588        0.000025        0.758158        0.537534
    1589        0.000025        0.758584        0.537757
    1590        0.000025        0.758844        0.537884
    1591        0.000025        0.758762        0.537749
    1592        0.000025        0.758823        0.537770
    1593        0.000025        0.758874        0.537762
    1594        0.000025        0.758863        0.537767
    1595        0.000025        0.758878        0.537704
    1596        0.000025        0.758882        0.537716
    1597        0.000025        0.759416        0.537997
    1598        0.000025        0.759589        0.538086
    1599        0.000025        0.759627        0.538015
    1600        0.000025        0.759447        0.537897
    1601        0.000025        0.759663        0.537932
    1602        0.000025        0.759770        0.538091
    1603        0.000025        0.759881        0.537967
    1604        0.000025        0.759784        0.538000
    1605        0.000025        0.760091        0.537988
    1606        0.000025        0.760235        0.538225
    1607        0.000025        0.760554        0.538265
    1608        0.000025        0.760389        0.538183
    1609        0.000025        0.760398        0.538073
    1610        0.000025        0.760755        0.538376
    1611        0.000025        0.760856        0.538306
    1612        0.000025        0.760738        0.538234
    1613        0.000025        0.760813        0.538216
    1614        0.000025        0.761155        0.538440
    1615        0.000025        0.761420        0.538495
    1616        0.000025        0.761304        0.538399
    1617        0.000025        0.761571        0.538525
    1618        0.000025        0.761705        0.538587
    1619        0.000013        0.761507        0.538394
    1620        0.000013        0.759994        0.537131
    1621        0.000013        0.760191        0.537174
    1622        0.000013        0.760170        0.537101
    1623        0.000013        0.760317        0.537147
    1624        0.000013        0.760437        0.537154
    1625        0.000013        0.760628        0.537203
    1626        0.000013        0.760706        0.537187
    1627        0.000013        0.760931        0.537257
    1628        0.000013        0.761005        0.537240
    1629        0.000013        0.761018        0.537203
    1630        0.000013        0.761262        0.537286
    1631        0.000013        0.761322        0.537261
    1632        0.000013        0.761486        0.537315
    1633        0.000013        0.761559        0.537303
    1634        0.000013        0.761694        0.537333
    1635        0.000013        0.761789        0.537339
    1636        0.000013        0.762005        0.537416
    1637        0.000013        0.762074        0.537402
    1638        0.000013        0.762130        0.537390
    1639        0.000013        0.762285        0.537439
    1640        0.000013        0.762412        0.537459
    1641        0.000013        0.762476        0.537457
    1642        0.000013        0.762562        0.537469
    1643        0.000013        0.762795        0.537566
    1644        0.000013        0.762817        0.537534
    1645        0.000013        0.762823        0.537507
    1646        0.000013        0.763066        0.537611
    1647        0.000013        0.763143        0.537607
    1648        0.000013        0.763217        0.537620
