       0        0.000100     4237.188155       64.669533
       1        0.000100     4215.823440       64.506935
       2        0.000100     4201.863316       64.399612
       3        0.000100     4191.832075       64.322296
       4        0.000100     4183.731969       64.259766
       5        0.000100     4175.965333       64.199692
       6        0.000100     4167.844221       64.136803
       7        0.000100     4158.822276       64.066902
       8        0.000100     4148.764384       63.988937
       9        0.000100     4137.298281       63.899906
      10        0.000100     4124.239875       63.798321
      11        0.000100     4109.252669       63.681442
      12        0.000100     4091.397661       63.541969
      13        0.000100     4071.074099       63.382885
      14        0.000100     4047.662816       63.199112
      15        0.000100     4020.615664       62.986015
      16        0.000100     3988.851607       62.734711
      17        0.000100     3952.180407       62.443150
      18        0.000100     3910.716399       62.111820
      19        0.000100     3864.294710       61.738728
      20        0.000100     3812.772225       61.321865
      21        0.000100     3756.065488       60.859756
      22        0.000100     3694.145565       60.351082
      23        0.000100     3627.035048       59.794731
      24        0.000100     3554.815312       59.190178
      25        0.000100     3477.612992       58.536865
      26        0.000100     3395.596020       57.834621
      27        0.000100     3308.996211       57.083626
      28        0.000100     3218.062055       56.284103
      29        0.000100     3123.097991       55.436668
      30        0.000100     3024.427010       54.542023
      31        0.000100     2922.399849       53.601021
      32        0.000100     2817.397880       52.614819
      33        0.000100     2709.823328       51.584595
      34        0.000100     2600.097422       50.511871
      35        0.000100     2488.656301       49.398201
      36        0.000100     2375.946856       48.245319
      37        0.000100     2262.426452       47.055222
      38        0.000100     2148.555578       45.829964
      39        0.000100     2034.797387       44.571796
      40        0.000100     1921.611850       43.283112
      41        0.000100     1809.454144       41.966511
      42        0.000100     1698.768229       40.624714
      43        0.000100     1589.986650       39.260620
      44        0.000100     1483.523743       37.877254
      45        0.000100     1379.772115       36.477814
      46        0.000100     1279.102587       35.065636
      47        0.000100     1181.853978       33.644199
      48        0.000100     1088.335519       32.217052
      49        0.000100      998.821850       30.787910
      50        0.000100      913.549984       29.361008
      51        0.000100      832.717543       27.940208
      52        0.000100      756.480179       26.528959
      53        0.000100      684.949944       25.131535
      54        0.000100      618.195763       23.752611
      55        0.000100      556.241766       22.396696
      56        0.000100      499.069485       21.068182
      57        0.000100      446.617297       19.774139
      58        0.000100      398.783893       18.523558
      59        0.000100      355.431445       17.321169
      60        0.000100      316.386561       16.179924
      61        0.000100      281.446912       15.100832
      62        0.000100      250.384378       14.088570
      63        0.000100      222.951751       13.149798
      64        0.000100      198.885814       12.286977
      65        0.000100      177.913598       11.505605
      66        0.000100      159.758710       10.800839
      67        0.000100      144.144375       10.176906
      68        0.000100      130.800106        9.626135
      69        0.000100      119.464676        9.141150
      70        0.000100      109.890073        8.714192
      71        0.000100      101.843798        8.344977
      72        0.000100       95.112039        8.030587
      73        0.000100       89.499351        7.763351
      74        0.000100       84.830834        7.534810
      75        0.000100       80.951040        7.339094
      76        0.000100       77.724282        7.172068
      77        0.000100       75.032926        7.029506
      78        0.000100       72.776655        6.906750
      79        0.000100       70.870739        6.800234
      80        0.000100       69.244254        6.707974
      81        0.000100       67.838894        6.627298
      82        0.000100       66.606855        6.556311
      83        0.000100       65.509554        6.493475
      84        0.000100       64.516151        6.436087
      85        0.000100       63.602199        6.383102
      86        0.000100       62.748497        6.333593
      87        0.000100       61.940237        6.286888
      88        0.000100       61.166031        6.242576
      89        0.000100       60.417176        6.199715
      90        0.000100       59.687278        6.158020
      91        0.000100       58.971472        6.117342
      92        0.000100       58.266260        6.077304
      93        0.000100       57.569171        6.037822
      94        0.000100       56.878347        5.998684
      95        0.000100       56.192669        5.959843
      96        0.000100       55.511224        5.921232
      97        0.000100       54.833561        5.882804
      98        0.000100       54.159323        5.844587
      99        0.000100       53.488362        5.806470
     100        0.000100       52.820716        5.768445
     101        0.000100       52.156322        5.730552
     102        0.000100       51.495201        5.692665
     103        0.000100       50.837520        5.654797
     104        0.000100       50.183318        5.616965
     105        0.000100       49.532744        5.579165
     106        0.000100       48.885886        5.541318
     107        0.000100       48.242919        5.503532
     108        0.000100       47.603826        5.465779
     109        0.000100       46.968798        5.428007
     110        0.000100       46.337918        5.390222
     111        0.000100       45.711294        5.352414
     112        0.000100       45.088938        5.314599
     113        0.000100       44.471049        5.276786
     114        0.000100       43.857567        5.238992
     115        0.000100       43.248668        5.201221
     116        0.000100       42.644397        5.163483
     117        0.000100       42.044755        5.125766
     118        0.000100       41.449896        5.088036
     119        0.000100       40.859793        5.050360
     120        0.000100       40.274559        5.012782
     121        0.000100       39.694245        4.975231
     122        0.000100       39.118835        4.937650
     123        0.000100       38.548426        4.900114
     124        0.000100       37.983124        4.862625
     125        0.000100       37.422831        4.825198
     126        0.000100       36.867690        4.787818
     127        0.000100       36.317693        4.750519
     128        0.000100       35.772917        4.713329
     129        0.000100       35.233331        4.676224
     130        0.000100       34.699022        4.639156
     131        0.000100       34.170012        4.602117
     132        0.000100       33.646300        4.565164
     133        0.000100       33.127917        4.528295
     134        0.000100       32.614927        4.491491
     135        0.000100       32.107299        4.454792
     136        0.000100       31.605088        4.418221
     137        0.000100       31.108268        4.381773
     138        0.000100       30.616888        4.345433
     139        0.000100       30.130955        4.309187
     140        0.000100       29.650483        4.273059
     141        0.000100       29.175469        4.237026
     142        0.000100       28.705928        4.201086
     143        0.000100       28.241852        4.165253
     144        0.000100       27.783271        4.129519
     145        0.000100       27.330159        4.093883
     146        0.000100       26.882528        4.058393
     147        0.000100       26.440367        4.023101
     148        0.000100       26.003661        3.987954
     149        0.000100       25.572428        3.953006
     150        0.000100       25.146641        3.918272
     151        0.000100       24.726297        3.883660
     152        0.000100       24.311387        3.849277
     153        0.000100       23.901896        3.815147
     154        0.000100       23.497791        3.781240
     155        0.000100       23.099062        3.747507
     156        0.000100       22.705682        3.713892
     157        0.000100       22.317657        3.680446
     158        0.000100       21.934950        3.647134
     159        0.000100       21.557529        3.613966
     160        0.000100       21.185371        3.580976
     161        0.000100       20.818454        3.548150
     162        0.000100       20.456740        3.515536
     163        0.000100       20.100218        3.483167
     164        0.000100       19.748829        3.450999
     165        0.000100       19.402569        3.419079
     166        0.000100       19.061381        3.387349
     167        0.000100       18.725249        3.355754
     168        0.000100       18.394119        3.324327
     169        0.000100       18.067970        3.293109
     170        0.000100       17.746748        3.262134
     171        0.000100       17.430434        3.231382
     172        0.000100       17.118989        3.200830
     173        0.000100       16.812342        3.170434
     174        0.000100       16.510481        3.140255
     175        0.000100       16.213358        3.110309
     176        0.000100       15.920921        3.080547
     177        0.000100       15.633136        3.051044
     178        0.000100       15.349957        3.021763
     179        0.000100       15.071341        2.992709
     180        0.000100       14.797234        2.963861
     181        0.000100       14.527617        2.935215
     182        0.000100       14.262419        2.906744
     183        0.000100       14.001609        2.878503
     184        0.000100       13.745115        2.850443
     185        0.000100       13.492933        2.822573
     186        0.000100       13.244988        2.794905
     187        0.000100       13.001243        2.767398
     188        0.000100       12.761647        2.740130
     189        0.000100       12.526160        2.713202
     190        0.000100       12.294735        2.686505
     191        0.000100       12.067326        2.660065
     192        0.000100       11.843882        2.633822
     193        0.000100       11.624361        2.607852
     194        0.000100       11.408716        2.582142
     195        0.000100       11.196900        2.556679
     196        0.000100       10.988871        2.531537
     197        0.000100       10.784584        2.506644
     198        0.000100       10.583991        2.481999
     199        0.000100       10.387047        2.457574
     200        0.000100       10.193707        2.433399
     201        0.000100       10.003930        2.409427
     202        0.000100        9.817660        2.385783
     203        0.000100        9.634865        2.362374
     204        0.000100        9.455490        2.339251
     205        0.000100        9.279504        2.316335
     206        0.000100        9.106859        2.293635
     207        0.000100        8.937501        2.271234
     208        0.000100        8.771397        2.249035
     209        0.000100        8.608502        2.227070
     210        0.000100        8.448776        2.205323
     211        0.000100        8.292169        2.183815
     212        0.000100        8.138638        2.162532
     213        0.000100        7.988152        2.141486
     214        0.000100        7.840658        2.120634
     215        0.000100        7.696117        2.100026
     216        0.000100        7.554488        2.079679
     217        0.000100        7.415722        2.059624
     218        0.000100        7.279783        2.039808
     219        0.000100        7.146628        2.020176
     220        0.000100        7.016219        2.000762
     221        0.000100        6.888508        1.981594
     222        0.000100        6.763462        1.962698
     223        0.000100        6.641027        1.944013
     224        0.000100        6.521172        1.925558
     225        0.000100        6.403854        1.907326
     226        0.000100        6.289022        1.889255
     227        0.000100        6.176648        1.871446
     228        0.000100        6.066689        1.853945
     229        0.000100        5.959099        1.836739
     230        0.000100        5.853835        1.819775
     231        0.000100        5.750863        1.803002
     232        0.000100        5.650140        1.786463
     233        0.000100        5.551626        1.770136
     234        0.000100        5.455273        1.754049
     235        0.000100        5.361060        1.738216
     236        0.000100        5.268930        1.722610
     237        0.000100        5.178847        1.707219
     238        0.000100        5.090775        1.691996
     239        0.000100        5.004671        1.677010
     240        0.000100        4.920496        1.662257
     241        0.000100        4.838217        1.647691
     242        0.000100        4.757789        1.633329
     243        0.000100        4.679172        1.619186
     244        0.000100        4.602329        1.605299
     245        0.000100        4.527228        1.591631
     246        0.000100        4.453828        1.578212
     247        0.000100        4.382089        1.565026
     248        0.000100        4.311975        1.552060
     249        0.000100        4.243450        1.539270
     250        0.000100        4.176482        1.526721
     251        0.000100        4.111028        1.514383
     252        0.000100        4.047060        1.502272
     253        0.000100        3.984535        1.490358
     254        0.000100        3.923426        1.478598
     255        0.000100        3.863695        1.466981
     256        0.000100        3.805307        1.455549
     257        0.000100        3.748229        1.444311
     258        0.000100        3.692431        1.433278
     259        0.000100        3.637882        1.422421
     260        0.000100        3.584543        1.411792
     261        0.000100        3.532391        1.401383
     262        0.000100        3.481391        1.391127
     263        0.000100        3.431514        1.381008
     264        0.000100        3.382731        1.371056
     265        0.000100        3.335025        1.361281
     266        0.000100        3.288353        1.351657
     267        0.000100        3.242689        1.342187
     268        0.000100        3.198007        1.332903
     269        0.000100        3.154279        1.323766
     270        0.000100        3.111478        1.314796
     271        0.000100        3.069580        1.305991
     272        0.000100        3.028564        1.297348
     273        0.000100        2.988398        1.288864
     274        0.000100        2.949063        1.280491
     275        0.000100        2.910536        1.272233
     276        0.000100        2.872795        1.264096
     277        0.000100        2.835824        1.256079
     278        0.000100        2.799592        1.248175
     279        0.000100        2.764081        1.240375
     280        0.000100        2.729273        1.232685
     281        0.000100        2.695147        1.225083
     282        0.000100        2.661685        1.217581
     283        0.000100        2.628866        1.210173
     284        0.000100        2.596672        1.202852
     285        0.000100        2.565089        1.195619
     286        0.000100        2.534102        1.188463
     287        0.000100        2.503690        1.181385
     288        0.000100        2.473840        1.174386
     289        0.000100        2.444538        1.167459
     290        0.000100        2.415766        1.160600
     291        0.000100        2.387514        1.153823
     292        0.000100        2.359766        1.147114
     293        0.000100        2.332511        1.140468
     294        0.000100        2.305735        1.133915
     295        0.000100        2.279427        1.127453
     296        0.000100        2.253574        1.121058
     297        0.000100        2.228165        1.114738
     298        0.000100        2.203191        1.108491
     299        0.000100        2.178640        1.102323
     300        0.000100        2.154504        1.096216
     301        0.000100        2.130771        1.090165
     302        0.000100        2.107434        1.084184
     303        0.000100        2.084483        1.078261
     304        0.000100        2.061910        1.072412
     305        0.000100        2.039705        1.066628
     306        0.000100        2.017863        1.060913
     307        0.000100        1.996374        1.055263
     308        0.000100        1.975232        1.049665
     309        0.000100        1.954430        1.044123
     310        0.000100        1.933962        1.038637
     311        0.000100        1.913822        1.033212
     312        0.000100        1.894001        1.027846
     313        0.000100        1.874495        1.022544
     314        0.000100        1.855297        1.017299
     315        0.000100        1.836401        1.012127
     316        0.000100        1.817798        1.007007
     317        0.000100        1.799488        1.001950
     318        0.000100        1.781467        0.996944
     319        0.000100        1.763728        0.991996
     320        0.000100        1.746271        0.987115
     321        0.000100        1.729090        0.982290
     322        0.000100        1.712176        0.977503
     323        0.000100        1.695529        0.972759
     324        0.000100        1.679145        0.968058
     325        0.000100        1.663020        0.963397
     326        0.000100        1.647150        0.958783
     327        0.000100        1.631529        0.954212
     328        0.000100        1.616156        0.949704
     329        0.000100        1.601027        0.945256
     330        0.000100        1.586136        0.940841
     331        0.000100        1.571485        0.936473
     332        0.000100        1.557066        0.932148
     333        0.000100        1.542879        0.927878
     334        0.000100        1.528916        0.923651
     335        0.000100        1.515180        0.919457
     336        0.000100        1.501664        0.915307
     337        0.000100        1.488364        0.911197
     338        0.000100        1.475281        0.907135
     339        0.000100        1.462419        0.903127
     340        0.000100        1.449776        0.899168
     341        0.000100        1.437341        0.895260
     342        0.000100        1.425109        0.891406
     343        0.000100        1.413067        0.887600
     344        0.000100        1.401224        0.883840
     345        0.000100        1.389571        0.880112
     346        0.000100        1.378106        0.876427
     347        0.000100        1.366809        0.872777
     348        0.000100        1.355576        0.869148
     349        0.000100        1.344044        0.865488
     350        0.000100        1.331964        0.861580
     351        0.000100        1.320373        0.857775
     352        0.000100        1.309197        0.854061
     353        0.000100        1.298136        0.850374
     354        0.000100        1.287320        0.846756
     355        0.000100        1.276523        0.843112
     356        0.000100        1.265930        0.839547
     357        0.000100        1.255589        0.835953
     358        0.000100        1.245603        0.832526
     359        0.000100        1.235817        0.829145
     360        0.000100        1.226214        0.825806
     361        0.000100        1.216772        0.822556
     362        0.000100        1.207504        0.819384
     363        0.000100        1.198432        0.816255
     364        0.000100        1.189522        0.813172
     365        0.000100        1.180775        0.810131
     366        0.000100        1.172191        0.807138
     367        0.000100        1.163770        0.804189
     368        0.000100        1.155509        0.801293
     369        0.000100        1.147401        0.798429
     370        0.000100        1.139450        0.795597
     371        0.000100        1.131646        0.792805
     372        0.000100        1.123985        0.790046
     373        0.000100        1.116466        0.787327
     374        0.000100        1.109088        0.784647
     375        0.000100        1.101845        0.782010
     376        0.000100        1.094735        0.779417
     377        0.000100        1.087756        0.776863
     378        0.000100        1.080908        0.774337
     379        0.000100        1.074184        0.771860
     380        0.000100        1.067594        0.769426
     381        0.000100        1.061121        0.767028
     382        0.000100        1.054760        0.764655
     383        0.000100        1.048513        0.762309
     384        0.000100        1.042377        0.759993
     385        0.000100        1.036354        0.757717
     386        0.000100        1.030445        0.755469
     387        0.000100        1.024639        0.753250
     388        0.000100        1.018936        0.751068
     389        0.000100        1.013323        0.748929
     390        0.000100        1.007804        0.746826
     391        0.000100        1.002375        0.744744
     392        0.000100        0.997045        0.742688
     393        0.000100        0.991807        0.740655
     394        0.000100        0.986665        0.738641
     395        0.000100        0.981610        0.736647
     396        0.000100        0.976639        0.734681
     397        0.000100        0.971762        0.732743
     398        0.000100        0.966953        0.730839
     399        0.000100        0.962232        0.728937
     400        0.000100        0.957588        0.727057
     401        0.000100        0.953017        0.725203
     402        0.000100        0.948518        0.723362
     403        0.000100        0.944096        0.721543
     404        0.000100        0.939742        0.719752
     405        0.000100        0.935458        0.717987
     406        0.000100        0.931246        0.716233
     407        0.000100        0.927099        0.714505
     408        0.000100        0.923018        0.712811
     409        0.000100        0.918999        0.711141
     410        0.000100        0.915046        0.709488
     411        0.000100        0.911151        0.707861
     412        0.000100        0.907314        0.706252
     413        0.000100        0.903545        0.704665
     414        0.000100        0.899832        0.703096
     415        0.000100        0.896173        0.701539
     416        0.000100        0.892569        0.700003
     417        0.000100        0.889014        0.698480
     418        0.000100        0.885509        0.696972
     419        0.000100        0.882055        0.695484
     420        0.000100        0.878651        0.694015
     421        0.000100        0.875296        0.692561
     422        0.000100        0.871994        0.691123
     423        0.000100        0.868736        0.689702
     424        0.000100        0.865523        0.688296
     425        0.000100        0.862353        0.686905
     426        0.000100        0.859229        0.685528
     427        0.000100        0.856146        0.684167
     428        0.000100        0.853104        0.682818
     429        0.000100        0.850104        0.681479
     430        0.000100        0.847144        0.680158
     431        0.000100        0.844224        0.678851
     432        0.000100        0.841342        0.677556
     433        0.000100        0.838498        0.676275
     434        0.000100        0.835694        0.675005
     435        0.000100        0.832926        0.673756
     436        0.000100        0.830193        0.672521
     437        0.000100        0.827495        0.671297
     438        0.000100        0.824838        0.670091
     439        0.000100        0.822217        0.668909
     440        0.000100        0.819628        0.667741
     441        0.000100        0.817064        0.666584
     442        0.000100        0.814530        0.665437
     443        0.000100        0.812025        0.664300
     444        0.000100        0.809551        0.663168
     445        0.000100        0.807109        0.662044
     446        0.000100        0.804695        0.660929
     447        0.000100        0.802309        0.659828
     448        0.000100        0.799953        0.658744
     449        0.000100        0.797624        0.657674
     450        0.000100        0.795323        0.656619
     451        0.000100        0.793047        0.655580
     452        0.000100        0.790799        0.654552
     453        0.000100        0.788577        0.653538
     454        0.000100        0.786381        0.652534
     455        0.000100        0.784209        0.651536
     456        0.000100        0.782062        0.650544
     457        0.000100        0.779937        0.649562
     458        0.000100        0.777838        0.648591
     459        0.000100        0.775761        0.647626
     460        0.000100        0.773708        0.646663
     461        0.000100        0.771678        0.645708
     462        0.000100        0.769671        0.644759
     463        0.000100        0.767684        0.643817
     464        0.000100        0.765720        0.642880
     465        0.000100        0.763776        0.641952
     466        0.000100        0.761852        0.641033
     467        0.000100        0.759950        0.640119
     468        0.000100        0.758068        0.639212
     469        0.000100        0.756205        0.638314
     470        0.000100        0.754364        0.637424
     471        0.000100        0.752541        0.636544
     472        0.000100        0.750736        0.635672
     473        0.000100        0.748950        0.634806
     474        0.000100        0.747184        0.633950
     475        0.000100        0.745436        0.633102
     476        0.000100        0.743710        0.632258
     477        0.000100        0.742009        0.631426
     478        0.000100        0.740320        0.630597
     479        0.000100        0.738640        0.629771
     480        0.000100        0.736978        0.628950
     481        0.000100        0.735335        0.628137
     482        0.000100        0.733708        0.627331
     483        0.000100        0.732096        0.626531
     484        0.000100        0.730503        0.625736
     485        0.000100        0.728925        0.624948
     486        0.000100        0.727363        0.624167
     487        0.000100        0.725817        0.623392
     488        0.000100        0.724286        0.622620
     489        0.000100        0.722770        0.621852
     490        0.000100        0.721269        0.621092
     491        0.000100        0.719783        0.620336
     492        0.000100        0.718314        0.619586
     493        0.000100        0.716856        0.618841
     494        0.000100        0.715415        0.618101
     495        0.000100        0.713989        0.617365
     496        0.000100        0.712578        0.616633
     497        0.000100        0.711179        0.615905
     498        0.000100        0.709796        0.615186
     499        0.000100        0.708426        0.614473
     500        0.000100        0.707068        0.613763
     501        0.000100        0.705726        0.613059
     502        0.000100        0.704396        0.612360
     503        0.000100        0.703078        0.611667
     504        0.000100        0.701776        0.610979
     505        0.000100        0.700485        0.610293
     506        0.000100        0.699208        0.609614
     507        0.000100        0.697945        0.608939
     508        0.000100        0.696692        0.608267
     509        0.000100        0.695454        0.607598
     510        0.000100        0.694226        0.606929
     511        0.000100        0.693013        0.606267
     512        0.000100        0.691810        0.605617
     513        0.000100        0.690619        0.604979
     514        0.000100        0.689440        0.604348
     515        0.000100        0.688275        0.603722
     516        0.000100        0.687120        0.603103
     517        0.000100        0.685978        0.602492
     518        0.000100        0.684846        0.601885
     519        0.000100        0.683725        0.601283
     520        0.000100        0.682613        0.600683
     521        0.000100        0.681515        0.600087
     522        0.000100        0.680428        0.599497
     523        0.000100        0.679351        0.598912
     524        0.000100        0.678286        0.598332
     525        0.000100        0.677231        0.597760
     526        0.000100        0.676185        0.597192
     527        0.000100        0.675154        0.596632
     528        0.000100        0.674128        0.596075
     529        0.000100        0.673118        0.595524
     530        0.000100        0.672115        0.594977
     531        0.000100        0.671118        0.594436
     532        0.000100        0.670138        0.593909
     533        0.000100        0.669169        0.593383
     534        0.000100        0.668199        0.592860
     535        0.000100        0.667256        0.592344
     536        0.000100        0.666301        0.591825
     537        0.000100        0.665386        0.591319
     538        0.000100        0.664435        0.590801
     539        0.000100        0.663563        0.590308
     540        0.000100        0.662592        0.589785
     541        0.000100        0.661782        0.589311
     542        0.000100        0.660814        0.588788
     543        0.000100        0.659998        0.588311
     544        0.000100        0.659104        0.587821
     545        0.000100        0.658235        0.587335
     546        0.000100        0.657422        0.586875
     547        0.000100        0.656529        0.586381
     548        0.000100        0.655761        0.585934
     549        0.000100        0.654874        0.585445
     550        0.000100        0.654118        0.585006
     551        0.000100        0.653265        0.584535
     552        0.000100        0.652500        0.584091
     553        0.000100        0.651700        0.583639
     554        0.000100        0.650912        0.583184
     555        0.000100        0.650165        0.582748
     556        0.000100        0.649361        0.582291
     557        0.000100        0.648654        0.581868
     558        0.000100        0.647857        0.581413
     559        0.000100        0.647153        0.580987
     560        0.000100        0.646377        0.580541
     561        0.000100        0.645596        0.580090
     562        0.000100        0.644979        0.579699
     563        0.000100        0.644115        0.579223
     564        0.000100        0.643539        0.578841
     565        0.000100        0.642779        0.578402
     566        0.000100        0.642020        0.577957
     567        0.000100        0.641547        0.577613
     568        0.000100        0.640580        0.577112
     569        0.000100        0.640173        0.576793
     570        0.000100        0.639416        0.576361
     571        0.000100        0.638625        0.575915
     572        0.000100        0.638322        0.575634
     573        0.000100        0.637296        0.575114
     574        0.000100        0.636857        0.574807
     575        0.000100        0.636130        0.574416
     576        0.000100        0.635219        0.573932
     577        0.000100        0.634984        0.573672
     578        0.000100        0.634103        0.573201
     579        0.000100        0.633518        0.572829
     580        0.000100        0.633156        0.572529
     581        0.000100        0.632249        0.572041
     582        0.000100        0.631906        0.571748
     583        0.000100        0.631354        0.571380
     584        0.000100        0.630509        0.570918
     585        0.000100        0.630336        0.570681
     586        0.000100        0.629518        0.570219
     587        0.000100        0.628928        0.569845
     588        0.000100        0.628728        0.569600
     589        0.000100        0.627782        0.569089
     590        0.000100        0.627408        0.568791
     591        0.000100        0.627215        0.568540
     592        0.000100        0.626148        0.567988
     593        0.000100        0.626064        0.567788
     594        0.000100        0.625660        0.567458
     595        0.000100        0.624610        0.566921
     596        0.000100        0.624800        0.566816
     597        0.000100        0.624004        0.566347
     598        0.000100        0.623267        0.565931
     599        0.000100        0.623489        0.565820
     600        0.000100        0.622408        0.565271
     601        0.000100        0.622154        0.564993
     602        0.000100        0.621996        0.564780
     603        0.000100        0.621143        0.564282
     604        0.000100        0.620796        0.564035
     605        0.000100        0.620853        0.563824
     606        0.000100        0.619504        0.563243
     607        0.000100        0.620031        0.563201
     608        0.000100        0.619076        0.562732
     609        0.000100        0.618714        0.562394
     610        0.000100        0.618646        0.562229
     611        0.000100        0.618043        0.561812
     612        0.000100        0.617469        0.561466
     613        0.000100        0.617709        0.561357
     614        0.000100        0.616725        0.560845
     615        0.000100        0.616570        0.560615
     616        0.000100        0.616596        0.560455
     617        0.000100        0.615629        0.559934
     618        0.000100        0.615592        0.559760
     619        0.000100        0.615571        0.559565
     620        0.000100        0.614483        0.559015
     621        0.000100        0.614804        0.558955
     622        0.000100        0.614417        0.558636
     623        0.000100        0.613554        0.558158
     624        0.000100        0.613949        0.558132
     625        0.000100        0.613376        0.557735
     626        0.000100        0.612667        0.557326
     627        0.000100        0.613057        0.557324
     628        0.000100        0.611948        0.556800
     629        0.000100        0.611664        0.556531
     630        0.000100        0.611907        0.556445
     631        0.000100        0.611026        0.555946
     632        0.000100        0.610945        0.555764
     633        0.000100        0.611044        0.555606
     634        0.000100        0.610100        0.555109
     635        0.000100        0.610404        0.555040
     636        0.000100        0.610019        0.554743
     637        0.000100        0.609505        0.554373
     638        0.000100        0.609572        0.554262
     639        0.000100        0.609420        0.553998
     640        0.000100        0.608547        0.553563
     641        0.000100        0.609262        0.553616
     642        0.000100        0.608299        0.553136
     643        0.000100        0.608213        0.552930
     644        0.000100        0.608331        0.552841
     645        0.000100        0.607808        0.552464
     646        0.000100        0.607353        0.552181
     647        0.000100        0.607963        0.552222
     648        0.000100        0.606887        0.551679
     649        0.000100        0.607027        0.551580
     650        0.000100        0.607213        0.551488
     651        0.000100        0.606353        0.551011
     652        0.000100        0.606486        0.550930
     653        0.000100        0.606776        0.550823
     654        0.000100        0.605875        0.550326
     655        0.000100        0.606476        0.550371
     656        0.000100        0.606206        0.550091
     657        0.000100        0.605527        0.549719
     658        0.000100        0.605781        0.549702
     659        0.000100        0.605432        0.549379
     660        0.000100        0.604993        0.549062
     661        0.000100        0.605574        0.549098
     662        0.000100        0.604853        0.548663
     663        0.000100        0.604846        0.548502
     664        0.000100        0.605069        0.548421
     665        0.000100        0.604523        0.548037
     666        0.000100        0.604433        0.547868
     667        0.000100        0.604839        0.547828
     668        0.000100        0.603938        0.547338
     669        0.000100        0.604386        0.547338
     670        0.000100        0.604264        0.547132
     671        0.000100        0.603812        0.546784
     672        0.000100        0.603903        0.546685
     673        0.000100        0.604189        0.546594
     674        0.000100        0.603174        0.546077
     675        0.000100        0.604014        0.546216
     676        0.000100        0.603540        0.545877
     677        0.000100        0.603158        0.545565
     678        0.000100        0.603638        0.545597
     679        0.000100        0.603375        0.545303
     680        0.000100        0.602800        0.544952
     681        0.000100        0.603678        0.545099
     682        0.000100        0.602881        0.544628
     683        0.000100        0.602775        0.544468
     684        0.000100        0.603018        0.544454
     685        0.000100        0.602524        0.544056
     686        0.000100        0.602493        0.543913
     687        0.000100        0.603091        0.543916
     688        0.000100        0.602162        0.543440
     689        0.000100        0.602884        0.543493
     690        0.000100        0.602532        0.543253
     691        0.000100        0.602534        0.542984
     692        0.000100        0.602436        0.542906
     693        0.000100        0.602953        0.542773
     694        0.000100        0.601923        0.542363
     695        0.000100        0.603155        0.542517
     696        0.000100        0.602196        0.542096
     697        0.000100        0.602621        0.541978
     698        0.000100        0.602632        0.541903
     699        0.000100        0.602692        0.541649
     700        0.000100        0.602191        0.541366
     701        0.000100        0.603221        0.541518
     702        0.000100        0.602259        0.541004
     703        0.000100        0.602729        0.540978
     704        0.000100        0.602999        0.540940
     705        0.000100        0.602621        0.540574
     706        0.000100        0.602610        0.540449
     707        0.000100        0.603395        0.540533
     708        0.000100        0.602380        0.539995
     709        0.000100        0.603194        0.540125
     710        0.000100        0.603141        0.539941
     711        0.000100        0.602811        0.539618
     712        0.000100        0.603269        0.539656
     713        0.000100        0.603388        0.539479
     714        0.000100        0.602843        0.539133
     715        0.000100        0.603802        0.539296
     716        0.000100        0.603044        0.538900
     717        0.000100        0.603158        0.538790
     718        0.000100        0.603482        0.538760
     719        0.000100        0.603443        0.538495
     720        0.000100        0.603316        0.538329
     721        0.000100        0.604164        0.538404
     722        0.000100        0.603333        0.537971
     723        0.000100        0.604193        0.538054
     724        0.000100        0.604002        0.537884
     725        0.000100        0.604154        0.537669
     726        0.000100        0.604078        0.537570
     727        0.000100        0.604891        0.537595
     728        0.000100        0.603903        0.537137
     729        0.000100        0.605131        0.537353
     730        0.000100        0.604677        0.537058
     731        0.000100        0.604795        0.536866
     732        0.000100        0.605156        0.536897
     733        0.000100        0.605469        0.536749
     734        0.000100        0.604810        0.536389
     735        0.000100        0.606111        0.536671
     736        0.000100        0.605435        0.536236
     737        0.000100        0.605716        0.536140
     738        0.000100        0.606288        0.536223
     739        0.000100        0.606114        0.535909
     740        0.000100        0.606071        0.535756
     741        0.000100        0.607023        0.535900
     742        0.000100        0.606256        0.535443
     743        0.000100        0.607091        0.535549
     744        0.000100        0.607091        0.535389
     745        0.000100        0.607134        0.535174
     746        0.000100        0.607455        0.535161
     747        0.000100        0.607864        0.535064
     748        0.000100        0.607423        0.534752
     749        0.000100        0.608467        0.534919
     750        0.000100        0.607981        0.534576
     751        0.000100        0.608500        0.534530
     752        0.000100        0.608523        0.534469
     753        0.000100        0.608625        0.534273
     754        0.000100        0.608437        0.534060
     755        0.000100        0.609637        0.534245
     756        0.000100        0.608859        0.533798
     757        0.000100        0.609720        0.533875
     758        0.000100        0.609884        0.533812
     759        0.000100        0.609947        0.533548
     760        0.000100        0.610007        0.533463
     761        0.000100        0.611080        0.533608
     762        0.000100        0.610140        0.533095
     763        0.000100        0.611305        0.533310
     764        0.000100        0.611285        0.533144
     765        0.000100        0.611242        0.532866
     766        0.000100        0.611818        0.532964
     767        0.000100        0.612223        0.532843
     768        0.000100        0.611740        0.532510
     769        0.000100        0.613012        0.532765
     770        0.000100        0.612475        0.532380
     771        0.000100        0.613027        0.532350
     772        0.000100        0.613400        0.532349
     773        0.000100        0.613522        0.532119
     774        0.000100        0.613668        0.532046
     775        0.000100        0.614483        0.532087
     776        0.000100        0.613976        0.531739
     777        0.000100        0.614979        0.531869
     778        0.000100        0.614865        0.531676
     779        0.000100        0.615224        0.531531
     780        0.000100        0.615536        0.531535
     781        0.000100        0.616086        0.531446
     782        0.000100        0.615700        0.531171
     783        0.000100        0.616979        0.531392
     784        0.000100        0.616350        0.531031
     785        0.000100        0.616982        0.530983
     786        0.000100        0.617422        0.531048
     787        0.000100        0.617684        0.530823
     788        0.000100        0.617502        0.530640
     789        0.000100        0.618892        0.530912
     790        0.000100        0.618116        0.530437
     791        0.000100        0.618981        0.530518
     792        0.000100        0.619210        0.530523
     793        0.000100        0.619018        0.530210
     794        0.000100        0.619489        0.530233
     795        0.000100        0.620356        0.530270
     796        0.000100        0.619834        0.529923
     797        0.000100        0.621015        0.530112
     798        0.000100        0.620898        0.529911
     799        0.000100        0.621255        0.529766
     800        0.000100        0.621776        0.529852
     801        0.000100        0.622131        0.529667
     802        0.000100        0.622057        0.529533
     803        0.000100        0.623183        0.529668
     804        0.000100        0.622746        0.529373
     805        0.000100        0.623603        0.529400
     806        0.000100        0.623827        0.529382
     807        0.000100        0.624186        0.529190
     808        0.000100        0.624343        0.529162
     809        0.000100        0.625336        0.529213
     810        0.000100        0.624790        0.528905
     811        0.000100        0.626017        0.529060
     812        0.000100        0.625951        0.528926
     813        0.000100        0.626330        0.528750
     814        0.000100        0.626799        0.528845
     815        0.000100        0.627486        0.528758
     816        0.000100        0.627001        0.528491
     817        0.000100        0.628517        0.528765
     818        0.000100        0.628098        0.528459
     819        0.000100        0.628651        0.528383
     820        0.000100        0.629308        0.528529
     821        0.000100        0.629547        0.528283
     822        0.000100        0.629567        0.528190
     823        0.000100        0.630859        0.528379
     824        0.000100        0.630284        0.528033
     825        0.000100        0.631330        0.528126
     826        0.000100        0.631544        0.528074
     827        0.000100        0.631870        0.527902
     828        0.000100        0.632309        0.527945
     829        0.000100        0.633027        0.527895
     830        0.000100        0.632654        0.527678
     831        0.000100        0.633925        0.527848
     832        0.000100        0.633680        0.527624
     833        0.000100        0.634407        0.527595
     834        0.000100        0.634800        0.527633
     835        0.000100        0.635302        0.527496
     836        0.000100        0.635122        0.527396
     837        0.000100        0.636199        0.527520
     838        0.000100        0.635849        0.527254
     839        0.000100        0.636888        0.527314
     840        0.000100        0.637221        0.527344
     841        0.000100        0.637541        0.527146
     842        0.000100        0.637882        0.527172
     843        0.000100        0.638954        0.527245
     844        0.000100        0.638411        0.526961
     845        0.000100        0.639742        0.527131
     846        0.000100        0.639822        0.527034
     847        0.000100        0.640139        0.526865
     848        0.000100        0.640838        0.527008
     849        0.000100        0.641425        0.526884
     850        0.000100        0.641205        0.526720
     851        0.000100        0.642655        0.526948
     852        0.000100        0.642295        0.526679
     853        0.000100        0.643096        0.526676
     854        0.000100        0.643640        0.526753
     855        0.000100        0.643983        0.526578
     856        0.000100        0.644297        0.526564
     857        0.000100        0.645335        0.526630
     858        0.000100        0.645026        0.526417
     859        0.000100        0.646238        0.526539
     860        0.000100        0.646316        0.526439
     861        0.000100        0.646878        0.526347
     862        0.000100        0.647402        0.526418
     863        0.000100        0.648080        0.526330
     864        0.000100        0.647999        0.526217
     865        0.000100        0.649347        0.526373
     866        0.000100        0.649096        0.526170
     867        0.000100        0.649952        0.526172
     868        0.000100        0.650486        0.526241
     869        0.000100        0.650945        0.526092
     870        0.000100        0.651105        0.526039
     871        0.000100        0.652467        0.526204
     872        0.000100        0.652000        0.525931
     873        0.000100        0.653135        0.526013
     874        0.000100        0.653595        0.526050
     875        0.000100        0.653882        0.525857
     876        0.000100        0.654451        0.525924
     877        0.000100        0.655430        0.525937
     878        0.000100        0.655091        0.525739
     879        0.000100        0.656468        0.525919
     880        0.000100        0.655866        0.525716
     881        0.000100        0.656991        0.525694
     882        0.000100        0.657448        0.525775
     883        0.000100        0.658095        0.525666
     884        0.000100        0.658242        0.525607
     885        0.000100        0.659451        0.525715
     886        0.000100        0.659332        0.525548
     887        0.000100        0.660244        0.525572
     888        0.000100        0.660818        0.525606
     889        0.000100        0.661134        0.525460
     890        0.000100        0.661824        0.525528
     891        0.000100        0.662587        0.525510
     892        0.000100        0.662623        0.525384
     893        0.000100        0.663761        0.525492
     894        0.000100        0.664033        0.525417
     895        0.000100        0.664473        0.525320
     896        0.000100        0.665402        0.525467
     897        0.000100        0.665828        0.525329
     898        0.000100        0.665989        0.525266
     899        0.000100        0.667365        0.525416
     900        0.000100        0.667233        0.525258
     901        0.000100        0.668059        0.525234
     902        0.000100        0.668781        0.525357
     903        0.000100        0.669141        0.525186
     904        0.000100        0.669562        0.525209
     905        0.000100        0.670853        0.525288
     906        0.000100        0.670506        0.525118
     907        0.000100        0.671856        0.525202
     908        0.000100        0.672120        0.525190
     909        0.000100        0.672728        0.525086
     910        0.000100        0.673341        0.525168
     911        0.000100        0.674230        0.525119
     912        0.000100        0.674170        0.525037
     913        0.000100        0.675850        0.525166
     914        0.000100        0.675610        0.525043
     915        0.000100        0.676511        0.525030
     916        0.000100        0.677032        0.525101
     917        0.000100        0.677802        0.525006
     918        0.000100        0.678223        0.525011
     919        0.000100        0.679451        0.525072
     920        0.000100        0.679375        0.524958
     921        0.000100        0.680588        0.525009
     922        0.000100        0.681045        0.525023
     923        0.000100        0.681560        0.524909
     924        0.000100        0.682355        0.525016
     925        0.000100        0.683200        0.524967
     926        0.000100        0.683225        0.524885
     927        0.000100        0.684671        0.525011
     928        0.000100        0.684802        0.524929
     929        0.000100        0.685480        0.524853
     930        0.000100        0.686421        0.525003
     931        0.000100        0.686940        0.524864
     932        0.000100        0.687057        0.524847
     933        0.000100        0.688465        0.524955
     934        0.000100        0.688366        0.524828
     935        0.000100        0.689561        0.524851
     936        0.000100        0.690153        0.524922
     937        0.000100        0.690734        0.524801
     938        0.000100        0.691331        0.524873
     939        0.000100        0.692491        0.524871
     940        0.000100        0.692361        0.524792
     941        0.000100        0.693916        0.524889
     942        0.000100        0.693988        0.524834
     943        0.000100        0.694905        0.524790
     944        0.000100        0.695355        0.524880
     945        0.000100        0.696253        0.524788
     946        0.000100        0.696566        0.524794
     947        0.000100        0.698000        0.524870
     948        0.000100        0.697964        0.524788
     949        0.000100        0.699102        0.524795
     950        0.000100        0.699653        0.524876
     951        0.000100        0.700264        0.524754
     952        0.000100        0.700904        0.524830
     953        0.000100        0.702113        0.524845
     954        0.000100        0.702055        0.524768
     955        0.000100        0.703484        0.524842
     956        0.000100        0.703903        0.524850
     957        0.000100        0.704509        0.524748
     958        0.000100        0.705462        0.524896
     959        0.000100        0.706289        0.524812
     960        0.000100        0.706433        0.524787
     961        0.000100        0.708045        0.524898
     962        0.000100        0.708059        0.524819
     963        0.000100        0.709065        0.524789
     964        0.000100        0.709915        0.524911
     965        0.000100        0.710549        0.524792
     966        0.000100        0.711081        0.524841
     967        0.000100        0.712455        0.524879
     968        0.000100        0.712393        0.524811
     969        0.000100        0.713851        0.524868
     970        0.000100        0.714237        0.524885
     971        0.000100        0.715067        0.524812
     972        0.000100        0.715837        0.524918
     973        0.000100        0.716826        0.524871
     974        0.000100        0.717024        0.524852
     975        0.000100        0.717750        0.524874
     976        0.000100        0.718174        0.524840
     977        0.000100        0.719367        0.524816
     978        0.000100        0.720233        0.524935
     979        0.000100        0.720992        0.524849
     980        0.000100        0.721516        0.524886
     981        0.000100        0.722976        0.524944
     982        0.000100        0.722978        0.524890
     983        0.000100        0.724294        0.524906
     984        0.000100        0.724999        0.524983
     985        0.000100        0.725618        0.524884
     986        0.000100        0.726480        0.524982
     987        0.000100        0.727630        0.524974
     988        0.000100        0.727684        0.524933
     989        0.000100        0.729319        0.525013
     990        0.000100        0.729586        0.525006
     991        0.000100        0.730495        0.524950
     992        0.000100        0.731449        0.525067
     993        0.000100        0.732247        0.524991
     994        0.000100        0.732694        0.525016
     995        0.000100        0.734230        0.525067
     996        0.000100        0.734278        0.525034
     997        0.000100        0.735645        0.525049
     998        0.000100        0.736259        0.525105
     999        0.000100        0.737107        0.525040
    1000        0.000100        0.737870        0.525127
    1001        0.000100        0.739062        0.525105
    1002        0.000100        0.739260        0.525101
    1003        0.000100        0.740644        0.525148
    1004        0.000100        0.740895        0.525136
    1005        0.000100        0.742025        0.525100
    1006        0.000100        0.742952        0.525219
    1007        0.000100        0.743877        0.525143
    1008        0.000100        0.744317        0.525179
    1009        0.000100        0.745937        0.525241
    1010        0.000100        0.746067        0.525212
    1011        0.000100        0.747292        0.525192
    1012        0.000100        0.748230        0.525320
    1013        0.000100        0.748943        0.525218
    1014        0.000100        0.749672        0.525290
    1015        0.000100        0.751153        0.525325
    1016        0.000100        0.751202        0.525294
    1017        0.000100        0.752766        0.525331
    1018        0.000100        0.753366        0.525391
    1019        0.000100        0.754191        0.525310
    1020        0.000100        0.755023        0.525429
    1021        0.000100        0.756104        0.525375
    1022        0.000100        0.756435        0.525400
    1023        0.000100        0.758144        0.525460
    1024        0.000100        0.758343        0.525448
    1025        0.000100        0.759605        0.525434
    1026        0.000100        0.760474        0.525545
    1027        0.000100        0.761361        0.525462
    1028        0.000100        0.762097        0.525548
    1029        0.000100        0.763503        0.525560
    1030        0.000100        0.763750        0.525560
    1031        0.000100        0.765286        0.525594
    1032        0.000100        0.765872        0.525653
    1033        0.000100        0.766855        0.525584
    1034        0.000100        0.766978        0.525653
    1035        0.000100        0.768446        0.525615
    1036        0.000100        0.768972        0.525661
    1037        0.000100        0.770703        0.525713
    1038        0.000100        0.771054        0.525736
    1039        0.000100        0.772220        0.525698
    1040        0.000100        0.773283        0.525839
    1041        0.000100        0.774168        0.525753
    1042        0.000100        0.774776        0.525823
    1043        0.000100        0.776497        0.525866
    1044        0.000100        0.776605        0.525851
    1045        0.000100        0.778073        0.525859
    1046        0.000100        0.778975        0.525979
    1047        0.000100        0.779805        0.525883
    1048        0.000100        0.780754        0.526000
    1049        0.000100        0.782113        0.525994
    1050        0.000100        0.782373        0.526000
    1051        0.000100        0.784122        0.526054
    1052        0.000100        0.784559        0.526090
    1053        0.000100        0.785729        0.526050
    1054        0.000100        0.786742        0.526173
    1055        0.000100        0.787774        0.526113
    1056        0.000100        0.788442        0.526186
    1057        0.000100        0.790043        0.526209
    1058        0.000100        0.790368        0.526232
    1059        0.000100        0.791866        0.526238
    1060        0.000100        0.792674        0.526343
    1061        0.000100        0.793687        0.526262
    1062        0.000100        0.794636        0.526395
    1063        0.000100        0.795995        0.526367
    1064        0.000100        0.796380        0.526415
    1065        0.000100        0.798102        0.526443
    1066        0.000100        0.798662        0.526515
    1067        0.000100        0.799787        0.526447
    1068        0.000100        0.800914        0.526617
    1069        0.000100        0.802034        0.526538
    1070        0.000100        0.802550        0.526605
    1071        0.000100        0.804441        0.526665
    1072        0.000100        0.804730        0.526680
    1073        0.000100        0.806085        0.526663
    1074        0.000100        0.807220        0.526809
    1075        0.000100        0.808152        0.526717
    1076        0.000100        0.809013        0.526828
    1077        0.000100        0.810658        0.526844
    1078        0.000100        0.810957        0.526862
    1079        0.000100        0.812656        0.526890
    1080        0.000100        0.813409        0.526990
    1081        0.000100        0.814500        0.526907
    1082        0.000100        0.815628        0.527063
    1083        0.000100        0.816846        0.527006
    1084        0.000100        0.817472        0.527089
    1085        0.000100        0.819220        0.527102
    1086        0.000100        0.819688        0.527162
    1087        0.000100        0.821151        0.527141
    1088        0.000100        0.822131        0.527265
    1089        0.000100        0.823271        0.527202
    1090        0.000100        0.824144        0.527309
    1091        0.000100        0.825767        0.527317
    1092        0.000100        0.826186        0.527354
    1093        0.000100        0.827092        0.527315
    1094        0.000100        0.828284        0.527423
    1095        0.000100        0.829524        0.527364
    1096        0.000100        0.830680        0.527516
    1097        0.000100        0.832107        0.527490
    1098        0.000100        0.832576        0.527537
    1099        0.000100        0.834510        0.527589
    1100        0.000100        0.835063        0.527657
    1101        0.000100        0.836311        0.527588
    1102        0.000100        0.837596        0.527776
    1103        0.000100        0.838706        0.527681
    1104        0.000100        0.839447        0.527785
    1105        0.000100        0.841339        0.527812
    1106        0.000100        0.841691        0.527854
    1107        0.000100        0.843342        0.527847
    1108        0.000100        0.844325        0.527983
    1109        0.000100        0.845470        0.527901
    1110        0.000100        0.846561        0.528045
    1111        0.000100        0.848032        0.528012
    1112        0.000100        0.848616        0.528089
    1113        0.000100        0.850459        0.528105
    1114        0.000100        0.851100        0.528187
    1115        0.000100        0.852519        0.528145
    1116        0.000100        0.853649        0.528292
    1117        0.000100        0.854916        0.528233
    1118        0.000100        0.855754        0.528332
    1119        0.000100        0.857365        0.528345
    1120        0.000100        0.857896        0.528396
    1121        0.000100        0.859616        0.528388
    1122        0.000100        0.860693        0.528535
    1123        0.000100        0.861873        0.528439
    1124        0.000100        0.862991        0.528614
    1125        0.000100        0.864634        0.528584
    1126        0.000100        0.865109        0.528623
    1127        0.000100        0.867054        0.528682
    1128        0.000100        0.867849        0.528756
    1129        0.000100        0.869107        0.528696
    1130        0.000100        0.870418        0.528865
    1131        0.000100        0.871789        0.528815
    1132        0.000100        0.872461        0.528884
    1133        0.000100        0.874508        0.528942
    1134        0.000100        0.875019        0.528974
    1135        0.000100        0.876599        0.528969
    1136        0.000100        0.877829        0.529117
    1137        0.000100        0.879027        0.529032
    1138        0.000100        0.880110        0.529182
    1139        0.000100        0.881834        0.529173
    1140        0.000100        0.882407        0.529216
    1141        0.000100        0.884317        0.529268
    1142        0.000100        0.885155        0.529342
    1143        0.000100        0.886563        0.529300
    1144        0.000100        0.887797        0.529463
    1145        0.000100        0.889249        0.529409
    1146        0.000100        0.890055        0.529502
    1147        0.000100        0.892016        0.529542
    1148        0.000100        0.892647        0.529590
    1149        0.000100        0.894304        0.529591
    1150        0.000100        0.895509        0.529736
    1151        0.000100        0.896833        0.529658
    1152        0.000100        0.897858        0.529806
    1153        0.000100        0.899771        0.529815
    1154        0.000100        0.900295        0.529847
    1155        0.000100        0.902207        0.529902
    1156        0.000100        0.903278        0.530010
    1157        0.000100        0.904562        0.529940
    1158        0.000100        0.905837        0.530105
    1159        0.000100        0.907536        0.530093
    1160        0.000100        0.907344        0.530077
    1161        0.000100        0.909898        0.530167
    1162        0.000100        0.910742        0.530233
    1163        0.000100        0.912276        0.530207
    1164        0.000100        0.913674        0.530382
    1165        0.000100        0.915028        0.530308
    1166        0.000100        0.916016        0.530441
    1167        0.000100        0.917986        0.530458
    1168        0.000100        0.918602        0.530504
    1169        0.000100        0.920496        0.530547
    1170        0.000100        0.921556        0.530649
    1171        0.000100        0.922992        0.530594
    1172        0.000100        0.924241        0.530768
    1173        0.000100        0.925913        0.530730
    1174        0.000100        0.926684        0.530807
    1175        0.000100        0.928737        0.530866
    1176        0.000100        0.929553        0.530934
    1177        0.000100        0.931179        0.530921
    1178        0.000100        0.932490        0.531084
    1179        0.000100        0.933991        0.531017
    1180        0.000100        0.934933        0.531144
    1181        0.000100        0.937029        0.531178
    1182        0.000100        0.937682        0.531232
    1183        0.000100        0.939495        0.531242
    1184        0.000100        0.940827        0.531408
    1185        0.000100        0.942176        0.531310
    1186        0.000100        0.943359        0.531493
    1187        0.000100        0.945365        0.531488
    1188        0.000100        0.945930        0.531535
    1189        0.000100        0.948061        0.531602
    1190        0.000100        0.949080        0.531698
    1191        0.000100        0.950547        0.531630
    1192        0.000100        0.951981        0.531845
    1193        0.000100        0.953597        0.531764
    1194        0.000100        0.954160        0.531859
    1195        0.000100        0.956401        0.531905
    1196        0.000100        0.957121        0.531971
    1197        0.000100        0.958996        0.531973
    1198        0.000100        0.960243        0.532129
    1199        0.000100        0.961774        0.532056
    1200        0.000100        0.962981        0.532227
    1201        0.000100        0.964880        0.532194
    1202        0.000100        0.965695        0.532304
    1203        0.000100        0.967728        0.532306
    1204        0.000100        0.968791        0.532441
    1205        0.000100        0.971158        0.532428
    1206        0.000100        0.972575        0.532620
    1207        0.000100        0.973722        0.532505
    1208        0.000100        0.975038        0.532650
    1209        0.000100        0.977272        0.532669
    1210        0.000100        0.978101        0.532758
    1211        0.000100        0.979906        0.532725
    1212        0.000100        0.981437        0.532929
    1213        0.000100        0.982961        0.532822
    1214        0.000100        0.984158        0.532992
    1215        0.000100        0.986437        0.532994
    1216        0.000100        0.987158        0.533075
    1217        0.000100        0.989331        0.533078
    1218        0.000100        0.990657        0.533245
    1219        0.000100        0.992258        0.533147
    1220        0.000100        0.993776        0.533367
    1221        0.000100        0.995709        0.533297
    1222        0.000100        0.996646        0.533434
    1223        0.000100        0.999021        0.533441
    1224        0.000100        0.999963        0.533549
    1225        0.000100        1.001907        0.533516
    1226        0.000100        1.003401        0.533709
    1227        0.000100        1.005100        0.533611
    1228        0.000100        1.006390        0.533804
    1229        0.000100        1.008569        0.533770
    1230        0.000100        1.009499        0.533893
    1231        0.000100        1.011644        0.533868
    1232        0.000100        1.012956        0.534048
    1233        0.000100        1.014662        0.533947
    1234        0.000100        1.016156        0.534175
    1235        0.000100        1.018116        0.534098
    1236        0.000100        1.019111        0.534254
    1237        0.000100        1.021436        0.534250
    1238        0.000100        1.022529        0.534392
    1239        0.000100        1.024315        0.534309
    1240        0.000100        1.025946        0.534566
    1241        0.000100        1.027691        0.534443
    1242        0.000100        1.028797        0.534625
    1243        0.000100        1.031237        0.534630
    1244        0.000100        1.032062        0.534739
    1245        0.000100        1.034114        0.534693
    1246        0.000100        1.035668        0.534930
    1247        0.000100        1.037281        0.534795
    1248        0.000100        1.038678        0.535018
    1249        0.000100        1.040855        0.534968
    1250        0.000100        1.041715        0.535103
    1251        0.000100        1.044075        0.535104
    1252        0.000050        1.045206        0.535264
    1253        0.000050        1.044035        0.533807
    1254        0.000050        1.044940        0.533569
    1255        0.000050        1.045533        0.533480
    1256        0.000050        1.046629        0.533443
    1257        0.000050        1.047382        0.533407
    1258        0.000050        1.048143        0.533374
    1259        0.000050        1.049145        0.533363
    1260        0.000050        1.049683        0.533324
    1261        0.000050        1.050757        0.533328
    1262        0.000050        1.051764        0.533335
    1263        0.000050        1.052722        0.533342
    1264        0.000050        1.053671        0.533352
    1265        0.000050        1.054553        0.533358
    1266        0.000050        1.055520        0.533373
    1267        0.000050        1.056484        0.533390
    1268        0.000050        1.057038        0.533379
    1269        0.000050        1.058169        0.533407
    1270        0.000050        1.059231        0.533433
    1271        0.000050        1.060245        0.533461
    1272        0.000050        1.061238        0.533488
    1273        0.000050        1.062219        0.533516
    1274        0.000050        1.063210        0.533545
    1275        0.000050        1.064238        0.533577
    1276        0.000050        1.065222        0.533608
    1277        0.000050        1.066104        0.533635
    1278        0.000050        1.067087        0.533667
    1279        0.000050        1.068037        0.533699
    1280        0.000050        1.068969        0.533732
    1281        0.000050        1.069516        0.533736
    1282        0.000050        1.070693        0.533779
    1283        0.000050        1.071743        0.533819
    1284        0.000050        1.072717        0.533855
    1285        0.000050        1.073652        0.533891
    1286        0.000050        1.074570        0.533927
    1287        0.000050        1.075480        0.533962
    1288        0.000050        1.076381        0.533997
    1289        0.000050        1.077277        0.534032
    1290        0.000050        1.078170        0.534068
    1291        0.000050        1.079061        0.534103
    1292        0.000050        1.079946        0.534140
    1293        0.000050        1.080830        0.534175
    1294        0.000050        1.081714        0.534211
    1295        0.000050        1.082588        0.534246
    1296        0.000050        1.083467        0.534284
    1297        0.000050        1.084344        0.534319
    1298        0.000050        1.085218        0.534357
    1299        0.000050        1.086095        0.534392
    1300        0.000050        1.086966        0.534429
    1301        0.000050        1.087833        0.534464
    1302        0.000050        1.088704        0.534503
    1303        0.000050        1.089576        0.534538
    1304        0.000050        1.090442        0.534575
    1305        0.000050        1.091308        0.534611
    1306        0.000050        1.092179        0.534649
    1307        0.000050        1.093042        0.534686
    1308        0.000050        1.093916        0.534724
    1309        0.000050        1.094776        0.534758
    1310        0.000050        1.095644        0.534798
    1311        0.000050        1.096501        0.534831
    1312        0.000050        1.097393        0.534874
    1313        0.000050        1.098226        0.534902
    1314        0.000050        1.099118        0.534951
    1315        0.000050        1.099968        0.534975
    1316        0.000050        1.100883        0.535034
    1317        0.000050        1.101610        0.535032
    1318        0.000050        1.102736        0.535138
    1319        0.000050        1.103301        0.535084
    1320        0.000050        1.104429        0.535227
    1321        0.000050        1.105018        0.535148
    1322        0.000050        1.106382        0.535330
    1323        0.000050        1.106520        0.535193
    1324        0.000050        1.108177        0.535419
    1325        0.000050        1.108391        0.535292
    1326        0.000050        1.109646        0.535444
    1327        0.000050        1.110229        0.535399
    1328        0.000050        1.111259        0.535491
    1329        0.000050        1.111958        0.535485
    1330        0.000050        1.112956        0.535554
    1331        0.000050        1.113657        0.535562
    1332        0.000050        1.114664        0.535622
    1333        0.000050        1.115383        0.535639
    1334        0.000050        1.116355        0.535689
    1335        0.000050        1.117111        0.535716
    1336        0.000050        1.118074        0.535761
    1337        0.000050        1.118817        0.535787
    1338        0.000050        1.119822        0.535836
    1339        0.000050        1.120509        0.535859
    1340        0.000050        1.121570        0.535909
    1341        0.000050        1.122223        0.535933
    1342        0.000050        1.123302        0.535982
    1343        0.000050        1.123929        0.536005
    1344        0.000050        1.125096        0.536059
    1345        0.000050        1.125554        0.536071
    1346        0.000050        1.126909        0.536139
    1347        0.000050        1.127282        0.536146
    1348        0.000050        1.128204        0.536175
    1349        0.000050        1.129032        0.536211
    1350        0.000050        1.130524        0.536280
    1351        0.000050        1.130698        0.536265
    1352        0.000050        1.132407        0.536381
    1353        0.000050        1.132685        0.536361
    1354        0.000050        1.133763        0.536409
    1355        0.000050        1.134575        0.536451
    1356        0.000050        1.135661        0.536516
    1357        0.000050        1.136009        0.536468
    1358        0.000050        1.137573        0.536613
    1359        0.000050        1.137685        0.536534
    1360        0.000050        1.139225        0.536676
    1361        0.000050        1.139514        0.536622
    1362        0.000050        1.140801        0.536728
    1363        0.000050        1.141331        0.536709
    1364        0.000050        1.142448        0.536788
    1365        0.000050        1.143053        0.536784
    1366        0.000050        1.144185        0.536859
    1367        0.000050        1.144739        0.536856
    1368        0.000050        1.145918        0.536927
    1369        0.000050        1.146473        0.536931
    1370        0.000050        1.147607        0.536993
    1371        0.000050        1.148244        0.537008
    1372        0.000050        1.149313        0.537062
    1373        0.000050        1.149957        0.537077
    1374        0.000050        1.151088        0.537137
    1375        0.000050        1.151646        0.537146
    1376        0.000050        1.152847        0.537208
    1377        0.000050        1.153408        0.537221
    1378        0.000050        1.154542        0.537276
    1379        0.000050        1.155153        0.537292
    1380        0.000050        1.156370        0.537356
    1381        0.000050        1.156761        0.537351
    1382        0.000050        1.158213        0.537437
    1383        0.000050        1.158569        0.537430
    1384        0.000050        1.159783        0.537494
    1385        0.000050        1.160414        0.537509
    1386        0.000050        1.161716        0.537592
    1387        0.000050        1.161807        0.537537
    1388        0.000050        1.163670        0.537691
    1389        0.000050        1.163676        0.537627
    1390        0.000050        1.165110        0.537720
    1391        0.000050        1.165635        0.537716
    1392        0.000050        1.166790        0.537795
    1393        0.000050        1.167302        0.537774
    1394        0.000050        1.168622        0.537877
    1395        0.000050        1.168954        0.537837
    1396        0.000050        1.170391        0.537946
    1397        0.000050        1.170722        0.537917
    1398        0.000050        1.172061        0.538002
    1399        0.000050        1.172550        0.538001
    1400        0.000050        1.173727        0.538064
    1401        0.000050        1.174342        0.538075
    1402        0.000050        1.175476        0.538136
    1403        0.000050        1.176068        0.538143
    1404        0.000050        1.177274        0.538211
    1405        0.000050        1.177794        0.538213
    1406        0.000050        1.179028        0.538281
    1407        0.000050        1.179596        0.538288
    1408        0.000050        1.180759        0.538351
    1409        0.000050        1.181360        0.538358
    1410        0.000050        1.182589        0.538429
    1411        0.000050        1.183042        0.538421
    1412        0.000050        1.184415        0.538507
    1413        0.000050        1.184834        0.538495
    1414        0.000050        1.186118        0.538573
    1415        0.000050        1.186644        0.538569
    1416        0.000050        1.188000        0.538661
    1417        0.000050        1.188199        0.538616
    1418        0.000050        1.189936        0.538750
    1419        0.000050        1.190069        0.538702
    1420        0.000050        1.191400        0.538786
    1421        0.000050        1.192068        0.538801
    1422        0.000050        1.193261        0.538880
    1423        0.000050        1.193544        0.538830
    1424        0.000050        1.195226        0.538968
    1425        0.000050        1.195306        0.538912
    1426        0.000050        1.196862        0.539013
    1427        0.000050        1.197250        0.539008
    1428        0.000050        1.198483        0.539067
    1429        0.000050        1.199116        0.539085
    1430        0.000050        1.200241        0.539142
    1431        0.000050        1.200859        0.539149
    1432        0.000050        1.202091        0.539222
    1433        0.000050        1.202585        0.539214
    1434        0.000050        1.203908        0.539296
    1435        0.000050        1.204382        0.539289
    1436        0.000050        1.205662        0.539364
    1437        0.000050        1.206223        0.539366
    1438        0.000050        1.207439        0.539436
    1439        0.000050        1.207993        0.539433
    1440        0.000050        1.209299        0.539516
    1441        0.000050        1.209728        0.539499
    1442        0.000050        1.211135        0.539592
    1443        0.000050        1.211543        0.539573
    1444        0.000050        1.212897        0.539662
    1445        0.000050        1.213366        0.539645
    1446        0.000050        1.214763        0.539743
    1447        0.000050        1.215040        0.539705
    1448        0.000050        1.216662        0.539823
    1449        0.000050        1.216889        0.539787
    1450        0.000050        1.218279        0.539875
    1451        0.000050        1.218857        0.539879
    1452        0.000050        1.220144        0.539960
    1453        0.000050        1.220392        0.539917
    1454        0.000050        1.222173        0.540058
    1455        0.000050        1.222250        0.540010
    1456        0.000050        1.223696        0.540082
    1457        0.000050        1.224319        0.540110
    1458        0.000050        1.225401        0.540153
    1459        0.000050        1.226082        0.540168
    1460        0.000050        1.227335        0.540247
    1461        0.000050        1.227769        0.540222
    1462        0.000050        1.229223        0.540324
    1463        0.000050        1.229568        0.540299
    1464        0.000050        1.231007        0.540388
    1465        0.000050        1.231459        0.540382
    1466        0.000050        1.232766        0.540455
    1467        0.000050        1.233316        0.540458
    1468        0.000050        1.234604        0.540533
    1469        0.000050        1.235096        0.540522
    1470        0.000050        1.236500        0.540616
    1471        0.000050        1.236876        0.540593
    1472        0.000050        1.238354        0.540690
    1473        0.000050        1.238740        0.540671
    1474        0.000050        1.240142        0.540761
    1475        0.000050        1.240590        0.540745
    1476        0.000050        1.242026        0.540841
    1477        0.000050        1.242349        0.540813
    1478        0.000050        1.243923        0.540921
    1479        0.000050        1.244212        0.540894
    1480        0.000050        1.245652        0.540982
    1481        0.000050        1.246162        0.540981
    1482        0.000050        1.247497        0.541060
    1483        0.000050        1.247830        0.541035
    1484        0.000050        1.249531        0.541157
    1485        0.000050        1.249688        0.541121
    1486        0.000050        1.251115        0.541192
    1487        0.000050        1.251820        0.541229
    1488        0.000050        1.252905        0.541275
    1489        0.000050        1.253496        0.541277
    1490        0.000050        1.254977        0.541377
    1491        0.000050        1.255184        0.541336
    1492        0.000050        1.256849        0.541449
    1493        0.000050        1.257123        0.541427
    1494        0.000050        1.258564        0.541503
    1495        0.000050        1.259077        0.541511
    1496        0.000050        1.260385        0.541579
    1497        0.000050        1.260930        0.541578
    1498        0.000050        1.262350        0.541666
    1499        0.000050        1.262754        0.541644
    1500        0.000050        1.264319        0.541748
    1501        0.000050        1.264656        0.541719
    1502        0.000050        1.266183        0.541818
    1503        0.000050        1.266622        0.541802
    1504        0.000050        1.268062        0.541891
    1505        0.000050        1.268524        0.541875
    1506        0.000050        1.270024        0.541974
    1507        0.000050        1.270382        0.541948
    1508        0.000050        1.271959        0.542048
    1509        0.000050        1.272341        0.542030
    1510        0.000050        1.273781        0.542115
    1511        0.000050        1.274317        0.542110
    1512        0.000050        1.275755        0.542198
    1513        0.000050        1.276088        0.542172
    1514        0.000050        1.277787        0.542286
    1515        0.000050        1.278076        0.542261
    1516        0.000050        1.279472        0.542330
    1517        0.000050        1.280188        0.542364
    1518        0.000050        1.281476        0.542425
    1519        0.000050        1.281819        0.542390
    1520        0.000050        1.283649        0.542531
    1521        0.000050        1.283738        0.542479
    1522        0.000050        1.285396        0.542572
    1523        0.000050        1.285870        0.542578
    1524        0.000050        1.287194        0.542636
    1525        0.000050        1.287818        0.542651
    1526        0.000050        1.289199        0.542730
    1527        0.000050        1.289635        0.542706
    1528        0.000050        1.291223        0.542817
    1529        0.000050        1.291519        0.542780
    1530        0.000050        1.293160        0.542888
    1531        0.000050        1.293496        0.542864
    1532        0.000050        1.295025        0.542956
    1533        0.000050        1.295489        0.542946
    1534        0.000050        1.296949        0.543033
    1535        0.000050        1.297392        0.543016
    1536        0.000050        1.298940        0.543114
    1537        0.000050        1.299291        0.543090
    1538        0.000050        1.300875        0.543189
    1539        0.000050        1.301288        0.543175
    1540        0.000050        1.302757        0.543259
    1541        0.000050        1.303259        0.543252
    1542        0.000050        1.304773        0.543342
    1543        0.000050        1.305108        0.543319
    1544        0.000050        1.306787        0.543425
    1545        0.000050        1.307117        0.543406
    1546        0.000050        1.308597        0.543484
    1547        0.000050        1.309228        0.543500
    1548        0.000050        1.310627        0.543576
    1549        0.000050        1.310914        0.543541
    1550        0.000050        1.312801        0.543688
    1551        0.000050        1.312988        0.543645
    1552        0.000050        1.314479        0.543713
    1553        0.000025        1.315185        0.543752
    1554        0.000025        1.317464        0.544244
    1555        0.000025        1.317073        0.544138
    1556        0.000025        1.317316        0.544112
    1557        0.000025        1.317796        0.544126
    1558        0.000025        1.318248        0.544136
    1559        0.000025        1.318663        0.544144
    1560        0.000025        1.319144        0.544157
    1561        0.000025        1.319613        0.544169
    1562        0.000025        1.320033        0.544180
    1563        0.000025        1.320536        0.544196
    1564        0.000025        1.321036        0.544212
    1565        0.000025        1.321534        0.544228
    1566        0.000025        1.322013        0.544245
    1567        0.000025        1.322443        0.544259
    1568        0.000025        1.322957        0.544277
    1569        0.000025        1.323466        0.544295
    1570        0.000025        1.323974        0.544314
    1571        0.000025        1.324458        0.544332
    1572        0.000025        1.324890        0.544347
    1573        0.000025        1.325407        0.544367
    1574        0.000025        1.325920        0.544387
    1575        0.000025        1.326430        0.544407
    1576        0.000025        1.326933        0.544426
    1577        0.000025        1.327415        0.544445
    1578        0.000025        1.327839        0.544461
    1579        0.000025        1.328354        0.544482
    1580        0.000025        1.328868        0.544503
    1581        0.000025        1.329374        0.544523
    1582        0.000025        1.329876        0.544543
    1583        0.000025        1.330352        0.544563
    1584        0.000025        1.330773        0.544579
    1585        0.000025        1.331290        0.544600
    1586        0.000025        1.331797        0.544620
    1587        0.000025        1.332303        0.544641
    1588        0.000025        1.332805        0.544661
    1589        0.000025        1.333302        0.544681
    1590        0.000025        1.333802        0.544702
    1591        0.000025        1.334276        0.544721
    1592        0.000025        1.334694        0.544739
    1593        0.000025        1.335207        0.544759
    1594        0.000025        1.335721        0.544781
    1595        0.000025        1.336224        0.544801
    1596        0.000025        1.336729        0.544822
    1597        0.000025        1.337228        0.544842
    1598        0.000025        1.337729        0.544863
    1599        0.000025        1.338205        0.544883
    1600        0.000025        1.338624        0.544900
    1601        0.000025        1.339144        0.544923
    1602        0.000025        1.339658        0.544943
    1603        0.000025        1.340170        0.544966
    1604        0.000025        1.340676        0.544986
    1605        0.000025        1.341181        0.545007
    1606        0.000025        1.341689        0.545029
    1607        0.000025        1.342192        0.545048
    1608        0.000025        1.342674        0.545069
    1609        0.000025        1.343096        0.545086
    1610        0.000025        1.343623        0.545110
    1611        0.000025        1.344145        0.545131
    1612        0.000025        1.344654        0.545153
    1613        0.000025        1.345172        0.545174
    1614        0.000025        1.345682        0.545196
    1615        0.000025        1.346196        0.545217
    1616        0.000025        1.346707        0.545239
    1617        0.000025        1.347225        0.545261
    1618        0.000025        1.347701        0.545280
    1619        0.000025        1.348142        0.545299
    1620        0.000025        1.348668        0.545321
    1621        0.000025        1.349204        0.545344
    1622        0.000025        1.349713        0.545365
    1623        0.000025        1.350275        0.545391
    1624        0.000025        1.350728        0.545404
    1625        0.000025        1.351322        0.545437
    1626        0.000025        1.351780        0.545450
    1627        0.000025        1.352397        0.545487
    1628        0.000025        1.352639        0.545471
    1629        0.000025        1.353541        0.545571
    1630        0.000025        1.353556        0.545508
    1631        0.000025        1.354380        0.545574
    1632        0.000025        1.354886        0.545610
    1633        0.000025        1.355360        0.545619
    1634        0.000025        1.355818        0.545620
    1635        0.000025        1.356490        0.545673
    1636        0.000025        1.356820        0.545660
    1637        0.000025        1.357527        0.545714
    1638        0.000025        1.357884        0.545713
    1639        0.000025        1.358510        0.545750
    1640        0.000025        1.358853        0.545760
    1641        0.000025        1.359454        0.545787
    1642        0.000025        1.359965        0.545811
    1643        0.000025        1.360511        0.545832
    1644        0.000025        1.361035        0.545857
    1645        0.000025        1.361573        0.545879
    1646        0.000025        1.362090        0.545901
    1647        0.000025        1.362643        0.545927
    1648        0.000025        1.363145        0.545946
    1649        0.000025        1.363707        0.545974
    1650        0.000025        1.364185        0.545991
    1651        0.000025        1.364650        0.546013
    1652        0.000025        1.365191        0.546036
    1653        0.000025        1.365756        0.546061
    1654        0.000025        1.366279        0.546083
    1655        0.000025        1.366852        0.546109
    1656        0.000025        1.367352        0.546128
    1657        0.000025        1.367939        0.546158
    1658        0.000025        1.368427        0.546174
    1659        0.000025        1.369034        0.546206
    1660        0.000025        1.369512        0.546220
    1661        0.000025        1.370160        0.546258
    1662        0.000025        1.370561        0.546260
    1663        0.000025        1.371285        0.546314
    1664        0.000025        1.371503        0.546299
    1665        0.000025        1.372342        0.546361
    1666        0.000025        1.372608        0.546344
    1667        0.000025        1.373529        0.546417
    1668        0.000025        1.373629        0.546382
    1669        0.000025        1.374649        0.546467
    1670        0.000025        1.374837        0.546449
    1671        0.000025        1.375582        0.546488
    1672        0.000025        1.375947        0.546511
    1673        0.000025        1.376847        0.546559
    1674        0.000025        1.376842        0.546522
    1675        0.000025        1.377946        0.546615
    1676        0.000025        1.378047        0.546592
    1677        0.000025        1.378844        0.546624
    1678        0.000025        1.379104        0.546645
    1679        0.000025        1.379802        0.546663
    1680        0.000025        1.380239        0.546690
