       0        0.000100     4124.550536       63.801006
       1        0.000100     4088.138269       63.516022
       2        0.000100     4045.619681       63.181774
       3        0.000100     3999.612103       62.818150
       4        0.000100     3949.882646       62.422970
       5        0.000100     3896.262534       61.994156
       6        0.000100     3838.528603       61.529129
       7        0.000100     3776.599954       61.026340
       8        0.000100     3710.471523       60.484814
       9        0.000100     3640.173933       59.903713
      10        0.000100     3565.769407       59.282387
      11        0.000100     3487.361144       58.620464
      12        0.000100     3405.086286       57.917648
      13        0.000100     3319.111726       57.173820
      14        0.000100     3229.632050       56.389168
      15        0.000100     3136.867469       55.563816
      16        0.000100     3041.063045       54.698219
      17        0.000100     2942.485419       53.792862
      18        0.000100     2841.422091       52.848381
      19        0.000100     2738.180416       51.865524
      20        0.000100     2633.084427       50.845264
      21        0.000100     2526.474170       49.788681
      22        0.000100     2418.702446       48.697025
      23        0.000100     2310.133892       47.571609
      24        0.000100     2201.141250       46.413979
      25        0.000100     2092.103313       45.225834
      26        0.000100     1983.400776       44.008965
      27        0.000100     1875.417173       42.765381
      28        0.000100     1768.530327       41.497208
      29        0.000100     1663.114427       40.206738
      30        0.000100     1559.533412       38.896385
      31        0.000100     1458.137804       37.568768
      32        0.000100     1359.265232       36.226585
      33        0.000100     1263.231790       34.872684
      34        0.000100     1170.334067       33.510113
      35        0.000100     1080.841551       32.141949
      36        0.000100      994.998381       30.771421
      37        0.000100      913.015736       29.401834
      38        0.000100      835.075591       28.036768
      39        0.000100      761.322861       26.680367
      40        0.000100      691.867978       25.335798
      41        0.000100      626.784298       24.007242
      42        0.000100      566.108333       22.698338
      43        0.000100      509.836396       21.413446
      44        0.000100      457.933978       20.158077
      45        0.000100      410.326465       18.940491
      46        0.000100      366.907852       17.765785
      47        0.000100      327.540934       16.637821
      48        0.000100      292.060820       15.560434
      49        0.000100      260.277750       14.538578
      50        0.000100      231.982866       13.580739
      51        0.000100      206.950305       12.693063
      52        0.000100      184.942112       11.877207
      53        0.000100      165.714492       11.135369
      54        0.000100      149.019825       10.464512
      55        0.000100      134.612691        9.860639
      56        0.000100      122.252405        9.329332
      57        0.000100      111.707512        8.864818
      58        0.000100      102.758098        8.457358
      59        0.000100       95.197973        8.100010
      60        0.000100       88.836543        7.789139
      61        0.000100       83.500278        7.523036
      62        0.000100       79.032735        7.293939
      63        0.000100       75.294574        7.095371
      64        0.000100       72.163527        6.924394
      65        0.000100       69.533460        6.778658
      66        0.000100       67.313058        6.652347
      67        0.000100       65.424943        6.541352
      68        0.000100       63.803818        6.442797
      69        0.000100       62.395759        6.355462
      70        0.000100       61.156235        6.278147
      71        0.000100       60.049116        6.209145
      72        0.000100       59.045187        6.146551
      73        0.000100       58.121100        6.089078
      74        0.000100       57.258482        6.035588
      75        0.000100       56.443004        5.985414
      76        0.000100       55.663484        5.937721
      77        0.000100       54.911410        5.891835
      78        0.000100       54.180328        5.847320
      79        0.000100       53.465335        5.804013
      80        0.000100       52.762889        5.761606
      81        0.000100       52.070385        5.719837
      82        0.000100       51.385918        5.678552
      83        0.000100       50.708185        5.637654
      84        0.000100       50.036271        5.597078
      85        0.000100       49.369541        5.556812
      86        0.000100       48.707708        5.516837
      87        0.000100       48.050483        5.477042
      88        0.000100       47.397780        5.437448
      89        0.000100       46.749543        5.397986
      90        0.000100       46.105817        5.358689
      91        0.000100       45.466646        5.319462
      92        0.000100       44.832126        5.280372
      93        0.000100       44.202304        5.241334
      94        0.000100       43.577263        5.202340
      95        0.000100       42.957126        5.163393
      96        0.000100       42.341940        5.124505
      97        0.000100       41.731836        5.085639
      98        0.000100       41.126822        5.046824
      99        0.000100       40.527041        5.008183
     100        0.000100       39.932514        4.969667
     101        0.000100       39.343301        4.931212
     102        0.000100       38.759468        4.892903
     103        0.000100       38.181072        4.854672
     104        0.000100       37.608114        4.816504
     105        0.000100       37.040624        4.778524
     106        0.000100       36.478671        4.740699
     107        0.000100       35.922310        4.703000
     108        0.000100       35.371580        4.665384
     109        0.000100       34.826440        4.627812
     110        0.000100       34.286960        4.590293
     111        0.000100       33.753165        4.552942
     112        0.000100       33.225030        4.515658
     113        0.000100       32.702612        4.478451
     114        0.000100       32.185865        4.441357
     115        0.000100       31.674840        4.404415
     116        0.000100       31.169524        4.367625
     117        0.000100       30.669927        4.330998
     118        0.000100       30.176034        4.294626
     119        0.000100       29.687771        4.258405
     120        0.000100       29.205238        4.222384
     121        0.000100       28.728381        4.186534
     122        0.000100       28.257196        4.150849
     123        0.000100       27.791687        4.115280
     124        0.000100       27.331816        4.079842
     125        0.000100       26.877582        4.044550
     126        0.000100       26.428966        4.009488
     127        0.000100       25.985936        3.974586
     128        0.000100       25.548482        3.939833
     129        0.000100       25.116563        3.905290
     130        0.000100       24.690178        3.870936
     131        0.000100       24.269278        3.836734
     132        0.000100       23.853843        3.802645
     133        0.000100       23.443856        3.768688
     134        0.000100       23.039272        3.734838
     135        0.000100       22.640070        3.701090
     136        0.000100       22.246198        3.667518
     137        0.000100       21.857647        3.634130
     138        0.000100       21.474369        3.600897
     139        0.000100       21.096324        3.567809
     140        0.000100       20.723493        3.534858
     141        0.000100       20.355828        3.502146
     142        0.000100       19.993285        3.469584
     143        0.000100       19.635842        3.437201
     144        0.000100       19.283459        3.405046
     145        0.000100       18.936074        3.373019
     146        0.000100       18.593678        3.341159
     147        0.000100       18.256222        3.309459
     148        0.000100       17.923672        3.277945
     149        0.000100       17.595970        3.246664
     150        0.000100       17.273094        3.215591
     151        0.000100       16.954998        3.184731
     152        0.000100       16.641644        3.154072
     153        0.000100       16.332995        3.123614
     154        0.000100       16.029008        3.093314
     155        0.000100       15.729640        3.063192
     156        0.000100       15.434864        3.033249
     157        0.000100       15.144631        3.003553
     158        0.000100       14.858900        2.974074
     159        0.000100       14.577642        2.944816
     160        0.000100       14.300809        2.915742
     161        0.000100       14.028372        2.886908
     162        0.000100       13.760284        2.858253
     163        0.000100       13.496510        2.829806
     164        0.000100       13.237020        2.801532
     165        0.000100       12.981759        2.773438
     166        0.000100       12.730716        2.745596
     167        0.000100       12.483828        2.717933
     168        0.000100       12.241066        2.690470
     169        0.000100       12.002407        2.663198
     170        0.000100       11.767817        2.636129
     171        0.000100       11.537257        2.609417
     172        0.000100       11.310716        2.582914
     173        0.000100       11.088144        2.556569
     174        0.000100       10.869479        2.530443
     175        0.000100       10.654712        2.504529
     176        0.000100       10.443796        2.478840
     177        0.000100       10.236684        2.453436
     178        0.000100       10.033360        2.428242
     179        0.000100        9.833770        2.403280
     180        0.000100        9.637880        2.378518
     181        0.000100        9.445636        2.353924
     182        0.000100        9.257045        2.329564
     183        0.000100        9.072066        2.305465
     184        0.000100        8.890653        2.281649
     185        0.000100        8.712767        2.258078
     186        0.000100        8.538352        2.234739
     187        0.000100        8.367339        2.211638
     188        0.000100        8.199745        2.188768
     189        0.000100        8.035525        2.166163
     190        0.000100        7.874644        2.143756
     191        0.000100        7.717050        2.121598
     192        0.000100        7.562716        2.099680
     193        0.000100        7.411580        2.077988
     194        0.000100        7.263616        2.056513
     195        0.000100        7.118776        2.035283
     196        0.000100        6.977009        2.014328
     197        0.000100        6.838258        1.993628
     198        0.000100        6.702387        1.973154
     199        0.000100        6.569427        1.952917
     200        0.000100        6.439382        1.932961
     201        0.000100        6.311973        1.913264
     202        0.000100        6.186992        1.893768
     203        0.000100        6.064554        1.874464
     204        0.000100        5.943032        1.855209
     205        0.000100        5.818525        1.835443
     206        0.000100        5.651350        1.809519
     207        0.000100        5.369411        1.764657
     208        0.000100        5.193009        1.733716
     209        0.000100        5.048225        1.706841
     210        0.000100        4.909564        1.682366
     211        0.000100        4.778966        1.658767
     212        0.000100        4.654589        1.636277
     213        0.000100        4.536592        1.614601
     214        0.000100        4.424074        1.593652
     215        0.000100        4.316606        1.573486
     216        0.000100        4.213831        1.553990
     217        0.000100        4.115470        1.535106
     218        0.000100        4.021131        1.516905
     219        0.000100        3.930531        1.499340
     220        0.000100        3.843551        1.482291
     221        0.000100        3.759984        1.465698
     222        0.000100        3.679561        1.449591
     223        0.000100        3.602157        1.433901
     224        0.000100        3.527614        1.418631
     225        0.000100        3.455823        1.403777
     226        0.000100        3.386675        1.389303
     227        0.000100        3.319991        1.375229
     228        0.000100        3.255672        1.361544
     229        0.000100        3.193598        1.348240
     230        0.000100        3.133626        1.335272
     231        0.000100        3.075667        1.322683
     232        0.000100        3.019587        1.310471
     233        0.000100        2.965574        1.298588
     234        0.000100        2.913312        1.287030
     235        0.000100        2.862749        1.275733
     236        0.000100        2.813704        1.264727
     237        0.000100        2.766336        1.254020
     238        0.000100        2.720437        1.243602
     239        0.000100        2.675966        1.233409
     240        0.000100        2.632847        1.223449
     241        0.000100        2.591021        1.213748
     242        0.000100        2.550460        1.204304
     243        0.000100        2.511126        1.195077
     244        0.000100        2.472870        1.186040
     245        0.000100        2.435797        1.177230
     246        0.000100        2.399791        1.168620
     247        0.000100        2.364820        1.160229
     248        0.000100        2.330843        1.152045
     249        0.000100        2.297826        1.144072
     250        0.000100        2.265671        1.136300
     251        0.000100        2.234487        1.128674
     252        0.000100        2.204143        1.121264
     253        0.000100        2.174649        1.114054
     254        0.000100        2.145948        1.106994
     255        0.000100        2.118017        1.100050
     256        0.000100        2.090768        1.093230
     257        0.000100        2.064312        1.086493
     258        0.000100        2.038536        1.079873
     259        0.000100        2.013434        1.073370
     260        0.000100        1.988973        1.067003
     261        0.000100        1.965150        1.060746
     262        0.000100        1.941933        1.054615
     263        0.000100        1.919251        1.048576
     264        0.000100        1.897205        1.042603
     265        0.000100        1.875698        1.036732
     266        0.000100        1.854736        1.030953
     267        0.000100        1.834343        1.025319
     268        0.000100        1.814477        1.019740
     269        0.000100        1.795073        1.014257
     270        0.000100        1.776132        1.008850
     271        0.000100        1.757654        1.003513
     272        0.000100        1.739602        0.998272
     273        0.000100        1.721998        0.993105
     274        0.000100        1.704780        0.988058
     275        0.000100        1.687956        0.983109
     276        0.000100        1.671512        0.978248
     277        0.000100        1.655435        0.973445
     278        0.000100        1.639720        0.968714
     279        0.000100        1.624347        0.964072
     280        0.000100        1.609310        0.959502
     281        0.000100        1.594596        0.955006
     282        0.000100        1.580209        0.950593
     283        0.000100        1.566133        0.946251
     284        0.000100        1.552353        0.941997
     285        0.000100        1.538859        0.937802
     286        0.000100        1.525656        0.933668
     287        0.000100        1.512718        0.929601
     288        0.000100        1.500047        0.925609
     289        0.000100        1.487633        0.921673
     290        0.000100        1.475464        0.917809
     291        0.000100        1.463535        0.914005
     292        0.000100        1.451874        0.910194
     293        0.000100        1.440394        0.906486
     294        0.000100        1.429182        0.902795
     295        0.000100        1.418162        0.899132
     296        0.000100        1.407312        0.895579
     297        0.000100        1.396710        0.892056
     298        0.000100        1.386280        0.888561
     299        0.000100        1.376010        0.885167
     300        0.000100        1.365966        0.881807
     301        0.000100        1.356076        0.878498
     302        0.000100        1.346337        0.875326
     303        0.000100        1.336801        0.872168
     304        0.000100        1.327402        0.869024
     305        0.000100        1.318142        0.866027
     306        0.000100        1.309060        0.863008
     307        0.000100        1.300108        0.860114
     308        0.000100        1.291310        0.857182
     309        0.000100        1.282609        0.854338
     310        0.000100        1.274071        0.851548
     311        0.000100        1.265677        0.848749
     312        0.000100        1.257405        0.846070
     313        0.000100        1.249255        0.843351
     314        0.000100        1.241221        0.840748
     315        0.000100        1.233315        0.838123
     316        0.000100        1.225504        0.835557
     317        0.000100        1.217802        0.832991
     318        0.000100        1.210213        0.830459
     319        0.000100        1.202730        0.827956
     320        0.000100        1.195349        0.825478
     321        0.000100        1.188066        0.823031
     322        0.000100        1.180879        0.820602
     323        0.000100        1.173782        0.818194
     324        0.000100        1.166777        0.815806
     325        0.000100        1.159862        0.813463
     326        0.000100        1.153028        0.811141
     327        0.000100        1.146276        0.808826
     328        0.000100        1.139617        0.806538
     329        0.000100        1.133041        0.804267
     330        0.000100        1.126545        0.802010
     331        0.000100        1.120127        0.799785
     332        0.000100        1.113784        0.797586
     333        0.000100        1.107517        0.795410
     334        0.000100        1.101323        0.793268
     335        0.000100        1.095201        0.791150
     336        0.000100        1.089150        0.789046
     337        0.000100        1.083168        0.786960
     338        0.000100        1.077254        0.784885
     339        0.000100        1.071408        0.782827
     340        0.000100        1.065625        0.780782
     341        0.000100        1.059908        0.778759
     342        0.000100        1.054246        0.776745
     343        0.000100        1.048655        0.774751
     344        0.000100        1.043128        0.772773
     345        0.000100        1.037660        0.770826
     346        0.000100        1.032249        0.768899
     347        0.000100        1.026897        0.766989
     348        0.000100        1.021601        0.765095
     349        0.000100        1.016362        0.763215
     350        0.000100        1.011176        0.761344
     351        0.000100        1.006046        0.759495
     352        0.000100        1.000970        0.757652
     353        0.000100        0.995947        0.755822
     354        0.000100        0.990977        0.754005
     355        0.000100        0.986055        0.752195
     356        0.000100        0.981188        0.750396
     357        0.000100        0.976370        0.748603
     358        0.000100        0.971598        0.746814
     359        0.000100        0.966880        0.745041
     360        0.000100        0.962204        0.743277
     361        0.000100        0.957579        0.741527
     362        0.000100        0.952999        0.739789
     363        0.000100        0.948468        0.738066
     364        0.000100        0.943981        0.736355
     365        0.000100        0.939538        0.734656
     366        0.000100        0.935140        0.732964
     367        0.000100        0.930786        0.731279
     368        0.000100        0.926475        0.729602
     369        0.000100        0.922205        0.727929
     370        0.000100        0.917979        0.726265
     371        0.000100        0.913794        0.724609
     372        0.000100        0.909649        0.722957
     373        0.000100        0.905546        0.721320
     374        0.000100        0.901483        0.719697
     375        0.000100        0.897460        0.718078
     376        0.000100        0.893476        0.716469
     377        0.000100        0.889531        0.714873
     378        0.000100        0.885624        0.713284
     379        0.000100        0.881755        0.711702
     380        0.000100        0.877923        0.710131
     381        0.000100        0.874127        0.708566
     382        0.000100        0.870369        0.707010
     383        0.000100        0.866646        0.705468
     384        0.000100        0.862958        0.703934
     385        0.000100        0.859306        0.702409
     386        0.000100        0.855644        0.700851
     387        0.000100        0.852049        0.699336
     388        0.000100        0.848494        0.697847
     389        0.000100        0.844978        0.696378
     390        0.000100        0.841490        0.694918
     391        0.000100        0.838042        0.693466
     392        0.000100        0.834624        0.692020
     393        0.000100        0.831243        0.690580
     394        0.000100        0.827886        0.689142
     395        0.000100        0.824573        0.687714
     396        0.000100        0.821275        0.686291
     397        0.000100        0.818033        0.684882
     398        0.000100        0.814786        0.683479
     399        0.000100        0.811624        0.682110
     400        0.000100        0.808416        0.680725
     401        0.000100        0.805350        0.679379
     402        0.000100        0.802141        0.677984
     403        0.000100        0.799233        0.676686
     404        0.000100        0.795938        0.675256
     405        0.000100        0.793302        0.674043
     406        0.000100        0.789783        0.672549
     407        0.000100        0.787559        0.671481
     408        0.000100        0.783699        0.669869
     409        0.000100        0.781964        0.668961
     410        0.000100        0.777744        0.667222
     411        0.000100        0.776422        0.666445
     412        0.000100        0.771997        0.664638
     413        0.000100        0.770837        0.663912
     414        0.000100        0.766478        0.662128
     415        0.000100        0.765229        0.661376
     416        0.000100        0.761136        0.659684
     417        0.000100        0.759690        0.658867
     418        0.000100        0.755903        0.657277
     419        0.000100        0.754278        0.656401
     420        0.000100        0.750750        0.654889
     421        0.000100        0.749008        0.653971
     422        0.000100        0.745671        0.652516
     423        0.000100        0.743870        0.651575
     424        0.000100        0.740670        0.650167
     425        0.000100        0.738865        0.649229
     426        0.000100        0.735745        0.647846
     427        0.000100        0.733978        0.646928
     428        0.000100        0.730900        0.645559
     429        0.000100        0.729212        0.644668
     430        0.000100        0.726131        0.643290
     431        0.000100        0.724564        0.642438
     432        0.000100        0.721438        0.641042
     433        0.000100        0.720031        0.640250
     434        0.000100        0.716815        0.638821
     435        0.000100        0.715620        0.638105
     436        0.000100        0.712274        0.636632
     437        0.000100        0.711312        0.636003
     438        0.000100        0.707825        0.634481
     439        0.000100        0.707079        0.633939
     440        0.000100        0.703493        0.632383
     441        0.000100        0.702888        0.631906
     442        0.000100        0.699301        0.630363
     443        0.000100        0.698714        0.629898
     444        0.000100        0.695236        0.628396
     445        0.000100        0.694577        0.627910
     446        0.000100        0.691288        0.626481
     447        0.000100        0.690514        0.625955
     448        0.000100        0.687426        0.624593
     449        0.000100        0.686544        0.624026
     450        0.000100        0.683635        0.622725
     451        0.000100        0.682678        0.622151
     452        0.000100        0.679913        0.620919
     453        0.000100        0.678915        0.620333
     454        0.000100        0.676255        0.619133
     455        0.000100        0.675255        0.618551
     456        0.000100        0.672660        0.617377
     457        0.000100        0.671692        0.616811
     458        0.000100        0.669132        0.615652
     459        0.000100        0.668225        0.615106
     460        0.000100        0.665667        0.613945
     461        0.000100        0.664855        0.613432
     462        0.000100        0.662268        0.612263
     463        0.000100        0.661575        0.611793
     464        0.000100        0.658936        0.610606
     465        0.000100        0.658381        0.610182
     466        0.000100        0.655675        0.608966
     467        0.000100        0.655263        0.608591
     468        0.000100        0.652495        0.607355
     469        0.000100        0.652204        0.607024
     470        0.000100        0.649407        0.605780
     471        0.000100        0.649193        0.605477
     472        0.000100        0.646414        0.604242
     473        0.000100        0.646221        0.603948
     474        0.000100        0.643513        0.602735
     475        0.000100        0.643297        0.602431
     476        0.000100        0.640700        0.601259
     477        0.000100        0.640428        0.600927
     478        0.000100        0.637963        0.599800
     479        0.000100        0.637630        0.599437
     480        0.000100        0.635288        0.598351
     481        0.000100        0.634909        0.597973
     482        0.000100        0.632678        0.596935
     483        0.000100        0.632265        0.596546
     484        0.000100        0.630124        0.595549
     485        0.000100        0.629702        0.595159
     486        0.000100        0.627626        0.594185
     487        0.000100        0.627217        0.593802
     488        0.000100        0.625184        0.592843
     489        0.000100        0.624809        0.592472
     490        0.000100        0.622798        0.591523
     491        0.000100        0.622477        0.591177
     492        0.000100        0.620468        0.590228
     493        0.000100        0.620213        0.589912
     494        0.000100        0.618196        0.588963
     495        0.000100        0.618021        0.588675
     496        0.000100        0.615982        0.587718
     497        0.000100        0.615892        0.587462
     498        0.000100        0.613831        0.586491
     499        0.000100        0.613822        0.586267
     500        0.000100        0.611744        0.585291
     501        0.000100        0.611804        0.585099
     502        0.000100        0.609725        0.584118
     503        0.000100        0.609831        0.583944
     504        0.000100        0.607775        0.582968
     505        0.000100        0.607903        0.582804
     506        0.000100        0.605897        0.581843
     507        0.000100        0.606020        0.581670
     508        0.000100        0.604081        0.580731
     509        0.000100        0.604187        0.580553
     510        0.000100        0.602325        0.579635
     511        0.000100        0.602407        0.579450
     512        0.000100        0.600626        0.578558
     513        0.000100        0.600684        0.578369
     514        0.000100        0.598980        0.577499
     515        0.000100        0.599023        0.577305
     516        0.000100        0.597382        0.576451
     517        0.000100        0.597420        0.576253
     518        0.000100        0.595834        0.575417
     519        0.000100        0.595877        0.575231
     520        0.000100        0.594335        0.574409
     521        0.000100        0.594392        0.574231
     522        0.000100        0.592880        0.573416
     523        0.000100        0.592969        0.573261
     524        0.000100        0.591473        0.572442
     525        0.000100        0.591602        0.572308
     526        0.000100        0.590116        0.571496
     527        0.000100        0.590289        0.571392
     528        0.000100        0.588805        0.570574
     529        0.000100        0.589030        0.570497
     530        0.000100        0.587542        0.569663
     531        0.000100        0.587821        0.569616
     532        0.000100        0.586331        0.568773
     533        0.000100        0.586660        0.568755
     534        0.000100        0.585172        0.567904
     535        0.000100        0.585543        0.567912
     536        0.000100        0.584068        0.567049
     537        0.000100        0.584464        0.567084
     538        0.000100        0.583022        0.566210
     539        0.000100        0.583428        0.566264
     540        0.000100        0.582030        0.565381
     541        0.000100        0.582433        0.565449
     542        0.000100        0.581088        0.564567
     543        0.000100        0.581484        0.564647
     544        0.000100        0.580190        0.563777
     545        0.000100        0.580581        0.563858
     546        0.000100        0.579328        0.563010
     547        0.000100        0.579720        0.563094
     548        0.000100        0.578501        0.562266
     549        0.000100        0.578908        0.562356
     550        0.000100        0.577712        0.561535
     551        0.000100        0.578138        0.561633
     552        0.000100        0.576964        0.560820
     553        0.000100        0.577416        0.560932
     554        0.000100        0.576257        0.560116
     555        0.000100        0.576742        0.560244
     556        0.000100        0.575591        0.559431
     557        0.000100        0.576114        0.559569
     558        0.000100        0.574963        0.558761
     559        0.000100        0.575531        0.558912
     560        0.000100        0.574373        0.558103
     561        0.000100        0.574991        0.558272
     562        0.000100        0.573821        0.557456
     563        0.000100        0.574491        0.557641
     564        0.000100        0.573308        0.556819
     565        0.000100        0.574033        0.557024
     566        0.000100        0.572834        0.556191
     567        0.000100        0.573611        0.556413
     568        0.000100        0.572403        0.555577
     569        0.000100        0.573222        0.555809
     570        0.000100        0.572017        0.554979
     571        0.000100        0.572862        0.555209
     572        0.000100        0.571678        0.554403
     573        0.000100        0.572527        0.554604
     574        0.000100        0.571383        0.553840
     575        0.000100        0.572228        0.554011
     576        0.000100        0.571114        0.553267
     577        0.000100        0.571976        0.553446
     578        0.000100        0.570879        0.552700
     579        0.000100        0.571766        0.552905
     580        0.000100        0.570677        0.552143
     581        0.000100        0.571594        0.552374
     582        0.000100        0.570511        0.551605
     583        0.000100        0.571462        0.551853
     584        0.000100        0.570378        0.551078
     585        0.000100        0.571365        0.551341
     586        0.000100        0.570278        0.550564
     587        0.000100        0.571309        0.550847
     588        0.000100        0.570212        0.550067
     589        0.000100        0.571289        0.550362
     590        0.000100        0.570180        0.549581
     591        0.000100        0.571307        0.549887
     592        0.000100        0.570183        0.549106
     593        0.000100        0.571355        0.549418
     594        0.000100        0.570221        0.548638
     595        0.000100        0.571435        0.548954
     596        0.000100        0.570295        0.548180
     597        0.000100        0.571546        0.548501
     598        0.000100        0.570408        0.547741
     599        0.000100        0.571685        0.548054
     600        0.000100        0.570562        0.547320
     601        0.000100        0.571849        0.547617
     602        0.000100        0.570750        0.546918
     603        0.000100        0.572047        0.547193
     604        0.000100        0.570969        0.546517
     605        0.000100        0.572288        0.546782
     606        0.000100        0.571216        0.546110
     607        0.000100        0.572570        0.546386
     608        0.000100        0.571491        0.545706
     609        0.000100        0.572892        0.546000
     610        0.000100        0.571797        0.545310
     611        0.000100        0.573252        0.545620
     612        0.000100        0.572133        0.544921
     613        0.000100        0.573639        0.545244
     614        0.000100        0.572472        0.544533
     615        0.000100        0.574034        0.544870
     616        0.000100        0.572835        0.544152
     617        0.000100        0.574459        0.544499
     618        0.000100        0.573226        0.543772
     619        0.000100        0.574916        0.544129
     620        0.000100        0.573647        0.543397
     621        0.000100        0.575399        0.543758
     622        0.000100        0.574095        0.543027
     623        0.000100        0.575909        0.543393
     624        0.000100        0.574572        0.542669
     625        0.000100        0.576443        0.543033
     626        0.000100        0.575076        0.542320
     627        0.000100        0.577000        0.542677
     628        0.000100        0.575603        0.541979
     629        0.000100        0.577636        0.542328
     630        0.000100        0.576201        0.541641
     631        0.000100        0.578311        0.541991
     632        0.000100        0.576828        0.541305
     633        0.000100        0.579011        0.541660
     634        0.000100        0.577471        0.540966
     635        0.000100        0.579735        0.541336
     636        0.000100        0.578133        0.540633
     637        0.000100        0.580474        0.541018
     638        0.000100        0.578814        0.540308
     639        0.000100        0.581228        0.540702
     640        0.000100        0.579517        0.539989
     641        0.000100        0.581994        0.540392
     642        0.000100        0.580238        0.539674
     643        0.000100        0.582764        0.540085
     644        0.000100        0.580984        0.539367
     645        0.000100        0.583541        0.539782
     646        0.000100        0.581754        0.539067
     647        0.000100        0.584327        0.539484
     648        0.000100        0.582546        0.538780
     649        0.000100        0.585122        0.539192
     650        0.000100        0.583361        0.538500
     651        0.000100        0.585929        0.538900
     652        0.000100        0.584194        0.538222
     653        0.000100        0.586752        0.538612
     654        0.000100        0.585049        0.537948
     655        0.000100        0.587596        0.538331
     656        0.000100        0.585915        0.537671
     657        0.000100        0.588467        0.538058
     658        0.000100        0.586794        0.537393
     659        0.000100        0.589364        0.537792
     660        0.000100        0.587685        0.537113
     661        0.000100        0.590292        0.537534
     662        0.000100        0.588589        0.536836
     663        0.000100        0.591247        0.537281
     664        0.000100        0.589505        0.536563
     665        0.000100        0.592224        0.537029
     666        0.000100        0.590435        0.536303
     667        0.000100        0.593219        0.536792
     668        0.000100        0.591381        0.536051
     669        0.000100        0.594228        0.536554
     670        0.000100        0.592344        0.535806
     671        0.000100        0.595245        0.536316
     672        0.000100        0.593329        0.535566
     673        0.000100        0.596266        0.536075
     674        0.000100        0.594332        0.535332
     675        0.000100        0.597292        0.535836
     676        0.000100        0.595356        0.535105
     677        0.000100        0.598322        0.535598
     678        0.000100        0.596399        0.534882
     679        0.000100        0.599360        0.535361
     680        0.000100        0.597451        0.534659
     681        0.000100        0.600409        0.535128
     682        0.000100        0.598520        0.534443
     683        0.000100        0.601472        0.534905
     684        0.000100        0.599601        0.534227
     685        0.000100        0.602554        0.534686
     686        0.000100        0.600689        0.534011
     687        0.000100        0.603656        0.534472
     688        0.000100        0.601790        0.533801
     689        0.000100        0.604774        0.534261
     690        0.000100        0.602897        0.533590
     691        0.000100        0.605909        0.534051
     692        0.000100        0.604017        0.533381
     693        0.000100        0.607060        0.533845
     694        0.000100        0.605146        0.533176
     695        0.000100        0.608222        0.533639
     696        0.000100        0.606288        0.532975
     697        0.000100        0.609395        0.533436
     698        0.000100        0.607442        0.532776
     699        0.000100        0.610574        0.533233
     700        0.000100        0.608606        0.532578
     701        0.000100        0.611765        0.533031
     702        0.000100        0.609780        0.532381
     703        0.000100        0.612961        0.532832
     704        0.000100        0.610967        0.532186
     705        0.000100        0.614171        0.532639
     706        0.000100        0.612159        0.531991
     707        0.000100        0.615395        0.532453
     708        0.000100        0.613357        0.531800
     709        0.000100        0.616630        0.532277
     710        0.000100        0.614555        0.531610
     711        0.000100        0.617879        0.532113
     712        0.000100        0.615757        0.531423
     713        0.000100        0.619142        0.531955
     714        0.000100        0.616964        0.531243
     715        0.000100        0.620410        0.531804
     716        0.000100        0.618176        0.531072
     717        0.000100        0.621681        0.531657
     718        0.000100        0.619395        0.530903
     719        0.000100        0.622951        0.531508
     720        0.000100        0.620627        0.530744
     721        0.000100        0.624218        0.531359
     722        0.000100        0.621866        0.530597
     723        0.000100        0.625477        0.531211
     724        0.000100        0.623119        0.530457
     725        0.000100        0.626731        0.531064
     726        0.000100        0.624384        0.530322
     727        0.000100        0.627983        0.530915
     728        0.000100        0.625661        0.530191
     729        0.000100        0.629230        0.530770
     730        0.000100        0.626949        0.530067
     731        0.000100        0.630483        0.530630
     732        0.000100        0.628244        0.529945
     733        0.000100        0.631755        0.530497
     734        0.000100        0.629545        0.529827
     735        0.000100        0.633045        0.530372
     736        0.000100        0.630864        0.529716
     737        0.000100        0.634349        0.530252
     738        0.000100        0.632191        0.529604
     739        0.000100        0.635666        0.530134
     740        0.000100        0.633526        0.529496
     741        0.000100        0.636998        0.530021
     742        0.000100        0.634864        0.529392
     743        0.000100        0.638340        0.529912
     744        0.000100        0.636205        0.529293
     745        0.000100        0.639696        0.529810
     746        0.000100        0.637548        0.529195
     747        0.000100        0.641063        0.529711
     748        0.000100        0.638894        0.529100
     749        0.000100        0.642439        0.529615
     750        0.000100        0.640245        0.529006
     751        0.000100        0.643824        0.529523
     752        0.000100        0.641597        0.528912
     753        0.000100        0.645221        0.529434
     754        0.000100        0.642948        0.528817
     755        0.000100        0.646625        0.529349
     756        0.000100        0.644294        0.528722
     757        0.000100        0.648044        0.529270
     758        0.000100        0.645638        0.528627
     759        0.000100        0.649467        0.529192
     760        0.000100        0.646978        0.528529
     761        0.000100        0.650902        0.529135
     762        0.000100        0.648307        0.528434
     763        0.000100        0.652337        0.529083
     764        0.000100        0.649627        0.528336
     765        0.000100        0.653780        0.529035
     766        0.000100        0.650938        0.528248
     767        0.000100        0.655215        0.528988
     768        0.000100        0.652251        0.528169
     769        0.000100        0.656637        0.528942
     770        0.000100        0.653562        0.528098
     771        0.000100        0.658035        0.528895
     772        0.000100        0.654892        0.528037
     773        0.000100        0.659392        0.528835
     774        0.000100        0.656242        0.527983
     775        0.000100        0.660709        0.528762
     776        0.000100        0.657620        0.527936
     777        0.000100        0.661987        0.528678
     778        0.000100        0.659022        0.527895
     779        0.000100        0.663238        0.528588
     780        0.000100        0.660447        0.527857
     781        0.000100        0.664479        0.528496
     782        0.000100        0.661878        0.527818
     783        0.000100        0.665731        0.528408
     784        0.000100        0.663318        0.527780
     785        0.000100        0.667004        0.528323
     786        0.000100        0.664750        0.527742
     787        0.000100        0.668299        0.528243
     788        0.000100        0.666180        0.527703
     789        0.000100        0.669620        0.528169
     790        0.000100        0.667607        0.527662
     791        0.000100        0.670967        0.528099
     792        0.000100        0.669031        0.527621
     793        0.000100        0.672335        0.528034
     794        0.000100        0.670452        0.527579
     795        0.000100        0.673726        0.527973
     796        0.000100        0.671873        0.527542
     797        0.000100        0.675137        0.527917
     798        0.000100        0.673302        0.527507
     799        0.000100        0.676557        0.527861
     800        0.000100        0.674743        0.527475
     801        0.000100        0.677972        0.527802
     802        0.000100        0.676205        0.527449
     803        0.000100        0.679385        0.527741
     804        0.000100        0.677701        0.527432
     805        0.000100        0.680781        0.527675
     806        0.000100        0.679243        0.527424
     807        0.000100        0.682146        0.527600
     808        0.000100        0.680849        0.527429
     809        0.000100        0.683480        0.527518
     810        0.000100        0.682524        0.527445
     811        0.000100        0.684772        0.527431
     812        0.000100        0.684281        0.527467
     813        0.000100        0.686038        0.527352
     814        0.000100        0.686080        0.527475
     815        0.000100        0.687321        0.527294
     816        0.000100        0.687852        0.527447
     817        0.000100        0.688672        0.527269
     818        0.000100        0.689494        0.527382
     819        0.000100        0.690142        0.527294
     820        0.000100        0.690946        0.527276
     821        0.000100        0.691795        0.527364
     822        0.000100        0.692172        0.527147
     823        0.000100        0.693663        0.527463
     824        0.000100        0.693227        0.527014
     825        0.000100        0.695649        0.527503
     826        0.000100        0.694305        0.526952
     827        0.000100        0.697504        0.527423
     828        0.000100        0.695715        0.527023
     829        0.000100        0.698944        0.527244
     830        0.000100        0.697738        0.527270
     831        0.000100        0.699821        0.527006
     832        0.000100        0.700456        0.527697
     833        0.000100        0.700289        0.526783
     834        0.000100        0.703366        0.528049
     835        0.000100        0.700586        0.526686
     836        0.000100        0.705683        0.528059
     837        0.000100        0.701001        0.526651
     838        0.000100        0.707087        0.527730
     839        0.000100        0.702013        0.526663
     840        0.000100        0.707882        0.527429
     841        0.000100        0.703509        0.526677
     842        0.000100        0.708638        0.527261
     843        0.000100        0.705018        0.526690
     844        0.000100        0.709610        0.527176
     845        0.000100        0.706399        0.526681
     846        0.000100        0.710752        0.527135
     847        0.000100        0.707732        0.526667
     848        0.000100        0.711897        0.527102
     849        0.000100        0.709152        0.526671
     850        0.000100        0.712937        0.527061
     851        0.000100        0.710685        0.526692
     852        0.000100        0.713904        0.527007
     853        0.000100        0.712271        0.526721
     854        0.000100        0.714887        0.526959
     855        0.000100        0.713831        0.526743
     856        0.000100        0.715950        0.526919
     857        0.000100        0.715335        0.526759
     858        0.000100        0.717092        0.526891
     859        0.000100        0.716790        0.526769
     860        0.000100        0.718303        0.526870
     861        0.000100        0.718206        0.526773
     862        0.000100        0.719568        0.526856
     863        0.000100        0.719598        0.526775
     864        0.000100        0.720872        0.526848
     865        0.000100        0.720965        0.526774
     866        0.000100        0.722214        0.526848
     867        0.000100        0.722312        0.526771
     868        0.000100        0.723600        0.526854
     869        0.000100        0.723626        0.526764
     870        0.000100        0.725028        0.526867
     871        0.000100        0.724904        0.526748
     872        0.000100        0.726510        0.526887
     873        0.000100        0.726135        0.526728
     874        0.000100        0.728039        0.526912
     875        0.000100        0.727335        0.526712
     876        0.000100        0.729577        0.526935
     877        0.000100        0.728558        0.526706
     878        0.000100        0.731051        0.526946
     879        0.000100        0.729880        0.526717
     880        0.000100        0.732385        0.526942
     881        0.000100        0.731332        0.526745
     882        0.000100        0.733572        0.526927
     883        0.000100        0.732878        0.526776
     884        0.000100        0.734689        0.526912
     885        0.000100        0.734425        0.526796
     886        0.000100        0.735835        0.526917
     887        0.000100        0.735878        0.526790
     888        0.000100        0.737094        0.526948
     889        0.000100        0.737188        0.526770
     890        0.000100        0.738459        0.526975
     891        0.000100        0.738462        0.526783
     892        0.000100        0.739800        0.526944
     893        0.000100        0.739913        0.526885
     894        0.000100        0.740906        0.526858
     895        0.000100        0.741610        0.526982
     896        0.000100        0.741914        0.526845
     897        0.000100        0.743066        0.526899
     898        0.000100        0.743501        0.527156
     899        0.000100        0.743678        0.526653
     900        0.000100        0.745965        0.527634
     901        0.000100        0.743803        0.526446
     902        0.000100        0.748671        0.527823
     903        0.000100        0.743830        0.526468
     904        0.000100        0.751181        0.527982
     905        0.000100        0.744488        0.526506
     906        0.000100        0.752594        0.527853
     907        0.000100        0.745638        0.526575
     908        0.000100        0.753236        0.527550
     909        0.000100        0.747245        0.526666
     910        0.000100        0.753658        0.527352
     911        0.000100        0.748986        0.526766
     912        0.000100        0.754155        0.527255
     913        0.000100        0.750668        0.526855
     914        0.000100        0.754806        0.527209
     915        0.000100        0.752233        0.526918
     916        0.000100        0.755618        0.527192
     917        0.000100        0.753691        0.526965
     918        0.000100        0.756556        0.527196
     919        0.000100        0.755060        0.526998
     920        0.000100        0.757599        0.527213
     921        0.000100        0.756353        0.527016
     922        0.000100        0.758728        0.527245
     923        0.000100        0.757594        0.527030
     924        0.000100        0.759918        0.527275
     925        0.000100        0.758809        0.527056
     926        0.000100        0.761147        0.527299
     927        0.000100        0.760004        0.527087
     928        0.000100        0.762405        0.527325
     929        0.000100        0.761192        0.527114
     930        0.000100        0.763700        0.527358
     931        0.000100        0.762352        0.527137
     932        0.000100        0.765030        0.527394
     933        0.000100        0.763493        0.527158
     934        0.000100        0.766369        0.527431
     935        0.000100        0.764651        0.527182
     936        0.000100        0.767689        0.527466
     937        0.000100        0.765867        0.527213
     938        0.000100        0.768927        0.527494
     939        0.000100        0.767180        0.527256
     940        0.000100        0.770041        0.527511
     941        0.000100        0.768601        0.527308
     942        0.000100        0.771059        0.527519
     943        0.000100        0.770068        0.527362
     944        0.000100        0.772021        0.527527
     945        0.000100        0.771531        0.527410
     946        0.000100        0.772985        0.527547
     947        0.000100        0.772928        0.527440
     948        0.000100        0.774019        0.527584
     949        0.000100        0.774195        0.527456
     950        0.000100        0.775169        0.527631
     951        0.000100        0.775358        0.527475
     952        0.000100        0.776394        0.527663
     953        0.000100        0.776500        0.527524
     954        0.000100        0.777576        0.527656
     955        0.000100        0.777763        0.527618
     956        0.000100        0.778594        0.527613
     957        0.000100        0.779224        0.527725
     958        0.000100        0.779471        0.527605
     959        0.000100        0.780701        0.527736
     960        0.000100        0.780532        0.527734
     961        0.000100        0.781684        0.527621
     962        0.000100        0.782273        0.527984
     963        0.000100        0.782015        0.527467
     964        0.000100        0.784503        0.528156
     965        0.000100        0.782072        0.527465
     966        0.000100        0.786633        0.528082
     967        0.000100        0.782786        0.527699
     968        0.000100        0.787710        0.527946
     969        0.000100        0.784943        0.528224
     970        0.000100        0.787746        0.527784
     971        0.000100        0.788074        0.528660
     972        0.000100        0.786950        0.527728
     973        0.000100        0.790711        0.528602
     974        0.000100        0.786953        0.527777
     975        0.000100        0.792111        0.528373
     976        0.000100        0.787581        0.527834
     977        0.000100        0.792884        0.528256
     978        0.000100        0.788891        0.527905
     979        0.000100        0.793304        0.528206
     980        0.000100        0.790439        0.527988
     981        0.000100        0.793730        0.528186
     982        0.000100        0.791953        0.528070
     983        0.000100        0.794270        0.528184
     984        0.000100        0.793393        0.528148
     985        0.000100        0.794884        0.528188
     986        0.000100        0.794815        0.528226
     987        0.000100        0.795495        0.528188
     988        0.000100        0.796315        0.528313
     989        0.000100        0.795990        0.528172
     990        0.000100        0.798005        0.528421
     991        0.000100        0.796294        0.528134
     992        0.000100        0.799877        0.528548
     993        0.000100        0.796583        0.528095
     994        0.000100        0.801410        0.528639
     995        0.000100        0.797566        0.528135
     996        0.000100        0.801937        0.528628
     997        0.000100        0.799335        0.528260
     998        0.000100        0.802024        0.528576
     999        0.000100        0.801128        0.528386
    1000        0.000100        0.802353        0.528551
    1001        0.000100        0.802632        0.528479
    1002        0.000100        0.802975        0.528559
    1003        0.000100        0.803903        0.528545
    1004        0.000100        0.803792        0.528592
    1005        0.000100        0.805025        0.528593
    1006        0.000100        0.804734        0.528639
    1007        0.000100        0.806043        0.528629
    1008        0.000100        0.805769        0.528696
    1009        0.000100        0.806987        0.528657
    1010        0.000100        0.806875        0.528757
    1011        0.000100        0.807871        0.528684
    1012        0.000100        0.808024        0.528816
    1013        0.000100        0.808726        0.528718
    1014        0.000100        0.809202        0.528865
    1015        0.000100        0.809584        0.528764
    1016        0.000100        0.810356        0.528903
    1017        0.000100        0.810473        0.528820
    1018        0.000100        0.811468        0.528936
    1019        0.000100        0.811417        0.528871
    1020        0.000100        0.812547        0.528987
    1021        0.000100        0.812344        0.528891
    1022        0.000100        0.813705        0.529083
    1023        0.000100        0.813100        0.528859
    1024        0.000100        0.815082        0.529226
    1025        0.000100        0.813617        0.528806
    1026        0.000100        0.816629        0.529349
    1027        0.000100        0.814129        0.528837
    1028        0.000100        0.817882        0.529330
    1029        0.000100        0.815264        0.529045
    1030        0.000100        0.818289        0.529211
    1031        0.000100        0.817306        0.529316
    1032        0.000100        0.818000        0.529097
    1033        0.000100        0.819425        0.529349
    1034        0.000100        0.818014        0.529249
    1035        0.000100        0.820686        0.529204
    1036        0.000100        0.819244        0.529631
    1037        0.000100        0.820839        0.529050
    1038        0.000100        0.821688        0.530159
    1039        0.000100        0.820343        0.528973
    1040        0.000100        0.824045        0.530250
    1041        0.000100        0.820106        0.529051
    1042        0.000100        0.825354        0.530052
    1043        0.000100        0.820832        0.529151
    1044        0.000100        0.825935        0.529904
    1045        0.000100        0.822075        0.529257
    1046        0.000100        0.826354        0.529814
    1047        0.000100        0.823408        0.529362
    1048        0.000100        0.826854        0.529775
    1049        0.000100        0.824660        0.529462
    1050        0.000100        0.827485        0.529767
    1051        0.000100        0.825809        0.529549
    1052        0.000100        0.828223        0.529782
    1053        0.000100        0.826874        0.529621
    1054        0.000100        0.829028        0.529811
    1055        0.000100        0.827882        0.529683
    1056        0.000100        0.829878        0.529846
    1057        0.000100        0.828865        0.529738
    1058        0.000100        0.830759        0.529888
    1059        0.000100        0.829821        0.529790
    1060        0.000100        0.831663        0.529932
    1061        0.000100        0.830751        0.529836
    1062        0.000100        0.832585        0.529980
    1063        0.000100        0.831648        0.529878
    1064        0.000100        0.833557        0.530032
    1065        0.000100        0.832510        0.529918
    1066        0.000100        0.834558        0.530091
    1067        0.000100        0.833314        0.529955
    1068        0.000100        0.835623        0.530155
    1069        0.000100        0.834066        0.529986
    1070        0.000100        0.836747        0.530224
    1071        0.000100        0.834769        0.530014
    1072        0.000100        0.837902        0.530297
    1073        0.000100        0.835467        0.530040
    1074        0.000100        0.839011        0.530367
    1075        0.000100        0.836265        0.530075
    1076        0.000100        0.839960        0.530423
    1077        0.000100        0.837240        0.530129
    1078        0.000100        0.840687        0.530456
    1079        0.000100        0.838380        0.530200
    1080        0.000100        0.841270        0.530478
    1081        0.000100        0.839553        0.530271
    1082        0.000100        0.841914        0.530508
    1083        0.000100        0.840637        0.530327
    1084        0.000100        0.842692        0.530554
    1085        0.000100        0.841552        0.530367
    1086        0.000100        0.843633        0.530615
    1087        0.000100        0.842366        0.530408
    1088        0.000100        0.844654        0.530667
    1089        0.000100        0.843207        0.530472
    1090        0.000100        0.845537        0.530685
    1091        0.000100        0.844291        0.530581
    1092        0.000100        0.846124        0.530672
    1093        0.000100        0.845616        0.530701
    1094        0.000100        0.846642        0.530691
    1095        0.000100        0.846721        0.530734
    1096        0.000100        0.847688        0.530844
    1097        0.000100        0.847033        0.530640
    1098        0.000100        0.849687        0.531134
    1099        0.000100        0.846647        0.530507
    1100        0.000100        0.851714        0.531285
    1101        0.000100        0.847030        0.530554
    1102        0.000100        0.852357        0.531194
    1103        0.000100        0.848356        0.530813
    1104        0.000100        0.852532        0.531065
    1105        0.000100        0.850737        0.531283
    1106        0.000100        0.851710        0.530923
    1107        0.000100        0.853640        0.531690
    1108        0.000100        0.851199        0.530918
    1109        0.000100        0.855377        0.531640
    1110        0.000100        0.850670        0.530963
    1111        0.000100        0.856675        0.531503
    1112        0.000100        0.851022        0.531018
    1113        0.000100        0.857019        0.531412
    1114        0.000100        0.852241        0.531101
    1115        0.000100        0.856962        0.531368
    1116        0.000100        0.853661        0.531191
    1117        0.000100        0.856952        0.531356
    1118        0.000100        0.854992        0.531284
    1119        0.000100        0.857088        0.531355
    1120        0.000100        0.856230        0.531377
    1121        0.000100        0.857282        0.531362
    1122        0.000100        0.857488        0.531475
    1123        0.000100        0.857398        0.531352
    1124        0.000100        0.858918        0.531601
    1125        0.000100        0.857304        0.531312
    1126        0.000100        0.860570        0.531749
    1127        0.000100        0.857112        0.531268
    1128        0.000100        0.862068        0.531874
    1129        0.000100        0.857490        0.531283
    1130        0.000100        0.862537        0.531903
    1131        0.000100        0.858870        0.531402
    1132        0.000100        0.862274        0.531852
    1133        0.000100        0.860474        0.531547
    1134        0.000100        0.862169        0.531818
    1135        0.000100        0.861799        0.531667
    1136        0.000100        0.862401        0.531813
    1137        0.000100        0.862838        0.531753
    1138        0.000100        0.862871        0.531839
    1139        0.000100        0.863697        0.531820
    1140        0.000100        0.863488        0.531885
    1141        0.000100        0.864454        0.531870
    1142        0.000100        0.864188        0.531941
    1143        0.000100        0.865139        0.531913
    1144        0.000100        0.864943        0.532004
    1145        0.000100        0.865769        0.531954
    1146        0.000100        0.865753        0.532068
    1147        0.000100        0.866342        0.531988
    1148        0.000100        0.866609        0.532137
    1149        0.000100        0.866871        0.532022
    1150        0.000100        0.867496        0.532201
    1151        0.000100        0.867388        0.532062
    1152        0.000100        0.868388        0.532262
    1153        0.000100        0.867908        0.532107
    1154        0.000100        0.869263        0.532323
    1155        0.000100        0.868442        0.532154
    1156        0.000100        0.870122        0.532397
    1157        0.000100        0.868971        0.532181
    1158        0.000100        0.871017        0.532497
    1159        0.000100        0.869431        0.532178
    1160        0.000100        0.871985        0.532619
    1161        0.000100        0.869826        0.532171
    1162        0.000100        0.872937        0.532717
    1163        0.000100        0.870337        0.532231
    1164        0.000100        0.873600        0.532714
    1165        0.000100        0.871297        0.532414
    1166        0.000100        0.873689        0.532623
    1167        0.000100        0.872841        0.532625
    1168        0.000100        0.873374        0.532603
    1169        0.000100        0.874333        0.532627
    1170        0.000100        0.873701        0.532890
    1171        0.000100        0.874772        0.532472
    1172        0.000100        0.875566        0.533390
    1173        0.000100        0.874187        0.532361
    1174        0.000100        0.877839        0.533545
    1175        0.000100        0.873385        0.532436
    1176        0.000100        0.879365        0.533538
    1177        0.000100        0.873625        0.532528
    1178        0.000100        0.879874        0.533437
    1179        0.000100        0.874481        0.532626
    1180        0.000100        0.879945        0.533334
    1181        0.000100        0.875608        0.532742
    1182        0.000100        0.879991        0.533273
    1183        0.000100        0.876708        0.532855
    1184        0.000100        0.880172        0.533260
    1185        0.000100        0.877689        0.532955
    1186        0.000100        0.880486        0.533272
    1187        0.000100        0.878563        0.533043
    1188        0.000100        0.880888        0.533298
    1189        0.000100        0.879367        0.533130
    1190        0.000100        0.881329        0.533320
    1191        0.000100        0.880128        0.533216
    1192        0.000100        0.881842        0.533357
    1193        0.000100        0.880841        0.533283
    1194        0.000100        0.882415        0.533406
    1195        0.000100        0.881469        0.533339
    1196        0.000100        0.883040        0.533465
    1197        0.000100        0.882092        0.533393
    1198        0.000100        0.883671        0.533520
    1199        0.000100        0.882715        0.533447
    1200        0.000100        0.884327        0.533584
    1201        0.000100        0.883279        0.533490
    1202        0.000050        0.885048        0.533660
    1203        0.000050        0.887507        0.535327
    1204        0.000050        0.882061        0.534976
    1205        0.000050        0.882283        0.534971
    1206        0.000050        0.880680        0.534968
    1207        0.000050        0.880392        0.535000
    1208        0.000050        0.879719        0.535009
    1209        0.000050        0.879479        0.535035
    1210        0.000050        0.879176        0.535052
    1211        0.000050        0.879044        0.535071
    1212        0.000050        0.878967        0.535094
    1213        0.000050        0.878942        0.535116
    1214        0.000050        0.878973        0.535137
    1215        0.000050        0.879069        0.535160
    1216        0.000050        0.879167        0.535180
    1217        0.000050        0.879343        0.535205
    1218        0.000050        0.879499        0.535226
    1219        0.000050        0.879710        0.535250
    1220        0.000050        0.879944        0.535273
    1221        0.000050        0.880177        0.535296
    1222        0.000050        0.880442        0.535320
    1223        0.000050        0.880711        0.535342
    1224        0.000050        0.881027        0.535368
    1225        0.000050        0.881308        0.535392
    1226        0.000050        0.881629        0.535415
    1227        0.000050        0.881964        0.535441
    1228        0.000050        0.882286        0.535464
    1229        0.000050        0.882630        0.535488
    1230        0.000050        0.882999        0.535514
    1231        0.000050        0.883333        0.535536
    1232        0.000050        0.883717        0.535563
    1233        0.000050        0.884064        0.535586
    1234        0.000050        0.884486        0.535614
    1235        0.000050        0.884822        0.535636
    1236        0.000050        0.885243        0.535661
    1237        0.000050        0.885635        0.535688
    1238        0.000050        0.886030        0.535714
    1239        0.000050        0.886432        0.535738
    1240        0.000050        0.886834        0.535761
    1241        0.000050        0.887281        0.535789
    1242        0.000050        0.887658        0.535812
    1243        0.000050        0.888121        0.535840
    1244        0.000050        0.888503        0.535862
    1245        0.000050        0.889007        0.535892
    1246        0.000050        0.889359        0.535913
    1247        0.000050        0.889878        0.535944
    1248        0.000050        0.890229        0.535962
    1249        0.000050        0.890804        0.535996
    1250        0.000050        0.891108        0.536012
    1251        0.000050        0.891722        0.536049
    1252        0.000050        0.891990        0.536059
    1253        0.000050        0.892700        0.536104
    1254        0.000050        0.892859        0.536108
    1255        0.000050        0.893687        0.536160
    1256        0.000050        0.893708        0.536152
    1257        0.000050        0.894741        0.536219
    1258        0.000050        0.894539        0.536193
    1259        0.000050        0.895907        0.536287
    1260        0.000050        0.895223        0.536220
    1261        0.000050        0.897263        0.536375
    1262        0.000050        0.895738        0.536225
    1263        0.000050        0.898836        0.536486
    1264        0.000050        0.896154        0.536217
    1265        0.000050        0.900209        0.536575
    1266        0.000050        0.897198        0.536273
    1267        0.000050        0.900784        0.536581
    1268        0.000050        0.898891        0.536395
    1269        0.000050        0.901057        0.536560
    1270        0.000050        0.900514        0.536506
    1271        0.000050        0.901586        0.536572
    1272        0.000050        0.901914        0.536575
    1273        0.000050        0.902346        0.536627
    1274        0.000050        0.903070        0.536613
    1275        0.000050        0.903245        0.536697
    1276        0.000050        0.904129        0.536655
    1277        0.000050        0.904183        0.536737
    1278        0.000050        0.905247        0.536748
    1279        0.000050        0.904906        0.536722
    1280        0.000050        0.906567        0.536886
    1281        0.000050        0.905422        0.536699
    1282        0.000050        0.907902        0.536957
    1283        0.000050        0.906020        0.536784
    1284        0.000050        0.908838        0.536926
    1285        0.000050        0.906900        0.536936
    1286        0.000050        0.909386        0.536855
    1287        0.000050        0.908231        0.537172
    1288        0.000050        0.909644        0.536812
    1289        0.000050        0.909636        0.537301
    1290        0.000050        0.909952        0.536862
    1291        0.000050        0.910878        0.537293
    1292        0.000050        0.910310        0.536906
    1293        0.000050        0.912091        0.537285
    1294        0.000050        0.910778        0.536961
    1295        0.000050        0.913280        0.537313
    1296        0.000050        0.911409        0.537021
    1297        0.000050        0.914279        0.537342
    1298        0.000050        0.912272        0.537089
    1299        0.000050        0.915080        0.537363
    1300        0.000050        0.913316        0.537162
    1301        0.000050        0.915803        0.537382
    1302        0.000050        0.914433        0.537238
    1303        0.000050        0.916499        0.537406
    1304        0.000050        0.915539        0.537307
    1305        0.000050        0.917262        0.537437
    1306        0.000050        0.916610        0.537370
    1307        0.000050        0.918086        0.537472
    1308        0.000050        0.917687        0.537429
    1309        0.000050        0.918949        0.537513
    1310        0.000050        0.918694        0.537482
    1311        0.000050        0.919862        0.537557
    1312        0.000050        0.919709        0.537536
    1313        0.000050        0.920810        0.537602
    1314        0.000050        0.920714        0.537589
    1315        0.000050        0.921776        0.537647
    1316        0.000050        0.921753        0.537642
    1317        0.000050        0.922751        0.537694
    1318        0.000050        0.922746        0.537692
    1319        0.000050        0.923758        0.537744
    1320        0.000050        0.923735        0.537741
    1321        0.000050        0.924797        0.537800
    1322        0.000050        0.924708        0.537784
    1323        0.000050        0.925863        0.537860
    1324        0.000050        0.925660        0.537823
    1325        0.000050        0.926995        0.537923
    1326        0.000050        0.926571        0.537859
    1327        0.000050        0.928070        0.537988
    1328        0.000050        0.927491        0.537893
    1329        0.000050        0.929092        0.538050
    1330        0.000050        0.928472        0.537930
    1331        0.000050        0.929983        0.538106
    1332        0.000050        0.929550        0.537977
    1333        0.000050        0.930685        0.538149
    1334        0.000050        0.930701        0.538031
    1335        0.000050        0.931286        0.538184
    1336        0.000050        0.931837        0.538094
    1337        0.000050        0.931822        0.538213
    1338        0.000050        0.932867        0.538155
    1339        0.000050        0.932447        0.538241
    1340        0.000050        0.933753        0.538215
    1341        0.000050        0.933182        0.538272
    1342        0.000050        0.934512        0.538269
    1343        0.000050        0.934018        0.538310
    1344        0.000050        0.935207        0.538313
    1345        0.000050        0.934923        0.538364
    1346        0.000050        0.935830        0.538339
    1347        0.000050        0.935926        0.538431
    1348        0.000050        0.936424        0.538366
    1349        0.000050        0.936905        0.538481
    1350        0.000050        0.937093        0.538428
    1351        0.000050        0.937752        0.538484
    1352        0.000050        0.937988        0.538542
    1353        0.000050        0.938418        0.538468
    1354        0.000050        0.938935        0.538597
    1355        0.000050        0.939277        0.538578
    1356        0.000050        0.939517        0.538510
    1357        0.000050        0.940677        0.538845
    1358        0.000050        0.939687        0.538394
    1359        0.000050        0.942191        0.539023
    1360        0.000050        0.940062        0.538438
    1361        0.000050        0.943391        0.539034
    1362        0.000050        0.940655        0.538492
    1363        0.000050        0.944325        0.539011
    1364        0.000050        0.941549        0.538576
    1365        0.000050        0.944977        0.538981
    1366        0.000050        0.942616        0.538680
    1367        0.000050        0.945602        0.538972
    1368        0.000050        0.943679        0.538769
    1369        0.000050        0.946289        0.538983
    1370        0.000050        0.944674        0.538843
    1371        0.000050        0.947038        0.539005
    1372        0.000050        0.945619        0.538908
    1373        0.000050        0.947840        0.539037
    1374        0.000050        0.946511        0.538967
    1375        0.000050        0.948677        0.539075
    1376        0.000050        0.947375        0.539021
    1377        0.000050        0.949536        0.539116
    1378        0.000050        0.948211        0.539072
    1379        0.000050        0.950404        0.539160
    1380        0.000050        0.949015        0.539121
    1381        0.000050        0.951277        0.539206
    1382        0.000050        0.949793        0.539166
    1383        0.000050        0.952155        0.539252
    1384        0.000050        0.950551        0.539209
    1385        0.000050        0.953040        0.539303
    1386        0.000050        0.951281        0.539250
    1387        0.000050        0.953932        0.539355
    1388        0.000050        0.951984        0.539286
    1389        0.000050        0.954855        0.539414
    1390        0.000050        0.952643        0.539317
    1391        0.000050        0.955807        0.539476
    1392        0.000050        0.953266        0.539346
    1393        0.000050        0.956780        0.539539
    1394        0.000050        0.953883        0.539373
    1395        0.000050        0.957732        0.539600
    1396        0.000050        0.954579        0.539409
    1397        0.000050        0.958550        0.539649
    1398        0.000050        0.955436        0.539457
    1399        0.000050        0.959200        0.539684
    1400        0.000050        0.956443        0.539521
    1401        0.000050        0.959761        0.539711
    1402        0.000050        0.957491        0.539585
    1403        0.000050        0.960334        0.539739
    1404        0.000050        0.958509        0.539645
    1405        0.000050        0.960981        0.539776
    1406        0.000050        0.959463        0.539699
    1407        0.000050        0.961704        0.539817
    1408        0.000050        0.960364        0.539749
    1409        0.000050        0.962485        0.539861
    1410        0.000050        0.961229        0.539801
    1411        0.000050        0.963294        0.539900
    1412        0.000050        0.962082        0.539860
    1413        0.000050        0.964082        0.539929
    1414        0.000050        0.962959        0.539927
    1415        0.000050        0.964865        0.539962
    1416        0.000050        0.963824        0.539972
    1417        0.000050        0.965724        0.540030
    1418        0.000050        0.964559        0.539977
    1419        0.000050        0.966778        0.540140
    1420        0.000050        0.965101        0.539960
    1421        0.000050        0.967954        0.540223
    1422        0.000050        0.965644        0.540020
    1423        0.000050        0.968925        0.540196
    1424        0.000050        0.966567        0.540211
    1425        0.000050        0.969472        0.540104
    1426        0.000050        0.967731        0.540370
    1427        0.000050        0.970058        0.540147
    1428        0.000050        0.968792        0.540420
    1429        0.000050        0.970665        0.540209
    1430        0.000050        0.969862        0.540447
    1431        0.000050        0.971265        0.540263
    1432        0.000050        0.970874        0.540428
    1433        0.000050        0.971954        0.540341
    1434        0.000050        0.971810        0.540423
    1435        0.000050        0.972727        0.540422
    1436        0.000050        0.972696        0.540435
    1437        0.000050        0.973521        0.540494
    1438        0.000050        0.973539        0.540458
    1439        0.000050        0.974291        0.540556
    1440        0.000050        0.974368        0.540488
    1441        0.000050        0.975017        0.540611
    1442        0.000050        0.975188        0.540524
    1443        0.000050        0.975675        0.540658
    1444        0.000050        0.975997        0.540566
    1445        0.000050        0.976310        0.540699
    1446        0.000050        0.976784        0.540615
    1447        0.000050        0.976957        0.540736
    1448        0.000050        0.977522        0.540667
    1449        0.000050        0.977629        0.540769
    1450        0.000050        0.978215        0.540718
    1451        0.000050        0.978333        0.540804
    1452        0.000050        0.978877        0.540768
    1453        0.000050        0.979057        0.540841
    1454        0.000050        0.979538        0.540816
    1455        0.000050        0.979793        0.540879
    1456        0.000050        0.980193        0.540863
    1457        0.000050        0.980532        0.540919
    1458        0.000050        0.980858        0.540908
    1459        0.000050        0.981285        0.540963
    1460        0.000050        0.981523        0.540950
    1461        0.000050        0.982048        0.541008
    1462        0.000050        0.982180        0.540990
    1463        0.000050        0.982822        0.541056
    1464        0.000050        0.982830        0.541027
    1465        0.000050        0.983615        0.541106
    1466        0.000050        0.983470        0.541062
    1467        0.000050        0.984428        0.541160
    1468        0.000050        0.984099        0.541094
    1469        0.000050        0.985248        0.541213
    1470        0.000050        0.984729        0.541126
    1471        0.000050        0.986062        0.541268
    1472        0.000050        0.985380        0.541161
    1473        0.000050        0.986841        0.541319
    1474        0.000050        0.986082        0.541202
    1475        0.000050        0.987553        0.541362
    1476        0.000050        0.986848        0.541249
    1477        0.000050        0.988202        0.541399
    1478        0.000050        0.987676        0.541303
    1479        0.000050        0.988806        0.541434
    1480        0.000050        0.988534        0.541353
    1481        0.000050        0.989399        0.541474
    1482        0.000050        0.989364        0.541397
    1483        0.000050        0.990023        0.541521
    1484        0.000050        0.990139        0.541435
    1485        0.000050        0.990703        0.541571
    1486        0.000050        0.990877        0.541482
    1487        0.000050        0.991367        0.541599
    1488        0.000050        0.991670        0.541557
    1489        0.000050        0.991929        0.541600
    1490        0.000050        0.992574        0.541647
    1491        0.000050        0.992427        0.541622
    1492        0.000050        0.993376        0.541666
    1493        0.000050        0.993181        0.541752
    1494        0.000050        0.993764        0.541578
    1495        0.000050        0.994392        0.541946
    1496        0.000050        0.993930        0.541536
    1497        0.000050        0.995453        0.541996
    1498        0.000050        0.994312        0.541593
    1499        0.000050        0.996480        0.542080
    1500        0.000050        0.994715        0.541612
    1501        0.000050        0.997558        0.542193
    1502        0.000050        0.995136        0.541642
    1503        0.000025        0.998449        0.542195
    1504        0.000025        0.996699        0.541229
    1505        0.000025        0.997693        0.540910
    1506        0.000025        0.997537        0.540823
    1507        0.000025        0.997984        0.540810
    1508        0.000025        0.998400        0.540813
    1509        0.000025        0.998919        0.540823
    1510        0.000025        0.999447        0.540834
    1511        0.000025        0.999993        0.540850
    1512        0.000025        1.000531        0.540863
    1513        0.000025        1.001066        0.540880
    1514        0.000025        1.001583        0.540896
    1515        0.000025        1.002095        0.540913
    1516        0.000025        1.002586        0.540931
    1517        0.000025        1.003058        0.540948
    1518        0.000025        1.003521        0.540967
    1519        0.000025        1.003957        0.540984
    1520        0.000025        1.004381        0.541001
    1521        0.000025        1.004785        0.541018
    1522        0.000025        1.005173        0.541036
    1523        0.000025        1.005543        0.541053
    1524        0.000025        1.005894        0.541069
    1525        0.000025        1.006233        0.541086
    1526        0.000025        1.006552        0.541102
    1527        0.000025        1.006861        0.541118
    1528        0.000025        1.007155        0.541134
    1529        0.000025        1.007437        0.541149
    1530        0.000025        1.007704        0.541165
    1531        0.000025        1.007958        0.541180
    1532        0.000025        1.008203        0.541195
    1533        0.000025        1.008433        0.541210
    1534        0.000025        1.008660        0.541224
    1535        0.000025        1.008869        0.541239
    1536        0.000025        1.009073        0.541253
    1537        0.000025        1.009267        0.541267
    1538        0.000025        1.009454        0.541280
    1539        0.000025        1.009632        0.541293
    1540        0.000025        1.009798        0.541307
    1541        0.000025        1.009961        0.541319
    1542        0.000025        1.010115        0.541333
    1543        0.000025        1.010267        0.541346
    1544        0.000025        1.010409        0.541358
    1545        0.000025        1.010549        0.541371
    1546        0.000025        1.010681        0.541383
    1547        0.000025        1.010810        0.541396
    1548        0.000025        1.010933        0.541407
    1549        0.000025        1.011057        0.541420
    1550        0.000025        1.011167        0.541431
    1551        0.000025        1.011279        0.541443
    1552        0.000025        1.011388        0.541455
    1553        0.000025        1.011489        0.541466
    1554        0.000025        1.011592        0.541478
    1555        0.000025        1.011687        0.541489
    1556        0.000025        1.011782        0.541500
    1557        0.000025        1.011869        0.541511
    1558        0.000025        1.011955        0.541522
    1559        0.000025        1.012040        0.541532
    1560        0.000025        1.012125        0.541544
    1561        0.000025        1.012207        0.541554
    1562        0.000025        1.012279        0.541564
    1563        0.000025        1.012362        0.541575
    1564        0.000025        1.012432        0.541585
    1565        0.000025        1.012505        0.541595
    1566        0.000025        1.012577        0.541606
    1567        0.000025        1.012646        0.541616
    1568        0.000025        1.012715        0.541626
    1569        0.000025        1.012788        0.541636
    1570        0.000025        1.012838        0.541647
    1571        0.000025        1.012918        0.541656
    1572        0.000025        1.012957        0.541667
    1573        0.000025        1.013060        0.541675
    1574        0.000025        1.013062        0.541689
    1575        0.000025        1.013221        0.541694
    1576        0.000025        1.013128        0.541709
    1577        0.000025        1.013409        0.541712
    1578        0.000025        1.013172        0.541730
    1579        0.000025        1.013604        0.541730
    1580        0.000025        1.013201        0.541751
    1581        0.000025        1.013823        0.541748
    1582        0.000025        1.013206        0.541771
    1583        0.000025        1.014067        0.541767
    1584        0.000025        1.013194        0.541792
